  -5.00000000      -3.12875509E-02
  -4.96000004      -3.22268941E-02
  -4.92000008      -3.31035629E-02
  -4.88000011      -3.39099281E-02
  -4.84000015      -3.46407667E-02
  -4.80000019      -3.52962837E-02
  -4.76000023      -3.58836800E-02
  -4.71999979      -3.64165902E-02
  -4.67999983      -3.69127020E-02
  -4.63999987      -3.73893864E-02
  -4.59999990      -3.78585756E-02
  -4.55999994      -3.83211449E-02
  -4.51999998      -3.87623385E-02
  -4.48000002      -3.91485356E-02
  -4.44000006      -3.94265577E-02
  -4.40000010      -3.95255238E-02
  -4.36000013      -3.93615402E-02
  -4.32000017      -3.88447903E-02
  -4.27999973      -3.78883779E-02
  -4.23999977      -3.64180245E-02
  -4.19999981      -3.43813635E-02
  -4.15999985      -3.17560136E-02
  -4.11999989      -2.85550728E-02
  -4.07999992      -2.48294342E-02
  -4.03999996      -2.06665341E-02
  -4.00000000      -1.61854699E-02
  -3.96000004      -1.15288980E-02
  -3.92000008      -6.85268361E-03
  -3.88000011      -2.31416849E-03
  -3.84000015       1.93943782E-03
  -3.79999995       5.78141911E-03
  -3.75999999       9.11365170E-03
  -3.72000003       1.18714310E-02
  -3.67999983       1.40247466E-02
  -3.63999987       1.55759882E-02
  -3.59999990       1.65544413E-02
  -3.55999994       1.70084331E-02
  -3.51999998       1.69961341E-02
  -3.48000002       1.65762976E-02
  -3.44000006       1.58001333E-02
  -3.40000010       1.47054195E-02
  -3.36000013       1.33136129E-02
  -3.32000017       1.16303945E-02
  -3.27999997       9.64942016E-03
  -3.24000001       7.35888258E-03
  -3.20000005       4.74958355E-03
  -3.15999985       1.82339130E-03
  -3.11999989      -1.39951264E-03
  -3.07999992      -4.87581640E-03
  -3.03999996      -8.53775721E-03
  -3.00000000      -1.22957304E-02
  -2.96000004      -1.60445664E-02
  -2.92000008      -1.96727384E-02
  -2.88000011      -2.30731256E-02
  -2.83999991      -2.61535943E-02
  -2.79999995      -2.88457889E-02
  -2.75999999      -3.11106462E-02
  -2.72000003      -3.29398289E-02
  -2.68000007      -3.43526639E-02
  -2.64000010      -3.53894345E-02
  -2.59999990      -3.61020006E-02
  -2.55999994      -3.65433022E-02
  -2.51999998      -3.67577597E-02
  -2.48000002      -3.67738791E-02
  -2.44000006      -3.66003811E-02
  -2.40000010      -3.62262912E-02
  -2.35999990      -3.56248468E-02
  -2.31999993      -3.47603597E-02
  -2.27999997      -3.35969217E-02
  -2.24000001      -3.21073271E-02
  -2.20000005      -3.02808043E-02
  -2.16000009      -2.81285401E-02
  -2.11999989      -2.56860331E-02
  -2.07999992      -2.30120588E-02
  -2.03999996      -2.01848131E-02
  -2.00000000      -1.72954332E-02
  -1.96000004      -1.44401742E-02
  -1.92000008      -1.17123080E-02
  -1.88000011      -9.19461809E-03
  -1.83999991      -6.95336284E-03
  -1.79999995      -5.03448630E-03
  -1.75999999      -3.46202706E-03
  -1.72000003      -2.23889877E-03
  -1.68000007      -1.34957605E-03
  -1.64000010      -7.64201686E-04
  -1.59999990      -4.43397497E-04
  -1.55999994      -3.43167456E-04
  -1.51999998      -4.19364980E-04
  -1.48000002      -6.31221279E-04
  -1.44000006      -9.43716150E-04
  -1.40000010      -1.32884097E-03
  -1.35999990      -1.76560658E-03
  -1.31999993      -2.23936094E-03
  -1.27999997      -2.74036266E-03
  -1.24000001      -3.26200132E-03
  -1.20000005      -3.79889854E-03
  -1.16000009      -4.34466917E-03
  -1.11999989      -4.88952128E-03
  -1.07999992      -5.41741587E-03
  -1.03999996      -5.90238115E-03
  -1.00000000      -6.30393159E-03
 -0.960000038      -6.56131236E-03
 -0.920000076      -6.58658240E-03
 -0.880000114      -6.25690911E-03
 -0.840000153      -5.40669635E-03
 -0.800000191      -3.82057019E-03
 -0.760000229      -1.22878212E-03
 -0.719999790       2.69340980E-03
 -0.679999828       8.32010433E-03
 -0.639999866       1.60612147E-02
 -0.599999905       2.63393484E-02
 -0.559999943       3.95564958E-02
 -0.519999981       5.60510121E-02
 -0.480000019       7.60474131E-02
 -0.440000057       9.96029824E-02
 -0.400000095      0.126557454    
 -0.360000134      0.156493112    
 -0.320000172      0.188713297    
 -0.280000210      0.222246438    
 -0.239999771      0.255880773    
 -0.199999809      0.288230956    
 -0.159999847      0.317833662    
 -0.119999886      0.343264312    
  -7.99999237E-02  0.363263071    
  -3.99999619E-02  0.376855075    
   0.00000000      0.383450091    
   3.99999619E-02  0.382906854    
   7.99999237E-02  0.375553399    
  0.119999886      0.362158746    
  0.159999847      0.343858808    
  0.199999809      0.322044760    
  0.239999771      0.298227727    
  0.280000210      0.273896545    
  0.320000172      0.250384897    
  0.360000134      0.228762895    
  0.400000095      0.209764317    
  0.440000057      0.193755031    
  0.480000019      0.180743158    
  0.519999981      0.170425966    
  0.559999943      0.162264898    
  0.599999905      0.155577660    
  0.639999866      0.149634495    
  0.679999828      0.143747792    
  0.719999790      0.137345254    
  0.760000229      0.130020037    
  0.800000191      0.121555366    
  0.840000153      0.111923397    
  0.880000114      0.101262480    
  0.920000076       8.98380578E-02
  0.960000038       7.79945627E-02
   1.00000000       6.61052540E-02
   1.03999996       5.45265637E-02
   1.07999992       4.35618684E-02
   1.11999989       3.34377140E-02
   1.15999985       2.42933650E-02
   1.19999981       1.61830932E-02
   1.23999977       9.08846781E-03
   1.28000021       2.93774577E-03
   1.32000017      -2.37142830E-03
   1.36000013      -6.94954861E-03
   1.40000010      -1.08957337E-02
   1.44000006      -1.42834932E-02
   1.48000002      -1.71526168E-02
   1.51999998      -1.95074473E-02
   1.55999994      -2.13206634E-02
   1.59999990      -2.25410890E-02
   1.63999987      -2.31035221E-02
   1.67999983      -2.29387544E-02
   1.71999979      -2.19816286E-02
   1.76000023      -2.01761201E-02
   1.80000019      -1.74765214E-02
   1.84000015      -1.38449632E-02
   1.88000011      -9.24635865E-03
   1.92000008      -3.64208571E-03
   1.96000004       3.01538454E-03
   2.00000000       1.07848169E-02
   2.03999996       1.97338592E-02
   2.07999992       2.99306326E-02
   2.11999989       4.14291471E-02
   2.15999985       5.42493612E-02
   2.19999981       6.83539435E-02
   2.23999977       8.36245939E-02
   2.28000021       9.98417214E-02
   2.32000017      0.116671324    
   2.36000013      0.133662239    
   2.40000010      0.150256306    
   2.44000006      0.165812463    
   2.48000002      0.179642901    
   2.51999998      0.191059291    
   2.55999994      0.199423939    
   2.59999990      0.204200149    
   2.63999987      0.204996645    
   2.67999983      0.201600701    
   2.71999979      0.193996251    
   2.76000023      0.182366192    
   2.80000019      0.167078838    
   2.84000015      0.148661375    
   2.88000011      0.127763957    
   2.92000008      0.105118968    
   2.96000004       8.14993978E-02
   3.00000000       5.76796122E-02
   3.03999996       3.44006568E-02
   3.07999992       1.23412739E-02
   3.11999989      -7.90563412E-03
   3.15999985      -2.58509852E-02
   3.19999981      -4.11226973E-02
   3.23999977      -5.34737706E-02
   3.27999973      -6.27853349E-02
   3.31999969      -6.90636635E-02
   3.35999966      -7.24309087E-02
   3.39999962      -7.31090829E-02
   3.43999958      -7.13978782E-02
   3.47999954      -6.76475391E-02
   3.52000046      -6.22294657E-02
   3.56000042      -5.55068888E-02
   3.60000038      -4.78094965E-02
   3.64000034      -3.94146107E-02
   3.68000031      -3.05374395E-02
   3.72000027      -2.13315692E-02
   3.76000023      -1.18992738E-02
   3.80000019      -2.31002853E-03
   3.84000015       7.37607339E-03
   3.88000011       1.70838479E-02
   3.92000008       2.67018974E-02
   3.96000004       3.60686518E-02
   4.00000000       4.49685529E-02
   4.03999996       5.31396307E-02
   4.07999992       6.02919571E-02
   4.11999989       6.61347061E-02
   4.15999985       7.04077855E-02
   4.19999981       7.29138553E-02
   4.23999977       7.35453293E-02
   4.27999973       7.23028705E-02
   4.31999969       6.93020523E-02
   4.35999966       6.47675470E-02
   4.39999962       5.90150952E-02
   4.43999958       5.24240471E-02
   4.47999954       4.54036817E-02
   4.52000046       3.83575261E-02
   4.56000042       3.16499397E-02
   4.60000038       2.55785994E-02
   4.64000034       2.03554090E-02
   4.68000031       1.60976890E-02
   4.72000027       1.28296651E-02
   4.76000023       1.04935355E-02
   4.80000019       8.96818563E-03
   4.84000015       8.09291750E-03
   4.88000011       7.69311748E-03
   4.92000008       7.60496827E-03
   4.96000004       7.69593194E-03
   5.00000000       7.87945371E-03
   5.03999996       8.12179223E-03
   5.07999992       8.44096765E-03
   5.11999989       8.89812689E-03
   5.15999985       9.58284177E-03
   5.19999981       1.05942339E-02
   5.23999977       1.20206922E-02
   5.27999973       1.39203854E-02
   5.31999969       1.63054504E-02
   5.35999966       1.91315189E-02
   5.39999962       2.22942308E-02
   5.43999958       2.56333146E-02
   5.47999954       2.89440267E-02
   5.52000046       3.19949277E-02
   5.56000042       3.45502421E-02
   5.60000038       3.63943167E-02
   5.64000034       3.73552665E-02
   5.68000031       3.73251513E-02
   5.72000027       3.62739190E-02
   5.76000023       3.42553854E-02
   5.80000019       3.14044133E-02
   5.84000015       2.79255174E-02
   5.88000011       2.40744539E-02
   5.92000008       2.01350171E-02
   5.96000004       1.63941029E-02
   6.00000000       1.31178992E-02
   6.03999996       1.05318557E-02
   6.07999992       8.80629849E-03
   6.11999989       8.04843195E-03
   6.15999985       8.30075890E-03
   6.19999981       9.54478886E-03
   6.23999977       1.17087774E-02
   6.27999973       1.46776354E-02
   6.31999969       1.83037128E-02
   6.35999966       2.24171039E-02
   6.39999962       2.68351659E-02
   6.43999958       3.13706659E-02
   6.47999954       3.58391777E-02
   6.52000046       4.00656052E-02
   6.56000042       4.38906141E-02
   6.60000038       4.71767858E-02
   6.64000034       4.98147868E-02
   6.68000031       5.17290421E-02
   6.72000027       5.28825559E-02
   6.76000023       5.32803014E-02
   6.80000019       5.29705286E-02
   6.84000015       5.20435162E-02
   6.88000011       5.06275371E-02
   6.92000008       4.88818698E-02
   6.96000004       4.69871014E-02
   7.00000000       4.51334603E-02
   7.03999996       4.35075276E-02
   7.07999992       4.22787480E-02
   7.11999989       4.15863879E-02
   7.15999985       4.15283479E-02
   7.19999981       4.21525501E-02
   7.23999977       4.34519313E-02
   7.27999973       4.53634933E-02
   7.31999969       4.77717072E-02
   7.35999966       5.05161770E-02
   7.39999962       5.34030609E-02
   7.43999958       5.62194288E-02
   7.47999954       5.87492585E-02
   7.52000046       6.07901029E-02
   7.56000042       6.21684119E-02
   7.60000038       6.27527237E-02
   7.64000034       6.24630563E-02
   7.68000031       6.12760596E-02
   7.72000027       5.92253432E-02
   7.76000023       5.63969687E-02
   7.80000019       5.29210605E-02
   7.84000015       4.89600673E-02
   7.88000011       4.46949750E-02
   7.92000008       4.03111354E-02
   7.96000004       3.59844044E-02
   8.00000000       3.18694524E-02
   8.03999996       2.80904360E-02
   8.07999992       2.47351769E-02
   8.11999989       2.18526907E-02
   8.15999985       1.94540825E-02
   8.19999981       1.75165255E-02
   8.23999977       1.59894750E-02
   8.27999973       1.48026105E-02
   8.31999969       1.38744032E-02
   8.35999966       1.31208384E-02
   8.39999962       1.24631366E-02
   8.43999958       1.18343523E-02
   8.47999954       1.11840786E-02
   8.52000046       1.04814591E-02
   8.56000042       9.71628167E-03
   8.60000038       8.89870245E-03
   8.64000034       8.05779826E-03
   8.68000031       7.23955547E-03
   8.72000027       6.50458736E-03
   8.76000023       5.92604792E-03
   8.80000019       5.58763556E-03
   8.84000015       5.58171561E-03
   8.88000011       6.00712188E-03
   8.92000008       6.96603348E-03
   8.96000004       8.55945144E-03
   9.00000000       1.08807068E-02
   9.03999996       1.40067721E-02
   9.07999992       1.79877505E-02
   9.11999989       2.28351336E-02
   9.15999985       2.85102855E-02
   9.19999981       3.49148922E-02
   9.23999977       4.18853946E-02
   9.27999973       4.91931066E-02
   9.31999969       5.65515570E-02
   9.35999966       6.36313558E-02
   9.39999962       7.00820908E-02
   9.43999958       7.55593255E-02
   9.47999954       7.97540322E-02
   9.52000046       8.24208260E-02
   9.56000042       8.34015161E-02
   9.60000038       8.26407596E-02
   9.64000034       8.01915303E-02
   9.68000031       7.62096420E-02
   9.72000027       7.09380805E-02
   9.76000023       6.46829307E-02
   9.80000019       5.77843785E-02
   9.84000015       5.05863875E-02
   9.88000011       4.34085354E-02
   9.92000008       3.65235247E-02
   9.96000004       3.01420987E-02
   10.0000000       2.44065113E-02
   10.0400000       1.93922836E-02
   10.0799999       1.51167186E-02
   10.1199999       1.15523906E-02
   10.1599998       8.64283368E-03
   10.1999998       6.31859479E-03
   10.2399998       4.51093912E-03
   10.2799997       3.16264620E-03
   10.3199997       2.23420956E-03
   10.3599997       1.70636049E-03
   10.3999996       1.57840026E-03
   10.4399996       1.86408171E-03
   10.4799995       2.58526602E-03
   10.5200005       3.76483588E-03
   10.5600004       5.41961938E-03
   10.6000004       7.55373947E-03
   10.6400003       1.01532908E-02
   10.6800003       1.31820356E-02
   10.7200003       1.65789407E-02
   10.7600002       2.02572383E-02
   10.8000002       2.41054054E-02
   10.8400002       2.79902667E-02
   10.8800001       3.17622200E-02
   10.9200001       3.52625288E-02
   10.9600000       3.83327082E-02
   11.0000000       4.08249721E-02
   11.0400009       4.26134169E-02
   11.0799999       4.36045378E-02
   11.1200008       4.37458344E-02
   11.1599998       4.30317484E-02
   11.2000008       4.15052325E-02
   11.2399998       3.92551497E-02
   11.2800007       3.64087485E-02
   11.3199997       3.31200734E-02
   11.3600006       2.95550730E-02
   11.3999996       2.58749463E-02
   11.4400005       2.22194251E-02
   11.4799995       1.86918769E-02
   11.5200005       1.53479241E-02
   11.5599995       1.21890856E-02
   11.6000004       9.16247535E-03
   11.6399994       6.16695685E-03
   11.6800003       3.06545710E-03
   11.7199993      -2.97402090E-04
   11.7600002      -4.07397607E-03
   11.7999992      -8.39067437E-03
   11.8400002      -1.33259026E-02
   11.8799992      -1.88913606E-02
   11.9200001      -2.50193216E-02
   11.9599991      -3.15576307E-02
   12.0000000      -3.82738486E-02
   12.0400009      -4.48687114E-02
   12.0799999      -5.09982333E-02
   12.1200008      -5.63022420E-02
   12.1599998      -6.04368895E-02
   12.2000008      -6.31071627E-02
   12.2399998      -6.40961006E-02
   12.2800007      -6.32869750E-02
   12.3199997      -6.06760047E-02
   12.3600006      -5.63739911E-02
   12.3999996      -5.05967923E-02
   12.4400005      -4.36459333E-02
   12.4799995      -3.58818136E-02
   12.5200005      -2.76926737E-02
   12.5599995      -1.94630399E-02
   12.6000004      -1.15447314E-02
   12.6399994      -4.23338544E-03
   12.6800003       2.24787486E-03
   12.7199993       7.75686419E-03
   12.7600002       1.22330179E-02
   12.7999992       1.56915709E-02
   12.8400002       1.82124227E-02
   12.8799992       1.99259110E-02
   12.9200001       2.09968351E-02
   12.9599991       2.16086023E-02
   13.0000000       2.19483096E-02
   13.0400009       2.21939906E-02
   13.0799999       2.25041956E-02
   13.1200008       2.30102632E-02
   13.1599998       2.38111336E-02
   13.2000008       2.49706209E-02
   13.2399998       2.65165884E-02
   13.2800007       2.84418706E-02
   13.3199997       3.07065006E-02
   13.3600006       3.32407989E-02
   13.3999996       3.59493457E-02
   13.4400005       3.87155488E-02
   13.4799995       4.14068848E-02
   13.5200005       4.38808538E-02
   13.5599995       4.59917299E-02
   13.6000004       4.75981496E-02
   13.6399994       4.85713258E-02
   13.6800003       4.88038026E-02
   13.7199993       4.82180789E-02
   13.7600002       4.67749089E-02
   13.7999992       4.44802083E-02
   13.8400002       4.13904451E-02
   13.8799992       3.76154929E-02
   13.9200001       3.33187729E-02
   13.9599991       2.87141521E-02
   14.0000000       2.40593776E-02
   14.0400009       1.96458679E-02
   14.0799999       1.57850254E-02
   14.1200008       1.27909631E-02
   14.1599998       1.09604197E-02
   14.2000008       1.05506033E-02
   14.2399998       1.17561379E-02
   14.2800007       1.46871209E-02
   14.3199997       1.93503927E-02
   14.3600006       2.56362874E-02
   14.3999996       3.33137326E-02
   14.4400005       4.20350209E-02
   14.4799995       5.13519011E-02
   14.5200005       6.07426837E-02
   14.5599995       6.96487650E-02
   14.6000004       7.75179192E-02
   14.6399994       8.38498175E-02
   14.6800003       8.82391259E-02
   14.7199993       9.04113501E-02
   14.7600002       9.02466476E-02
   14.7999992       8.77890140E-02
   14.8400002       8.32392946E-02
   14.8799992       7.69330934E-02
   14.9200001       6.93059638E-02
   14.9599991       6.08502738E-02
   15.0000000       5.20689264E-02
   15.0400009       4.34308834E-02
   15.0799999       3.53337303E-02
   15.1200008       2.80764662E-02
   15.1599998       2.18449626E-02
   15.2000008       1.67104714E-02
   15.2399998       1.26401028E-02
   15.2800007       9.51705128E-03
   15.3199997       7.16717215E-03
   15.3600006       5.38852159E-03
   15.3999996       3.97990644E-03
   15.4400005       2.76563014E-03
   15.4799995       1.61364698E-03
   15.5200005       4.45907615E-04
   15.5599995      -7.59667368E-04
   15.6000004      -1.97493308E-03
   15.6399994      -3.13351606E-03
   15.6800003      -4.14679199E-03
   15.7199993      -4.92159324E-03
   15.7600002      -5.37680369E-03
   15.7999992      -5.45706507E-03
   15.8400002      -5.14140725E-03
   15.8799992      -4.44665458E-03
   15.9200001      -3.42496834E-03
   15.9599991      -2.15673796E-03
   16.0000000      -7.40068092E-04
   16.0400009       7.21381861E-04
   16.0799999       2.13017571E-03
   16.1200008       3.40492022E-03
   16.1599998       4.48692078E-03
   16.2000008       5.34285558E-03
   16.2399998       5.96355041E-03
   16.2800007       6.35939976E-03
   16.3199997       6.55339286E-03
   16.3600006       6.57299533E-03
   16.3999996       6.44229306E-03
   16.4400005       6.17544027E-03
   16.4799995       5.77252451E-03
   16.5200005       5.21819061E-03
   16.5599995       4.48327139E-03
   16.6000004       3.52914189E-03
   16.6399994       2.31412426E-03
   16.6800003       8.01088230E-04
   16.7199993      -1.03483163E-03
   16.7600002      -3.19938315E-03
   16.7999992      -5.67431049E-03
   16.8400002      -8.41507874E-03
   16.8799992      -1.13516571E-02
   16.9200001      -1.43923257E-02
   16.9599991      -1.74302142E-02
   17.0000000      -2.03517098E-02
   17.0400009      -2.30458081E-02
   17.0799999      -2.54132077E-02
   17.1200008      -2.73740701E-02
   17.1599998      -2.88736261E-02
   17.2000008      -2.98850480E-02
   17.2399998      -3.04093193E-02
   17.2800007      -3.04727089E-02
   17.3199997      -3.01220343E-02
   17.3600006      -2.94189211E-02
   17.3999996      -2.84337997E-02
   17.4400005      -2.72404328E-02
   17.4799995      -2.59117465E-02
   17.5200005      -2.45172046E-02
   17.5599995      -2.31215712E-02
   17.6000004      -2.17851084E-02
   17.6399994      -2.05642730E-02
   17.6800003      -1.95126105E-02
   17.7199993      -1.86810307E-02
   17.7600002      -1.81171801E-02
   17.7999992      -1.78635046E-02
   17.8400002      -1.79544389E-02
   17.8799992      -1.84127185E-02
   17.9200001      -1.92458257E-02
   17.9599991      -2.04430446E-02
   18.0000000      -2.19740607E-02
   18.0400009      -2.37896685E-02
   18.0799999      -2.58248542E-02
   18.1200008      -2.80041788E-02
   18.1599998      -3.02491002E-02
   18.2000008      -3.24861258E-02
   18.2399998      -3.46548930E-02
   18.2800007      -3.67147513E-02
   18.3199997      -3.86488289E-02
   18.3600006      -4.04646546E-02
   18.3999996      -4.21909206E-02
   18.4400005      -4.38707583E-02
   18.4799995      -4.55519818E-02
   18.5200005      -4.72757891E-02
   18.5599995      -4.90655154E-02
   18.6000004      -5.09169288E-02
   18.6399994      -5.27920835E-02
   18.6800003      -5.46175092E-02
   18.7199993      -5.62875979E-02
   18.7600002      -5.76730184E-02
   18.7999992      -5.86331151E-02
   18.8400002      -5.90308569E-02
   18.8799992      -5.87483831E-02
   18.9200001      -5.77007197E-02
   18.9599991      -5.58460802E-02
   19.0000000      -5.31909503E-02
   19.0400009      -4.97894622E-02
   19.0799999      -4.57371138E-02
   19.1200008      -4.11597826E-02
   19.1599998      -3.61997187E-02
   19.2000008      -3.10006086E-02
   19.2399998      -2.56935433E-02
   19.2800007      -2.03860290E-02
   19.3199997      -1.51552362E-02
   19.3600006      -1.00461431E-02
   19.3999996      -5.07458439E-03
   19.4400005      -2.34491352E-04
   19.4799995       4.49201372E-03
   19.5200005       9.12310835E-03
   19.5599995       1.36663001E-02
   19.6000004       1.81094222E-02
   19.6399994       2.24152375E-02
   19.6800003       2.65203845E-02
   19.7199993       3.03391237E-02
   19.7600002       3.37714963E-02
   19.7999992       3.67150418E-02
   19.8400002       3.90782878E-02
   19.8799992       4.07941714E-02
   19.9200001       4.18313295E-02
   19.9599991       4.22012359E-02
   20.0000000       4.19600271E-02
