MODEL.01
 
ISOTROPIC
KGS
SPHERICAL EARTH
1-D
CONSTANT VELOCITY
LINE08
LINE09
LINE10
LINE11
      H(KM)   VP(KM/S)   VS(KM/S) RHO(GM/CC)     QP         QS       ETAP       ETAS      FREFP      FREFS    
     2.0000     5.8711     3.4562     2.6896  0.118E-02  0.167E-02   0.00       0.00       1.00       1.00    
     2.0000     5.8812     3.4615     2.6917  0.118E-02  0.167E-02   0.00       0.00       1.00       1.00    
     2.0000     5.8987     3.4708     2.6953  0.118E-02  0.167E-02   0.00       0.00       1.00       1.00    
     2.0000     5.9221     3.4831     2.7002  0.118E-02  0.167E-02   0.00       0.00       1.00       1.00    
     2.0000     5.9500     3.4978     2.7060  0.118E-02  0.167E-02   0.00       0.00       1.00       1.00    
     2.0000     5.9820     3.5145     2.7128  0.118E-02  0.167E-02   0.00       0.00       1.00       1.00    
     2.0000     6.0205     3.5347     2.7211  0.118E-02  0.167E-02   0.00       0.00       1.00       1.00    
     2.0000     6.0669     3.5589     2.7312  0.118E-02  0.167E-02   0.00       0.00       1.00       1.00    
     2.0000     6.1241     3.5886     2.7438  0.118E-02  0.167E-02   0.00       0.00       1.00       1.00    
     2.0000     6.1926     3.6240     2.7593  0.118E-02  0.167E-02   0.00       0.00       1.00       1.00    
     2.0000     6.3195     3.6892     2.7889  0.118E-02  0.167E-02   0.00       0.00       1.00       1.00    
     2.0000     6.4642     3.7630     2.8241  0.118E-02  0.167E-02   0.00       0.00       1.00       1.00    
     2.0000     6.6226     3.8434     2.8644  0.118E-02  0.167E-02   0.00       0.00       1.00       1.00    
     2.0000     6.7902     3.9280     2.9091  0.118E-02  0.167E-02   0.00       0.00       1.00       1.00    
     2.0000     6.9595     4.0134     2.9564  0.118E-02  0.167E-02   0.00       0.00       1.00       1.00    
     2.0000     7.1235     4.0963     3.0042  0.118E-02  0.167E-02   0.00       0.00       1.00       1.00    
     2.0000     7.2762     4.1738     3.0504  0.118E-02  0.167E-02   0.00       0.00       1.00       1.00    
     2.0000     7.4117     4.2430     3.0929  0.118E-02  0.167E-02   0.00       0.00       1.00       1.00    
     2.0000     7.5259     4.3017     3.1296  0.118E-02  0.167E-02   0.00       0.00       1.00       1.00    
     2.0000     7.6156     4.3482     3.1590  0.118E-02  0.167E-02   0.00       0.00       1.00       1.00    
     2.0000     7.6800     4.3818     3.1805  0.118E-02  0.167E-02   0.00       0.00       1.00       1.00    
     2.0000     7.7184     4.4019     3.1934  0.118E-02  0.167E-02   0.00       0.00       1.00       1.00    
     2.0000     7.7317     4.4089     3.1979  0.118E-02  0.167E-02   0.00       0.00       1.00       1.00    
     2.0000     7.7222     4.4039     3.1947  0.118E-02  0.167E-02   0.00       0.00       1.00       1.00    
     2.0000     7.6923     4.3882     3.1846  0.118E-02  0.167E-02   0.00       0.00       1.00       1.00    
     5.0000     7.6544     4.3684     3.1719  0.118E-02  0.167E-02   0.00       0.00       1.00       1.00    
     5.0000     7.6123     4.3464     3.1579  0.118E-02  0.167E-02   0.00       0.00       1.00       1.00    
     5.0000     7.5861     4.3328     3.1493  0.118E-02  0.167E-02   0.00       0.00       1.00       1.00    
     5.0000     7.5849     4.3322     3.1489  0.118E-02  0.167E-02   0.00       0.00       1.00       1.00    
     5.0000     7.6033     4.3418     3.1549  0.118E-02  0.167E-02   0.00       0.00       1.00       1.00    
     5.0000     7.6300     4.3557     3.1638  0.118E-02  0.167E-02   0.00       0.00       1.00       1.00    
     5.0000     7.6621     4.3724     3.1745  0.118E-02  0.167E-02   0.00       0.00       1.00       1.00    
     5.0000     7.6819     4.3828     3.1811  0.118E-02  0.167E-02   0.00       0.00       1.00       1.00    
     5.0000     7.6862     4.3850     3.1825  0.118E-02  0.167E-02   0.00       0.00       1.00       1.00    
     5.0000     7.6993     4.3919     3.1869  0.118E-02  0.167E-02   0.00       0.00       1.00       1.00    
    10.0000     7.7111     4.3981     3.1909  0.118E-02  0.167E-02   0.00       0.00       1.00       1.00    
    10.0000     7.7244     4.4051     3.1954  0.118E-02  0.167E-02   0.00       0.00       1.00       1.00    
    10.0000     7.7431     4.4149     3.2018  0.862E-02  0.131E-01   0.00       0.00       1.00       1.00    
    10.0000     7.7619     4.4249     3.2081  0.862E-02  0.131E-01   0.00       0.00       1.00       1.00    
    10.0000     7.7796     4.4342     3.2142  0.855E-02  0.131E-01   0.00       0.00       1.00       1.00    
    10.0000     7.8017     4.4459     3.2218  0.847E-02  0.131E-01   0.00       0.00       1.00       1.00    
    10.0000     7.8226     4.4570     3.2289  0.847E-02  0.131E-01   0.00       0.00       1.00       1.00    
    10.0000     7.8415     4.4671     3.2355  0.833E-02  0.130E-01   0.00       0.00       1.00       1.00    
    10.0000     7.8610     4.4775     3.2422  0.826E-02  0.129E-01   0.00       0.00       1.00       1.00    
    10.0000     7.8796     4.4875     3.2487  0.813E-02  0.128E-01   0.00       0.00       1.00       1.00    
    10.0000     7.8970     4.4968     3.2547  0.806E-02  0.126E-01   0.00       0.00       1.00       1.00    
    10.0000     7.9287     4.5139     3.2658  0.474E-02  0.746E-02   0.00       0.00       1.00       1.00    
    10.0000     7.9732     4.5380     3.2815  0.472E-02  0.741E-02   0.00       0.00       1.00       1.00    
    10.0000     8.0162     4.5615     3.2968  0.469E-02  0.741E-02   0.00       0.00       1.00       1.00    
    10.0000     8.0582     4.5845     3.3118  0.467E-02  0.735E-02   0.00       0.00       1.00       1.00    
    10.0000     8.0978     4.6065     3.3261  0.465E-02  0.735E-02   0.00       0.00       1.00       1.00    
    10.0000     8.1352     4.6273     3.3396  0.463E-02  0.730E-02   0.00       0.00       1.00       1.00    
    10.0000     8.1713     4.6476     3.3527  0.461E-02  0.730E-02   0.00       0.00       1.00       1.00    
    10.0000     8.2049     4.6667     3.3651  0.459E-02  0.725E-02   0.00       0.00       1.00       1.00    
    10.0000     8.2378     4.6854     3.3772  0.455E-02  0.725E-02   0.00       0.00       1.00       1.00    
    10.0000     8.2690     4.7033     3.3887  0.452E-02  0.719E-02   0.00       0.00       1.00       1.00    
    10.0000     8.2994     4.7209     3.4000  0.450E-02  0.714E-02   0.00       0.00       1.00       1.00    
    10.0000     8.3284     4.7378     3.4108  0.448E-02  0.714E-02   0.00       0.00       1.00       1.00    
    10.0000     8.3563     4.7542     3.4213  0.446E-02  0.709E-02   0.00       0.00       1.00       1.00    
    10.0000     8.3833     4.7702     3.4314  0.442E-02  0.704E-02   0.00       0.00       1.00       1.00    
    10.0000     8.4096     4.7859     3.4414  0.441E-02  0.704E-02   0.00       0.00       1.00       1.00    
    10.0000     8.4345     4.8008     3.4508  0.439E-02  0.699E-02   0.00       0.00       1.00       1.00    
    10.0000     8.4594     4.8159     3.4602  0.435E-02  0.694E-02   0.00       0.00       1.00       1.00    
    10.0000     8.4822     4.8298     3.4689  0.433E-02  0.690E-02   0.00       0.00       1.00       1.00    
    10.0000     8.5080     4.8442     3.4530  0.431E-02  0.690E-02   0.00       0.00       1.00       1.00    
    10.0000     8.5411     4.8615     3.4655  0.427E-02  0.685E-02   0.00       0.00       1.00       1.00    
    10.0000     8.9802     5.0911     3.6311  0.388E-02  0.613E-02   0.00       0.00       1.00       1.00    
    10.0000     9.0208     5.1123     3.6464  0.388E-02  0.613E-02   0.00       0.00       1.00       1.00    
    10.0000     9.0615     5.1336     3.6618  0.386E-02  0.610E-02   0.00       0.00       1.00       1.00    
    10.0000     9.1017     5.1546     3.6769  0.386E-02  0.610E-02   0.00       0.00       1.00       1.00    
    10.0000     9.1422     5.1758     3.6922  0.385E-02  0.606E-02   0.00       0.00       1.00       1.00    
    10.0000     9.1828     5.1970     3.7075  0.385E-02  0.606E-02   0.00       0.00       1.00       1.00    
    10.0000     9.2231     5.2181     3.7227  0.383E-02  0.606E-02   0.00       0.00       1.00       1.00    
    10.0000     9.2639     5.2394     3.7381  0.383E-02  0.602E-02   0.00       0.00       1.00       1.00    
    10.0000     9.3040     5.2604     3.7532  0.383E-02  0.602E-02   0.00       0.00       1.00       1.00    
    10.0000     9.3446     5.2816     3.7685  0.382E-02  0.599E-02   0.00       0.00       1.00       1.00    
    10.0000     9.3853     5.3029     3.7839  0.382E-02  0.599E-02   0.00       0.00       1.00       1.00    
    10.0000     9.4261     5.3242     3.7993  0.380E-02  0.599E-02   0.00       0.00       1.00       1.00    
    10.0000     9.4666     5.3454     3.8146  0.380E-02  0.595E-02   0.00       0.00       1.00       1.00    
    10.0000     9.5077     5.3669     3.8301  0.380E-02  0.595E-02   0.00       0.00       1.00       1.00    
    10.0000     9.5487     5.3883     3.8455  0.379E-02  0.592E-02   0.00       0.00       1.00       1.00    
    10.0000     9.5890     5.4094     3.8607  0.379E-02  0.592E-02   0.00       0.00       1.00       1.00    
     0.0000     9.6296     5.4306     3.8760  0.377E-02  0.592E-02   0.00       0.00       1.00       1.00    
