MODEL.01
 
ISOTROPIC
KGS
SPHERICAL EARTH
1-D
CONSTANT VELOCITY
LINE08
LINE09
LINE10
LINE11
      H(KM)   VP(KM/S)   VS(KM/S) RHO(GM/CC)     QP         QS       ETAP       ETAS      FREFP      FREFS    
     2.0000     5.7767     3.4061     2.6705  0.118E-02  0.167E-02   0.00       0.00       1.00       1.00    
     2.0000     5.7954     3.4160     2.6743  0.118E-02  0.167E-02   0.00       0.00       1.00       1.00    
     2.0000     5.8404     3.4399     2.6833  0.118E-02  0.167E-02   0.00       0.00       1.00       1.00    
     2.0000     5.9137     3.4787     2.6984  0.118E-02  0.167E-02   0.00       0.00       1.00       1.00    
     2.0000     6.0018     3.5249     2.7170  0.118E-02  0.167E-02   0.00       0.00       1.00       1.00    
     2.0000     6.0847     3.5681     2.7351  0.118E-02  0.167E-02   0.00       0.00       1.00       1.00    
     2.0000     6.1509     3.6024     2.7498  0.118E-02  0.167E-02   0.00       0.00       1.00       1.00    
     2.0000     6.1940     3.6247     2.7596  0.118E-02  0.167E-02   0.00       0.00       1.00       1.00    
     2.0000     6.2186     3.6374     2.7653  0.118E-02  0.167E-02   0.00       0.00       1.00       1.00    
     2.0000     6.2355     3.6461     2.7692  0.118E-02  0.167E-02   0.00       0.00       1.00       1.00    
     2.0000     6.2693     3.6635     2.7771  0.118E-02  0.167E-02   0.00       0.00       1.00       1.00    
     2.0000     6.3278     3.6934     2.7909  0.118E-02  0.167E-02   0.00       0.00       1.00       1.00    
     2.0000     6.4228     3.7419     2.8139  0.118E-02  0.167E-02   0.00       0.00       1.00       1.00    
     2.0000     6.5608     3.8120     2.8485  0.118E-02  0.167E-02   0.00       0.00       1.00       1.00    
     2.0000     6.7362     3.9008     2.8945  0.118E-02  0.167E-02   0.00       0.00       1.00       1.00    
     2.0000     6.9419     4.0046     2.9514  0.118E-02  0.167E-02   0.00       0.00       1.00       1.00    
     2.0000     7.1641     4.1169     3.0164  0.118E-02  0.167E-02   0.00       0.00       1.00       1.00    
     2.0000     7.3853     4.2294     3.0845  0.118E-02  0.167E-02   0.00       0.00       1.00       1.00    
     2.0000     7.5915     4.3356     3.1510  0.118E-02  0.167E-02   0.00       0.00       1.00       1.00    
     2.0000     7.7670     4.4275     3.2099  0.118E-02  0.167E-02   0.00       0.00       1.00       1.00    
     2.0000     7.9034     4.5002     3.2570  0.118E-02  0.167E-02   0.00       0.00       1.00       1.00    
     2.0000     7.9926     4.5485     3.2884  0.118E-02  0.167E-02   0.00       0.00       1.00       1.00    
     2.0000     8.0314     4.5698     3.3022  0.118E-02  0.167E-02   0.00       0.00       1.00       1.00    
     2.0000     8.0181     4.5625     3.2975  0.118E-02  0.167E-02   0.00       0.00       1.00       1.00    
     2.0000     7.9528     4.5270     3.2743  0.118E-02  0.167E-02   0.00       0.00       1.00       1.00    
     5.0000     7.8591     4.4765     3.2416  0.118E-02  0.167E-02   0.00       0.00       1.00       1.00    
     5.0000     7.7230     4.4044     3.1949  0.118E-02  0.167E-02   0.00       0.00       1.00       1.00    
     5.0000     7.6003     4.3402     3.1539  0.118E-02  0.167E-02   0.00       0.00       1.00       1.00    
     5.0000     7.5276     4.3026     3.1301  0.118E-02  0.167E-02   0.00       0.00       1.00       1.00    
     5.0000     7.5083     4.2926     3.1238  0.118E-02  0.167E-02   0.00       0.00       1.00       1.00    
     5.0000     7.5265     4.3020     3.1298  0.118E-02  0.167E-02   0.00       0.00       1.00       1.00    
     5.0000     7.5650     4.3219     3.1423  0.118E-02  0.167E-02   0.00       0.00       1.00       1.00    
     5.0000     7.5947     4.3373     3.1521  0.118E-02  0.167E-02   0.00       0.00       1.00       1.00    
     5.0000     7.6028     4.3415     3.1548  0.118E-02  0.167E-02   0.00       0.00       1.00       1.00    
     5.0000     7.6220     4.3515     3.1611  0.118E-02  0.167E-02   0.00       0.00       1.00       1.00    
    10.0000     7.6419     4.3619     3.1677  0.118E-02  0.167E-02   0.00       0.00       1.00       1.00    
    10.0000     7.6673     4.3751     3.1762  0.118E-02  0.167E-02   0.00       0.00       1.00       1.00    
    10.0000     7.7009     4.3927     3.1875  0.862E-02  0.131E-01   0.00       0.00       1.00       1.00    
    10.0000     7.7376     4.4120     3.1999  0.862E-02  0.131E-01   0.00       0.00       1.00       1.00    
    10.0000     7.7745     4.4315     3.2124  0.855E-02  0.131E-01   0.00       0.00       1.00       1.00    
    10.0000     7.8170     4.4540     3.2270  0.847E-02  0.131E-01   0.00       0.00       1.00       1.00    
    10.0000     7.8587     4.4763     3.2414  0.847E-02  0.131E-01   0.00       0.00       1.00       1.00    
    10.0000     7.8972     4.4969     3.2548  0.833E-02  0.130E-01   0.00       0.00       1.00       1.00    
    10.0000     7.9353     4.5175     3.2682  0.826E-02  0.129E-01   0.00       0.00       1.00       1.00    
    10.0000     7.9713     4.5370     3.2809  0.813E-02  0.128E-01   0.00       0.00       1.00       1.00    
    10.0000     8.0047     4.5552     3.2927  0.806E-02  0.126E-01   0.00       0.00       1.00       1.00    
    10.0000     8.0502     4.5802     3.3089  0.474E-02  0.746E-02   0.00       0.00       1.00       1.00    
    10.0000     8.1045     4.6102     3.3285  0.472E-02  0.741E-02   0.00       0.00       1.00       1.00    
    10.0000     8.1567     4.6394     3.3474  0.469E-02  0.741E-02   0.00       0.00       1.00       1.00    
    10.0000     8.2046     4.6665     3.3649  0.467E-02  0.735E-02   0.00       0.00       1.00       1.00    
    10.0000     8.2474     4.6909     3.3807  0.465E-02  0.735E-02   0.00       0.00       1.00       1.00    
    10.0000     8.2864     4.7134     3.3952  0.463E-02  0.730E-02   0.00       0.00       1.00       1.00    
    10.0000     8.3217     4.7339     3.4083  0.461E-02  0.730E-02   0.00       0.00       1.00       1.00    
    10.0000     8.3526     4.7520     3.4199  0.459E-02  0.725E-02   0.00       0.00       1.00       1.00    
    10.0000     8.3801     4.7683     3.4302  0.455E-02  0.725E-02   0.00       0.00       1.00       1.00    
    10.0000     8.4043     4.7827     3.4393  0.452E-02  0.719E-02   0.00       0.00       1.00       1.00    
    10.0000     8.4257     4.7956     3.4475  0.450E-02  0.714E-02   0.00       0.00       1.00       1.00    
    10.0000     8.4445     4.8069     3.4546  0.448E-02  0.714E-02   0.00       0.00       1.00       1.00    
    10.0000     8.4599     4.8163     3.4605  0.446E-02  0.709E-02   0.00       0.00       1.00       1.00    
    10.0000     8.4736     4.8246     3.4657  0.442E-02  0.704E-02   0.00       0.00       1.00       1.00    
    10.0000     8.4842     4.8311     3.4697  0.441E-02  0.704E-02   0.00       0.00       1.00       1.00    
    10.0000     8.4925     4.8362     3.4729  0.439E-02  0.699E-02   0.00       0.00       1.00       1.00    
    10.0000     8.5007     4.8404     3.4503  0.435E-02  0.694E-02   0.00       0.00       1.00       1.00    
    10.0000     8.5047     4.8425     3.4518  0.433E-02  0.690E-02   0.00       0.00       1.00       1.00    
    10.0000     8.5080     4.8442     3.4530  0.431E-02  0.690E-02   0.00       0.00       1.00       1.00    
    10.0000     8.5411     4.8615     3.4655  0.427E-02  0.685E-02   0.00       0.00       1.00       1.00    
    10.0000     8.9802     5.0911     3.6311  0.388E-02  0.613E-02   0.00       0.00       1.00       1.00    
    10.0000     9.0208     5.1123     3.6464  0.388E-02  0.613E-02   0.00       0.00       1.00       1.00    
    10.0000     9.0615     5.1336     3.6618  0.386E-02  0.610E-02   0.00       0.00       1.00       1.00    
    10.0000     9.1017     5.1546     3.6769  0.386E-02  0.610E-02   0.00       0.00       1.00       1.00    
    10.0000     9.1422     5.1758     3.6922  0.385E-02  0.606E-02   0.00       0.00       1.00       1.00    
    10.0000     9.1828     5.1970     3.7075  0.385E-02  0.606E-02   0.00       0.00       1.00       1.00    
    10.0000     9.2231     5.2181     3.7227  0.383E-02  0.606E-02   0.00       0.00       1.00       1.00    
    10.0000     9.2639     5.2394     3.7381  0.383E-02  0.602E-02   0.00       0.00       1.00       1.00    
    10.0000     9.3040     5.2604     3.7532  0.383E-02  0.602E-02   0.00       0.00       1.00       1.00    
    10.0000     9.3446     5.2816     3.7685  0.382E-02  0.599E-02   0.00       0.00       1.00       1.00    
    10.0000     9.3853     5.3029     3.7839  0.382E-02  0.599E-02   0.00       0.00       1.00       1.00    
    10.0000     9.4261     5.3242     3.7993  0.380E-02  0.599E-02   0.00       0.00       1.00       1.00    
    10.0000     9.4666     5.3454     3.8146  0.380E-02  0.595E-02   0.00       0.00       1.00       1.00    
    10.0000     9.5077     5.3669     3.8301  0.380E-02  0.595E-02   0.00       0.00       1.00       1.00    
    10.0000     9.5487     5.3883     3.8455  0.379E-02  0.592E-02   0.00       0.00       1.00       1.00    
    10.0000     9.5890     5.4094     3.8607  0.379E-02  0.592E-02   0.00       0.00       1.00       1.00    
     0.0000     9.6296     5.4306     3.8760  0.377E-02  0.592E-02   0.00       0.00       1.00       1.00    
