MODEL.01
 
ISOTROPIC
KGS
SPHERICAL EARTH
1-D
CONSTANT VELOCITY
LINE08
LINE09
LINE10
LINE11
      H(KM)   VP(KM/S)   VS(KM/S) RHO(GM/CC)     QP         QS       ETAP       ETAS      FREFP      FREFS    
     2.0000     5.8801     3.4610     2.6915  0.118E-02  0.167E-02   0.00       0.00       1.00       1.00    
     2.0000     5.8919     3.4672     2.6939  0.118E-02  0.167E-02   0.00       0.00       1.00       1.00    
     2.0000     5.9131     3.4784     2.6983  0.118E-02  0.167E-02   0.00       0.00       1.00       1.00    
     2.0000     5.9408     3.4930     2.7041  0.118E-02  0.167E-02   0.00       0.00       1.00       1.00    
     2.0000     5.9715     3.5091     2.7106  0.118E-02  0.167E-02   0.00       0.00       1.00       1.00    
     2.0000     6.0022     3.5251     2.7171  0.118E-02  0.167E-02   0.00       0.00       1.00       1.00    
     2.0000     6.0350     3.5422     2.7242  0.118E-02  0.167E-02   0.00       0.00       1.00       1.00    
     2.0000     6.0715     3.5613     2.7322  0.118E-02  0.167E-02   0.00       0.00       1.00       1.00    
     2.0000     6.1162     3.5845     2.7421  0.118E-02  0.167E-02   0.00       0.00       1.00       1.00    
     2.0000     6.1722     3.6135     2.7547  0.118E-02  0.167E-02   0.00       0.00       1.00       1.00    
     2.0000     6.2825     3.6702     2.7801  0.118E-02  0.167E-02   0.00       0.00       1.00       1.00    
     2.0000     6.4158     3.7384     2.8121  0.118E-02  0.167E-02   0.00       0.00       1.00       1.00    
     2.0000     6.5704     3.8169     2.8509  0.118E-02  0.167E-02   0.00       0.00       1.00       1.00    
     2.0000     6.7418     3.9036     2.8960  0.118E-02  0.167E-02   0.00       0.00       1.00       1.00    
     2.0000     6.9219     3.9945     2.9457  0.118E-02  0.167E-02   0.00       0.00       1.00       1.00    
     2.0000     7.1021     4.0855     2.9979  0.118E-02  0.167E-02   0.00       0.00       1.00       1.00    
     2.0000     7.2744     4.1729     3.0499  0.118E-02  0.167E-02   0.00       0.00       1.00       1.00    
     2.0000     7.4301     4.2524     3.0987  0.118E-02  0.167E-02   0.00       0.00       1.00       1.00    
     2.0000     7.5630     4.3209     3.1417  0.118E-02  0.167E-02   0.00       0.00       1.00       1.00    
     2.0000     7.6681     4.3756     3.1765  0.118E-02  0.167E-02   0.00       0.00       1.00       1.00    
     2.0000     7.7433     4.4150     3.2018  0.118E-02  0.167E-02   0.00       0.00       1.00       1.00    
     2.0000     7.7867     4.4380     3.2166  0.118E-02  0.167E-02   0.00       0.00       1.00       1.00    
     2.0000     7.7985     4.4443     3.2207  0.118E-02  0.167E-02   0.00       0.00       1.00       1.00    
     2.0000     7.7808     4.4349     3.2146  0.118E-02  0.167E-02   0.00       0.00       1.00       1.00    
     2.0000     7.7358     4.4111     3.1993  0.118E-02  0.167E-02   0.00       0.00       1.00       1.00    
     5.0000     7.6804     4.3820     3.1806  0.118E-02  0.167E-02   0.00       0.00       1.00       1.00    
     5.0000     7.6162     4.3485     3.1592  0.118E-02  0.167E-02   0.00       0.00       1.00       1.00    
     5.0000     7.5710     4.3250     3.1443  0.118E-02  0.167E-02   0.00       0.00       1.00       1.00    
     5.0000     7.5586     4.3186     3.1402  0.118E-02  0.167E-02   0.00       0.00       1.00       1.00    
     5.0000     7.5736     4.3264     3.1452  0.118E-02  0.167E-02   0.00       0.00       1.00       1.00    
     5.0000     7.6026     4.3414     3.1547  0.118E-02  0.167E-02   0.00       0.00       1.00       1.00    
     5.0000     7.6388     4.3602     3.1667  0.118E-02  0.167E-02   0.00       0.00       1.00       1.00    
     5.0000     7.6622     4.3725     3.1745  0.118E-02  0.167E-02   0.00       0.00       1.00       1.00    
     5.0000     7.6676     4.3753     3.1763  0.118E-02  0.167E-02   0.00       0.00       1.00       1.00    
     5.0000     7.6826     4.3831     3.1813  0.118E-02  0.167E-02   0.00       0.00       1.00       1.00    
    10.0000     7.6966     4.3905     3.1860  0.118E-02  0.167E-02   0.00       0.00       1.00       1.00    
    10.0000     7.7128     4.3990     3.1915  0.118E-02  0.167E-02   0.00       0.00       1.00       1.00    
    10.0000     7.7350     4.4107     3.1990  0.862E-02  0.131E-01   0.00       0.00       1.00       1.00    
    10.0000     7.7581     4.4228     3.2068  0.862E-02  0.131E-01   0.00       0.00       1.00       1.00    
    10.0000     7.7801     4.4345     3.2143  0.855E-02  0.131E-01   0.00       0.00       1.00       1.00    
    10.0000     7.8068     4.4486     3.2235  0.847E-02  0.131E-01   0.00       0.00       1.00       1.00    
    10.0000     7.8321     4.4621     3.2322  0.847E-02  0.131E-01   0.00       0.00       1.00       1.00    
    10.0000     7.8554     4.4745     3.2403  0.833E-02  0.130E-01   0.00       0.00       1.00       1.00    
    10.0000     7.8789     4.4871     3.2484  0.826E-02  0.129E-01   0.00       0.00       1.00       1.00    
    10.0000     7.9013     4.4991     3.2562  0.813E-02  0.128E-01   0.00       0.00       1.00       1.00    
    10.0000     7.9219     4.5102     3.2634  0.806E-02  0.126E-01   0.00       0.00       1.00       1.00    
    10.0000     7.9564     4.5289     3.2756  0.474E-02  0.746E-02   0.00       0.00       1.00       1.00    
    10.0000     8.0029     4.5542     3.2921  0.472E-02  0.741E-02   0.00       0.00       1.00       1.00    
    10.0000     8.0478     4.5788     3.3081  0.469E-02  0.741E-02   0.00       0.00       1.00       1.00    
    10.0000     8.0906     4.6025     3.3234  0.467E-02  0.735E-02   0.00       0.00       1.00       1.00    
    10.0000     8.1311     4.6250     3.3381  0.465E-02  0.735E-02   0.00       0.00       1.00       1.00    
    10.0000     8.1682     4.6459     3.3516  0.463E-02  0.730E-02   0.00       0.00       1.00       1.00    
    10.0000     8.2041     4.6662     3.3647  0.461E-02  0.730E-02   0.00       0.00       1.00       1.00    
    10.0000     8.2371     4.6850     3.3769  0.459E-02  0.725E-02   0.00       0.00       1.00       1.00    
    10.0000     8.2684     4.7030     3.3885  0.455E-02  0.725E-02   0.00       0.00       1.00       1.00    
    10.0000     8.2979     4.7200     3.3994  0.452E-02  0.719E-02   0.00       0.00       1.00       1.00    
    10.0000     8.3263     4.7366     3.4100  0.450E-02  0.714E-02   0.00       0.00       1.00       1.00    
    10.0000     8.3528     4.7522     3.4200  0.448E-02  0.714E-02   0.00       0.00       1.00       1.00    
    10.0000     8.3781     4.7671     3.4295  0.446E-02  0.709E-02   0.00       0.00       1.00       1.00    
    10.0000     8.4020     4.7813     3.4385  0.442E-02  0.704E-02   0.00       0.00       1.00       1.00    
    10.0000     8.4250     4.7951     3.4472  0.441E-02  0.704E-02   0.00       0.00       1.00       1.00    
    10.0000     8.4463     4.8080     3.4553  0.439E-02  0.699E-02   0.00       0.00       1.00       1.00    
    10.0000     8.4675     4.8209     3.4634  0.435E-02  0.694E-02   0.00       0.00       1.00       1.00    
    10.0000     8.4864     4.8324     3.4706  0.433E-02  0.690E-02   0.00       0.00       1.00       1.00    
    10.0000     8.5080     4.8442     3.4530  0.431E-02  0.690E-02   0.00       0.00       1.00       1.00    
    10.0000     8.5411     4.8615     3.4655  0.427E-02  0.685E-02   0.00       0.00       1.00       1.00    
    10.0000     8.9802     5.0911     3.6311  0.388E-02  0.613E-02   0.00       0.00       1.00       1.00    
    10.0000     9.0208     5.1123     3.6464  0.388E-02  0.613E-02   0.00       0.00       1.00       1.00    
    10.0000     9.0615     5.1336     3.6618  0.386E-02  0.610E-02   0.00       0.00       1.00       1.00    
    10.0000     9.1017     5.1546     3.6769  0.386E-02  0.610E-02   0.00       0.00       1.00       1.00    
    10.0000     9.1422     5.1758     3.6922  0.385E-02  0.606E-02   0.00       0.00       1.00       1.00    
    10.0000     9.1828     5.1970     3.7075  0.385E-02  0.606E-02   0.00       0.00       1.00       1.00    
    10.0000     9.2231     5.2181     3.7227  0.383E-02  0.606E-02   0.00       0.00       1.00       1.00    
    10.0000     9.2639     5.2394     3.7381  0.383E-02  0.602E-02   0.00       0.00       1.00       1.00    
    10.0000     9.3040     5.2604     3.7532  0.383E-02  0.602E-02   0.00       0.00       1.00       1.00    
    10.0000     9.3446     5.2816     3.7685  0.382E-02  0.599E-02   0.00       0.00       1.00       1.00    
    10.0000     9.3853     5.3029     3.7839  0.382E-02  0.599E-02   0.00       0.00       1.00       1.00    
    10.0000     9.4261     5.3242     3.7993  0.380E-02  0.599E-02   0.00       0.00       1.00       1.00    
    10.0000     9.4666     5.3454     3.8146  0.380E-02  0.595E-02   0.00       0.00       1.00       1.00    
    10.0000     9.5077     5.3669     3.8301  0.380E-02  0.595E-02   0.00       0.00       1.00       1.00    
    10.0000     9.5487     5.3883     3.8455  0.379E-02  0.592E-02   0.00       0.00       1.00       1.00    
    10.0000     9.5890     5.4094     3.8607  0.379E-02  0.592E-02   0.00       0.00       1.00       1.00    
     0.0000     9.6296     5.4306     3.8760  0.377E-02  0.592E-02   0.00       0.00       1.00       1.00    
