MODEL.01
 
ISOTROPIC
KGS
SPHERICAL EARTH
1-D
CONSTANT VELOCITY
LINE08
LINE09
LINE10
LINE11
      H(KM)   VP(KM/S)   VS(KM/S) RHO(GM/CC)     QP         QS       ETAP       ETAS      FREFP      FREFS    
     2.0000     5.8365     3.4379     2.6825  0.118E-02  0.167E-02   0.00       0.00       1.00       1.00    
     2.0000     5.8528     3.4465     2.6859  0.118E-02  0.167E-02   0.00       0.00       1.00       1.00    
     2.0000     5.8884     3.4654     2.6932  0.118E-02  0.167E-02   0.00       0.00       1.00       1.00    
     2.0000     5.9410     3.4931     2.7041  0.118E-02  0.167E-02   0.00       0.00       1.00       1.00    
     2.0000     6.0016     3.5248     2.7170  0.118E-02  0.167E-02   0.00       0.00       1.00       1.00    
     2.0000     6.0564     3.5534     2.7289  0.118E-02  0.167E-02   0.00       0.00       1.00       1.00    
     2.0000     6.1010     3.5766     2.7387  0.118E-02  0.167E-02   0.00       0.00       1.00       1.00    
     2.0000     6.1334     3.5934     2.7459  0.118E-02  0.167E-02   0.00       0.00       1.00       1.00    
     2.0000     6.1594     3.6068     2.7518  0.118E-02  0.167E-02   0.00       0.00       1.00       1.00    
     2.0000     6.1879     3.6216     2.7582  0.118E-02  0.167E-02   0.00       0.00       1.00       1.00    
     2.0000     6.2496     3.6533     2.7724  0.118E-02  0.167E-02   0.00       0.00       1.00       1.00    
     2.0000     6.3392     3.6993     2.7936  0.118E-02  0.167E-02   0.00       0.00       1.00       1.00    
     2.0000     6.4629     3.7623     2.8238  0.118E-02  0.167E-02   0.00       0.00       1.00       1.00    
     2.0000     6.6209     3.8425     2.8640  0.118E-02  0.167E-02   0.00       0.00       1.00       1.00    
     2.0000     6.8066     3.9363     2.9136  0.118E-02  0.167E-02   0.00       0.00       1.00       1.00    
     2.0000     7.0103     4.0391     2.9710  0.118E-02  0.167E-02   0.00       0.00       1.00       1.00    
     2.0000     7.2208     4.1456     3.0335  0.118E-02  0.167E-02   0.00       0.00       1.00       1.00    
     2.0000     7.4215     4.2480     3.0960  0.118E-02  0.167E-02   0.00       0.00       1.00       1.00    
     2.0000     7.6031     4.3417     3.1549  0.118E-02  0.167E-02   0.00       0.00       1.00       1.00    
     2.0000     7.7525     4.4199     3.2050  0.118E-02  0.167E-02   0.00       0.00       1.00       1.00    
     2.0000     7.8647     4.4795     3.2435  0.118E-02  0.167E-02   0.00       0.00       1.00       1.00    
     2.0000     7.9336     4.5166     3.2676  0.118E-02  0.167E-02   0.00       0.00       1.00       1.00    
     2.0000     7.9575     4.5295     3.2760  0.118E-02  0.167E-02   0.00       0.00       1.00       1.00    
     2.0000     7.9366     4.5182     3.2686  0.118E-02  0.167E-02   0.00       0.00       1.00       1.00    
     2.0000     7.8711     4.4829     3.2457  0.118E-02  0.167E-02   0.00       0.00       1.00       1.00    
     5.0000     7.7849     4.4370     3.2160  0.118E-02  0.167E-02   0.00       0.00       1.00       1.00    
     5.0000     7.6704     4.3768     3.1772  0.118E-02  0.167E-02   0.00       0.00       1.00       1.00    
     5.0000     7.5746     4.3269     3.1455  0.118E-02  0.167E-02   0.00       0.00       1.00       1.00    
     5.0000     7.5253     4.3014     3.1293  0.118E-02  0.167E-02   0.00       0.00       1.00       1.00    
     5.0000     7.5214     4.2993     3.1281  0.118E-02  0.167E-02   0.00       0.00       1.00       1.00    
     5.0000     7.5470     4.3126     3.1364  0.118E-02  0.167E-02   0.00       0.00       1.00       1.00    
     5.0000     7.5869     4.3333     3.1495  0.118E-02  0.167E-02   0.00       0.00       1.00       1.00    
     5.0000     7.6160     4.3484     3.1591  0.118E-02  0.167E-02   0.00       0.00       1.00       1.00    
     5.0000     7.6237     4.3524     3.1617  0.118E-02  0.167E-02   0.00       0.00       1.00       1.00    
     5.0000     7.6419     4.3619     3.1677  0.118E-02  0.167E-02   0.00       0.00       1.00       1.00    
    10.0000     7.6604     4.3715     3.1739  0.118E-02  0.167E-02   0.00       0.00       1.00       1.00    
    10.0000     7.6830     4.3834     3.1815  0.118E-02  0.167E-02   0.00       0.00       1.00       1.00    
    10.0000     7.7132     4.3992     3.1916  0.862E-02  0.131E-01   0.00       0.00       1.00       1.00    
    10.0000     7.7454     4.4162     3.2025  0.862E-02  0.131E-01   0.00       0.00       1.00       1.00    
    10.0000     7.7780     4.4334     3.2136  0.855E-02  0.131E-01   0.00       0.00       1.00       1.00    
    10.0000     7.8155     4.4532     3.2265  0.847E-02  0.131E-01   0.00       0.00       1.00       1.00    
    10.0000     7.8520     4.4727     3.2391  0.847E-02  0.131E-01   0.00       0.00       1.00       1.00    
    10.0000     7.8853     4.4906     3.2507  0.833E-02  0.130E-01   0.00       0.00       1.00       1.00    
    10.0000     7.9187     4.5085     3.2623  0.826E-02  0.129E-01   0.00       0.00       1.00       1.00    
    10.0000     7.9504     4.5256     3.2734  0.813E-02  0.128E-01   0.00       0.00       1.00       1.00    
    10.0000     7.9791     4.5412     3.2836  0.806E-02  0.126E-01   0.00       0.00       1.00       1.00    
    10.0000     8.0211     4.5641     3.2985  0.474E-02  0.746E-02   0.00       0.00       1.00       1.00    
    10.0000     8.0728     4.5926     3.3170  0.472E-02  0.741E-02   0.00       0.00       1.00       1.00    
    10.0000     8.1224     4.6202     3.3349  0.469E-02  0.741E-02   0.00       0.00       1.00       1.00    
    10.0000     8.1684     4.6460     3.3517  0.467E-02  0.735E-02   0.00       0.00       1.00       1.00    
    10.0000     8.2101     4.6696     3.3670  0.465E-02  0.735E-02   0.00       0.00       1.00       1.00    
    10.0000     8.2482     4.6914     3.3810  0.463E-02  0.730E-02   0.00       0.00       1.00       1.00    
    10.0000     8.2837     4.7118     3.3941  0.461E-02  0.730E-02   0.00       0.00       1.00       1.00    
    10.0000     8.3150     4.7300     3.4058  0.459E-02  0.725E-02   0.00       0.00       1.00       1.00    
    10.0000     8.3433     4.7466     3.4164  0.455E-02  0.725E-02   0.00       0.00       1.00       1.00    
    10.0000     8.3691     4.7617     3.4261  0.452E-02  0.719E-02   0.00       0.00       1.00       1.00    
    10.0000     8.3928     4.7759     3.4350  0.450E-02  0.714E-02   0.00       0.00       1.00       1.00    
    10.0000     8.4140     4.7885     3.4430  0.448E-02  0.714E-02   0.00       0.00       1.00       1.00    
    10.0000     8.4325     4.7996     3.4500  0.446E-02  0.709E-02   0.00       0.00       1.00       1.00    
    10.0000     8.4494     4.8099     3.4565  0.442E-02  0.704E-02   0.00       0.00       1.00       1.00    
    10.0000     8.4641     4.8188     3.4620  0.441E-02  0.704E-02   0.00       0.00       1.00       1.00    
    10.0000     8.4766     4.8265     3.4668  0.439E-02  0.699E-02   0.00       0.00       1.00       1.00    
    10.0000     8.4884     4.8337     3.4713  0.435E-02  0.694E-02   0.00       0.00       1.00       1.00    
    10.0000     8.4970     4.8390     3.4746  0.433E-02  0.690E-02   0.00       0.00       1.00       1.00    
    10.0000     8.5080     4.8442     3.4530  0.431E-02  0.690E-02   0.00       0.00       1.00       1.00    
    10.0000     8.5411     4.8615     3.4655  0.427E-02  0.685E-02   0.00       0.00       1.00       1.00    
    10.0000     8.9802     5.0911     3.6311  0.388E-02  0.613E-02   0.00       0.00       1.00       1.00    
    10.0000     9.0208     5.1123     3.6464  0.388E-02  0.613E-02   0.00       0.00       1.00       1.00    
    10.0000     9.0615     5.1336     3.6618  0.386E-02  0.610E-02   0.00       0.00       1.00       1.00    
    10.0000     9.1017     5.1546     3.6769  0.386E-02  0.610E-02   0.00       0.00       1.00       1.00    
    10.0000     9.1422     5.1758     3.6922  0.385E-02  0.606E-02   0.00       0.00       1.00       1.00    
    10.0000     9.1828     5.1970     3.7075  0.385E-02  0.606E-02   0.00       0.00       1.00       1.00    
    10.0000     9.2231     5.2181     3.7227  0.383E-02  0.606E-02   0.00       0.00       1.00       1.00    
    10.0000     9.2639     5.2394     3.7381  0.383E-02  0.602E-02   0.00       0.00       1.00       1.00    
    10.0000     9.3040     5.2604     3.7532  0.383E-02  0.602E-02   0.00       0.00       1.00       1.00    
    10.0000     9.3446     5.2816     3.7685  0.382E-02  0.599E-02   0.00       0.00       1.00       1.00    
    10.0000     9.3853     5.3029     3.7839  0.382E-02  0.599E-02   0.00       0.00       1.00       1.00    
    10.0000     9.4261     5.3242     3.7993  0.380E-02  0.599E-02   0.00       0.00       1.00       1.00    
    10.0000     9.4666     5.3454     3.8146  0.380E-02  0.595E-02   0.00       0.00       1.00       1.00    
    10.0000     9.5077     5.3669     3.8301  0.380E-02  0.595E-02   0.00       0.00       1.00       1.00    
    10.0000     9.5487     5.3883     3.8455  0.379E-02  0.592E-02   0.00       0.00       1.00       1.00    
    10.0000     9.5890     5.4094     3.8607  0.379E-02  0.592E-02   0.00       0.00       1.00       1.00    
     0.0000     9.6296     5.4306     3.8760  0.377E-02  0.592E-02   0.00       0.00       1.00       1.00    
