MODEL.01
 
ISOTROPIC
KGS
SPHERICAL EARTH
1-D
CONSTANT VELOCITY
LINE08
LINE09
LINE10
LINE11
      H(KM)   VP(KM/S)   VS(KM/S) RHO(GM/CC)     QP         QS       ETAP       ETAS      FREFP      FREFS    
     2.0000     5.8727     3.4570     2.6899  0.118E-02  0.167E-02   0.00       0.00       1.00       1.00    
     2.0000     5.8863     3.4642     2.6927  0.118E-02  0.167E-02   0.00       0.00       1.00       1.00    
     2.0000     5.9133     3.4785     2.6983  0.118E-02  0.167E-02   0.00       0.00       1.00       1.00    
     2.0000     5.9497     3.4976     2.7060  0.118E-02  0.167E-02   0.00       0.00       1.00       1.00    
     2.0000     5.9896     3.5186     2.7144  0.118E-02  0.167E-02   0.00       0.00       1.00       1.00    
     2.0000     6.0262     3.5377     2.7223  0.118E-02  0.167E-02   0.00       0.00       1.00       1.00    
     2.0000     6.0592     3.5549     2.7295  0.118E-02  0.167E-02   0.00       0.00       1.00       1.00    
     2.0000     6.0901     3.5709     2.7363  0.118E-02  0.167E-02   0.00       0.00       1.00       1.00    
     2.0000     6.1242     3.5886     2.7439  0.118E-02  0.167E-02   0.00       0.00       1.00       1.00    
     2.0000     6.1670     3.6108     2.7535  0.118E-02  0.167E-02   0.00       0.00       1.00       1.00    
     2.0000     6.2566     3.6569     2.7741  0.118E-02  0.167E-02   0.00       0.00       1.00       1.00    
     2.0000     6.3733     3.7167     2.8018  0.118E-02  0.167E-02   0.00       0.00       1.00       1.00    
     2.0000     6.5178     3.7902     2.8375  0.118E-02  0.167E-02   0.00       0.00       1.00       1.00    
     2.0000     6.6874     3.8762     2.8815  0.118E-02  0.167E-02   0.00       0.00       1.00       1.00    
     2.0000     6.8741     3.9704     2.9323  0.118E-02  0.167E-02   0.00       0.00       1.00       1.00    
     2.0000     7.0682     4.0684     2.9879  0.118E-02  0.167E-02   0.00       0.00       1.00       1.00    
     2.0000     7.2596     4.1654     3.0454  0.118E-02  0.167E-02   0.00       0.00       1.00       1.00    
     2.0000     7.4367     4.2557     3.1008  0.118E-02  0.167E-02   0.00       0.00       1.00       1.00    
     2.0000     7.5911     4.3355     3.1509  0.118E-02  0.167E-02   0.00       0.00       1.00       1.00    
     2.0000     7.7153     4.4003     3.1923  0.118E-02  0.167E-02   0.00       0.00       1.00       1.00    
     2.0000     7.8051     4.4477     3.2229  0.118E-02  0.167E-02   0.00       0.00       1.00       1.00    
     2.0000     7.8576     4.4757     3.2410  0.118E-02  0.167E-02   0.00       0.00       1.00       1.00    
     2.0000     7.8721     4.4835     3.2461  0.118E-02  0.167E-02   0.00       0.00       1.00       1.00    
     2.0000     7.8497     4.4715     3.2383  0.118E-02  0.167E-02   0.00       0.00       1.00       1.00    
     2.0000     7.7921     4.4408     3.2185  0.118E-02  0.167E-02   0.00       0.00       1.00       1.00    
     5.0000     7.7203     4.4029     3.1940  0.118E-02  0.167E-02   0.00       0.00       1.00       1.00    
     5.0000     7.6325     4.3570     3.1646  0.118E-02  0.167E-02   0.00       0.00       1.00       1.00    
     5.0000     7.5651     4.3219     3.1423  0.118E-02  0.167E-02   0.00       0.00       1.00       1.00    
     5.0000     7.5375     4.3077     3.1333  0.118E-02  0.167E-02   0.00       0.00       1.00       1.00    
     5.0000     7.5458     4.3120     3.1360  0.118E-02  0.167E-02   0.00       0.00       1.00       1.00    
     5.0000     7.5751     4.3271     3.1456  0.118E-02  0.167E-02   0.00       0.00       1.00       1.00    
     5.0000     7.6142     4.3474     3.1585  0.118E-02  0.167E-02   0.00       0.00       1.00       1.00    
     5.0000     7.6409     4.3613     3.1674  0.118E-02  0.167E-02   0.00       0.00       1.00       1.00    
     5.0000     7.6473     4.3647     3.1695  0.118E-02  0.167E-02   0.00       0.00       1.00       1.00    
     5.0000     7.6641     4.3735     3.1751  0.118E-02  0.167E-02   0.00       0.00       1.00       1.00    
    10.0000     7.6802     4.3819     3.1805  0.118E-02  0.167E-02   0.00       0.00       1.00       1.00    
    10.0000     7.6996     4.3921     3.1871  0.118E-02  0.167E-02   0.00       0.00       1.00       1.00    
    10.0000     7.7256     4.4057     3.1958  0.862E-02  0.131E-01   0.00       0.00       1.00       1.00    
    10.0000     7.7530     4.4201     3.2051  0.862E-02  0.131E-01   0.00       0.00       1.00       1.00    
    10.0000     7.7800     4.4344     3.2143  0.855E-02  0.131E-01   0.00       0.00       1.00       1.00    
    10.0000     7.8115     4.4511     3.2251  0.847E-02  0.131E-01   0.00       0.00       1.00       1.00    
    10.0000     7.8420     4.4674     3.2356  0.847E-02  0.131E-01   0.00       0.00       1.00       1.00    
    10.0000     7.8700     4.4824     3.2453  0.833E-02  0.130E-01   0.00       0.00       1.00       1.00    
    10.0000     7.8979     4.4973     3.2551  0.826E-02  0.129E-01   0.00       0.00       1.00       1.00    
    10.0000     7.9244     4.5116     3.2643  0.813E-02  0.128E-01   0.00       0.00       1.00       1.00    
    10.0000     7.9487     4.5247     3.2729  0.806E-02  0.126E-01   0.00       0.00       1.00       1.00    
    10.0000     7.9865     4.5453     3.2862  0.474E-02  0.746E-02   0.00       0.00       1.00       1.00    
    10.0000     8.0354     4.5720     3.3036  0.472E-02  0.741E-02   0.00       0.00       1.00       1.00    
    10.0000     8.0823     4.5979     3.3205  0.469E-02  0.741E-02   0.00       0.00       1.00       1.00    
    10.0000     8.1266     4.6225     3.3365  0.467E-02  0.735E-02   0.00       0.00       1.00       1.00    
    10.0000     8.1675     4.6454     3.3513  0.465E-02  0.735E-02   0.00       0.00       1.00       1.00    
    10.0000     8.2051     4.6667     3.3651  0.463E-02  0.730E-02   0.00       0.00       1.00       1.00    
    10.0000     8.2407     4.6870     3.3782  0.461E-02  0.730E-02   0.00       0.00       1.00       1.00    
    10.0000     8.2727     4.7055     3.3901  0.459E-02  0.725E-02   0.00       0.00       1.00       1.00    
    10.0000     8.3027     4.7228     3.4012  0.455E-02  0.725E-02   0.00       0.00       1.00       1.00    
    10.0000     8.3303     4.7389     3.4115  0.452E-02  0.719E-02   0.00       0.00       1.00       1.00    
    10.0000     8.3564     4.7542     3.4213  0.450E-02  0.714E-02   0.00       0.00       1.00       1.00    
    10.0000     8.3807     4.7686     3.4304  0.448E-02  0.714E-02   0.00       0.00       1.00       1.00    
    10.0000     8.4027     4.7817     3.4387  0.446E-02  0.709E-02   0.00       0.00       1.00       1.00    
    10.0000     8.4231     4.7940     3.4465  0.442E-02  0.704E-02   0.00       0.00       1.00       1.00    
    10.0000     8.4425     4.8057     3.4538  0.441E-02  0.704E-02   0.00       0.00       1.00       1.00    
    10.0000     8.4599     4.8162     3.4604  0.439E-02  0.699E-02   0.00       0.00       1.00       1.00    
    10.0000     8.4769     4.8266     3.4670  0.435E-02  0.694E-02   0.00       0.00       1.00       1.00    
    10.0000     8.4911     4.8353     3.4723  0.433E-02  0.690E-02   0.00       0.00       1.00       1.00    
    10.0000     8.5080     4.8442     3.4530  0.431E-02  0.690E-02   0.00       0.00       1.00       1.00    
    10.0000     8.5411     4.8615     3.4655  0.427E-02  0.685E-02   0.00       0.00       1.00       1.00    
    10.0000     8.9802     5.0911     3.6311  0.388E-02  0.613E-02   0.00       0.00       1.00       1.00    
    10.0000     9.0208     5.1123     3.6464  0.388E-02  0.613E-02   0.00       0.00       1.00       1.00    
    10.0000     9.0615     5.1336     3.6618  0.386E-02  0.610E-02   0.00       0.00       1.00       1.00    
    10.0000     9.1017     5.1546     3.6769  0.386E-02  0.610E-02   0.00       0.00       1.00       1.00    
    10.0000     9.1422     5.1758     3.6922  0.385E-02  0.606E-02   0.00       0.00       1.00       1.00    
    10.0000     9.1828     5.1970     3.7075  0.385E-02  0.606E-02   0.00       0.00       1.00       1.00    
    10.0000     9.2231     5.2181     3.7227  0.383E-02  0.606E-02   0.00       0.00       1.00       1.00    
    10.0000     9.2639     5.2394     3.7381  0.383E-02  0.602E-02   0.00       0.00       1.00       1.00    
    10.0000     9.3040     5.2604     3.7532  0.383E-02  0.602E-02   0.00       0.00       1.00       1.00    
    10.0000     9.3446     5.2816     3.7685  0.382E-02  0.599E-02   0.00       0.00       1.00       1.00    
    10.0000     9.3853     5.3029     3.7839  0.382E-02  0.599E-02   0.00       0.00       1.00       1.00    
    10.0000     9.4261     5.3242     3.7993  0.380E-02  0.599E-02   0.00       0.00       1.00       1.00    
    10.0000     9.4666     5.3454     3.8146  0.380E-02  0.595E-02   0.00       0.00       1.00       1.00    
    10.0000     9.5077     5.3669     3.8301  0.380E-02  0.595E-02   0.00       0.00       1.00       1.00    
    10.0000     9.5487     5.3883     3.8455  0.379E-02  0.592E-02   0.00       0.00       1.00       1.00    
    10.0000     9.5890     5.4094     3.8607  0.379E-02  0.592E-02   0.00       0.00       1.00       1.00    
     0.0000     9.6296     5.4306     3.8760  0.377E-02  0.592E-02   0.00       0.00       1.00       1.00    
