MODEL.01
 
ISOTROPIC
KGS
SPHERICAL EARTH
1-D
CONSTANT VELOCITY
LINE08
LINE09
LINE10
LINE11
      H(KM)   VP(KM/S)   VS(KM/S) RHO(GM/CC)     QP         QS       ETAP       ETAS      FREFP      FREFS    
     2.0000     6.1536     3.6038     2.7504  0.118E-02  0.167E-02   0.00       0.00       1.00       1.00    
     2.0000     6.1570     3.6056     2.7512  0.118E-02  0.167E-02   0.00       0.00       1.00       1.00    
     2.0000     6.1632     3.6088     2.7526  0.118E-02  0.167E-02   0.00       0.00       1.00       1.00    
     2.0000     6.1734     3.6141     2.7549  0.118E-02  0.167E-02   0.00       0.00       1.00       1.00    
     2.0000     6.1887     3.6220     2.7584  0.118E-02  0.167E-02   0.00       0.00       1.00       1.00    
     2.0000     6.2099     3.6329     2.7633  0.118E-02  0.167E-02   0.00       0.00       1.00       1.00    
     2.0000     6.2374     3.6470     2.7696  0.118E-02  0.167E-02   0.00       0.00       1.00       1.00    
     2.0000     6.2704     3.6640     2.7773  0.118E-02  0.167E-02   0.00       0.00       1.00       1.00    
     2.0000     6.3087     3.6837     2.7863  0.118E-02  0.167E-02   0.00       0.00       1.00       1.00    
     2.0000     6.3513     3.7054     2.7965  0.118E-02  0.167E-02   0.00       0.00       1.00       1.00    
     2.0000     6.4229     3.7420     2.8139  0.118E-02  0.167E-02   0.00       0.00       1.00       1.00    
     2.0000     6.4987     3.7805     2.8327  0.118E-02  0.167E-02   0.00       0.00       1.00       1.00    
     2.0000     6.5773     3.8204     2.8527  0.118E-02  0.167E-02   0.00       0.00       1.00       1.00    
     2.0000     6.6582     3.8614     2.8738  0.118E-02  0.167E-02   0.00       0.00       1.00       1.00    
     2.0000     6.7401     3.9028     2.8956  0.118E-02  0.167E-02   0.00       0.00       1.00       1.00    
     2.0000     6.8227     3.9444     2.9180  0.118E-02  0.167E-02   0.00       0.00       1.00       1.00    
     2.0000     6.9053     3.9861     2.9411  0.118E-02  0.167E-02   0.00       0.00       1.00       1.00    
     2.0000     6.9878     4.0278     2.9645  0.118E-02  0.167E-02   0.00       0.00       1.00       1.00    
     2.0000     7.0701     4.0693     2.9884  0.118E-02  0.167E-02   0.00       0.00       1.00       1.00    
     2.0000     7.1517     4.1106     3.0126  0.118E-02  0.167E-02   0.00       0.00       1.00       1.00    
     2.0000     7.2331     4.1519     3.0372  0.118E-02  0.167E-02   0.00       0.00       1.00       1.00    
     2.0000     7.3140     4.1930     3.0622  0.118E-02  0.167E-02   0.00       0.00       1.00       1.00    
     2.0000     7.3947     4.2342     3.0874  0.118E-02  0.167E-02   0.00       0.00       1.00       1.00    
     2.0000     7.4754     4.2756     3.1132  0.118E-02  0.167E-02   0.00       0.00       1.00       1.00    
     2.0000     7.5560     4.3173     3.1394  0.118E-02  0.167E-02   0.00       0.00       1.00       1.00    
     5.0000     7.6216     4.3513     3.1610  0.118E-02  0.167E-02   0.00       0.00       1.00       1.00    
     5.0000     7.6773     4.3804     3.1795  0.118E-02  0.167E-02   0.00       0.00       1.00       1.00    
     5.0000     7.7222     4.4039     3.1947  0.118E-02  0.167E-02   0.00       0.00       1.00       1.00    
     5.0000     7.7577     4.4227     3.2067  0.118E-02  0.167E-02   0.00       0.00       1.00       1.00    
     5.0000     7.7843     4.4367     3.2158  0.118E-02  0.167E-02   0.00       0.00       1.00       1.00    
     5.0000     7.8001     4.4451     3.2212  0.118E-02  0.167E-02   0.00       0.00       1.00       1.00    
     5.0000     7.8161     4.4536     3.2267  0.118E-02  0.167E-02   0.00       0.00       1.00       1.00    
     5.0000     7.8232     4.4574     3.2292  0.118E-02  0.167E-02   0.00       0.00       1.00       1.00    
     5.0000     7.8231     4.4573     3.2291  0.118E-02  0.167E-02   0.00       0.00       1.00       1.00    
     5.0000     7.8302     4.4611     3.2316  0.118E-02  0.167E-02   0.00       0.00       1.00       1.00    
    10.0000     7.8350     4.4637     3.2332  0.118E-02  0.167E-02   0.00       0.00       1.00       1.00    
    10.0000     7.8393     4.4659     3.2347  0.118E-02  0.167E-02   0.00       0.00       1.00       1.00    
    10.0000     7.8463     4.4696     3.2371  0.862E-02  0.131E-01   0.00       0.00       1.00       1.00    
    10.0000     7.8519     4.4726     3.2391  0.862E-02  0.131E-01   0.00       0.00       1.00       1.00    
    10.0000     7.8557     4.4747     3.2404  0.855E-02  0.131E-01   0.00       0.00       1.00       1.00    
    10.0000     7.8634     4.4788     3.2430  0.847E-02  0.131E-01   0.00       0.00       1.00       1.00    
    10.0000     7.8700     4.4823     3.2453  0.847E-02  0.131E-01   0.00       0.00       1.00       1.00    
    10.0000     7.8747     4.4849     3.2470  0.833E-02  0.130E-01   0.00       0.00       1.00       1.00    
    10.0000     7.8810     4.4882     3.2491  0.826E-02  0.129E-01   0.00       0.00       1.00       1.00    
    10.0000     7.8872     4.4915     3.2513  0.813E-02  0.128E-01   0.00       0.00       1.00       1.00    
    10.0000     7.8932     4.4948     3.2534  0.806E-02  0.126E-01   0.00       0.00       1.00       1.00    
    10.0000     7.9146     4.5063     3.2609  0.474E-02  0.746E-02   0.00       0.00       1.00       1.00    
    10.0000     7.9506     4.5257     3.2735  0.472E-02  0.741E-02   0.00       0.00       1.00       1.00    
    10.0000     7.9863     4.5451     3.2861  0.469E-02  0.741E-02   0.00       0.00       1.00       1.00    
    10.0000     8.0218     4.5646     3.2988  0.467E-02  0.735E-02   0.00       0.00       1.00       1.00    
    10.0000     8.0571     4.5840     3.3114  0.465E-02  0.735E-02   0.00       0.00       1.00       1.00    
    10.0000     8.0913     4.6029     3.3237  0.463E-02  0.730E-02   0.00       0.00       1.00       1.00    
    10.0000     8.1251     4.6217     3.3359  0.461E-02  0.730E-02   0.00       0.00       1.00       1.00    
    10.0000     8.1579     4.6401     3.3478  0.459E-02  0.725E-02   0.00       0.00       1.00       1.00    
    10.0000     8.1912     4.6588     3.3600  0.455E-02  0.725E-02   0.00       0.00       1.00       1.00    
    10.0000     8.2235     4.6772     3.3719  0.452E-02  0.719E-02   0.00       0.00       1.00       1.00    
    10.0000     8.2561     4.6959     3.3839  0.450E-02  0.714E-02   0.00       0.00       1.00       1.00    
    10.0000     8.2882     4.7144     3.3958  0.448E-02  0.714E-02   0.00       0.00       1.00       1.00    
    10.0000     8.3201     4.7329     3.4077  0.446E-02  0.709E-02   0.00       0.00       1.00       1.00    
    10.0000     8.3516     4.7514     3.4195  0.442E-02  0.704E-02   0.00       0.00       1.00       1.00    
    10.0000     8.3831     4.7701     3.4313  0.441E-02  0.704E-02   0.00       0.00       1.00       1.00    
    10.0000     8.4139     4.7884     3.4430  0.439E-02  0.699E-02   0.00       0.00       1.00       1.00    
    10.0000     8.4450     4.8072     3.4548  0.435E-02  0.694E-02   0.00       0.00       1.00       1.00    
    10.0000     8.4750     4.8254     3.4662  0.433E-02  0.690E-02   0.00       0.00       1.00       1.00    
    10.0000     8.5080     4.8442     3.4530  0.431E-02  0.690E-02   0.00       0.00       1.00       1.00    
    10.0000     8.5411     4.8615     3.4655  0.427E-02  0.685E-02   0.00       0.00       1.00       1.00    
    10.0000     8.9802     5.0911     3.6311  0.388E-02  0.613E-02   0.00       0.00       1.00       1.00    
    10.0000     9.0208     5.1123     3.6464  0.388E-02  0.613E-02   0.00       0.00       1.00       1.00    
    10.0000     9.0615     5.1336     3.6618  0.386E-02  0.610E-02   0.00       0.00       1.00       1.00    
    10.0000     9.1017     5.1546     3.6769  0.386E-02  0.610E-02   0.00       0.00       1.00       1.00    
    10.0000     9.1422     5.1758     3.6922  0.385E-02  0.606E-02   0.00       0.00       1.00       1.00    
    10.0000     9.1828     5.1970     3.7075  0.385E-02  0.606E-02   0.00       0.00       1.00       1.00    
    10.0000     9.2231     5.2181     3.7227  0.383E-02  0.606E-02   0.00       0.00       1.00       1.00    
    10.0000     9.2639     5.2394     3.7381  0.383E-02  0.602E-02   0.00       0.00       1.00       1.00    
    10.0000     9.3040     5.2604     3.7532  0.383E-02  0.602E-02   0.00       0.00       1.00       1.00    
    10.0000     9.3446     5.2816     3.7685  0.382E-02  0.599E-02   0.00       0.00       1.00       1.00    
    10.0000     9.3853     5.3029     3.7839  0.382E-02  0.599E-02   0.00       0.00       1.00       1.00    
    10.0000     9.4261     5.3242     3.7993  0.380E-02  0.599E-02   0.00       0.00       1.00       1.00    
    10.0000     9.4666     5.3454     3.8146  0.380E-02  0.595E-02   0.00       0.00       1.00       1.00    
    10.0000     9.5077     5.3669     3.8301  0.380E-02  0.595E-02   0.00       0.00       1.00       1.00    
    10.0000     9.5487     5.3883     3.8455  0.379E-02  0.592E-02   0.00       0.00       1.00       1.00    
    10.0000     9.5890     5.4094     3.8607  0.379E-02  0.592E-02   0.00       0.00       1.00       1.00    
     0.0000     9.6296     5.4306     3.8760  0.377E-02  0.592E-02   0.00       0.00       1.00       1.00    
