MODEL.01
 
ISOTROPIC
KGS
SPHERICAL EARTH
1-D
CONSTANT VELOCITY
LINE08
LINE09
LINE10
LINE11
      H(KM)   VP(KM/S)   VS(KM/S) RHO(GM/CC)     QP         QS       ETAP       ETAS      FREFP      FREFS    
     2.0000     5.8254     3.4320     2.6803  0.118E-02  0.167E-02   0.00       0.00       1.00       1.00    
     2.0000     5.8294     3.4341     2.6811  0.118E-02  0.167E-02   0.00       0.00       1.00       1.00    
     2.0000     5.8360     3.4376     2.6824  0.118E-02  0.167E-02   0.00       0.00       1.00       1.00    
     2.0000     5.8453     3.4426     2.6843  0.118E-02  0.167E-02   0.00       0.00       1.00       1.00    
     2.0000     5.8580     3.4493     2.6869  0.118E-02  0.167E-02   0.00       0.00       1.00       1.00    
     2.0000     5.8746     3.4580     2.6903  0.118E-02  0.167E-02   0.00       0.00       1.00       1.00    
     2.0000     5.8955     3.4691     2.6946  0.118E-02  0.167E-02   0.00       0.00       1.00       1.00    
     2.0000     5.9210     3.4825     2.6999  0.118E-02  0.167E-02   0.00       0.00       1.00       1.00    
     2.0000     5.9512     3.4984     2.7063  0.118E-02  0.167E-02   0.00       0.00       1.00       1.00    
     2.0000     5.9858     3.5166     2.7136  0.118E-02  0.167E-02   0.00       0.00       1.00       1.00    
     2.0000     6.0468     3.5484     2.7268  0.118E-02  0.167E-02   0.00       0.00       1.00       1.00    
     2.0000     6.1143     3.5835     2.7416  0.118E-02  0.167E-02   0.00       0.00       1.00       1.00    
     2.0000     6.1879     3.6215     2.7582  0.118E-02  0.167E-02   0.00       0.00       1.00       1.00    
     2.0000     6.2672     3.6624     2.7766  0.118E-02  0.167E-02   0.00       0.00       1.00       1.00    
     2.0000     6.3519     3.7057     2.7966  0.118E-02  0.167E-02   0.00       0.00       1.00       1.00    
     2.0000     6.4414     3.7514     2.8184  0.118E-02  0.167E-02   0.00       0.00       1.00       1.00    
     2.0000     6.5355     3.7992     2.8420  0.118E-02  0.167E-02   0.00       0.00       1.00       1.00    
     2.0000     6.6337     3.8490     2.8673  0.118E-02  0.167E-02   0.00       0.00       1.00       1.00    
     2.0000     6.7359     3.9007     2.8944  0.118E-02  0.167E-02   0.00       0.00       1.00       1.00    
     2.0000     6.8417     3.9540     2.9233  0.118E-02  0.167E-02   0.00       0.00       1.00       1.00    
     2.0000     6.9508     4.0091     2.9539  0.118E-02  0.167E-02   0.00       0.00       1.00       1.00    
     2.0000     7.0629     4.0657     2.9863  0.118E-02  0.167E-02   0.00       0.00       1.00       1.00    
     2.0000     7.1778     4.1238     3.0205  0.118E-02  0.167E-02   0.00       0.00       1.00       1.00    
     2.0000     7.2953     4.1835     3.0563  0.118E-02  0.167E-02   0.00       0.00       1.00       1.00    
     2.0000     7.4150     4.2446     3.0939  0.118E-02  0.167E-02   0.00       0.00       1.00       1.00    
     5.0000     7.5136     4.2953     3.1256  0.118E-02  0.167E-02   0.00       0.00       1.00       1.00    
     5.0000     7.5979     4.3389     3.1531  0.118E-02  0.167E-02   0.00       0.00       1.00       1.00    
     5.0000     7.6660     4.3744     3.1758  0.118E-02  0.167E-02   0.00       0.00       1.00       1.00    
     5.0000     7.7189     4.4022     3.1936  0.118E-02  0.167E-02   0.00       0.00       1.00       1.00    
     5.0000     7.7578     4.4227     3.2068  0.118E-02  0.167E-02   0.00       0.00       1.00       1.00    
     5.0000     7.7815     4.4352     3.2148  0.118E-02  0.167E-02   0.00       0.00       1.00       1.00    
     5.0000     7.8019     4.4460     3.2218  0.118E-02  0.167E-02   0.00       0.00       1.00       1.00    
     5.0000     7.8109     4.4508     3.2249  0.118E-02  0.167E-02   0.00       0.00       1.00       1.00    
     5.0000     7.8113     4.4510     3.2250  0.118E-02  0.167E-02   0.00       0.00       1.00       1.00    
     5.0000     7.8188     4.4550     3.2276  0.118E-02  0.167E-02   0.00       0.00       1.00       1.00    
    10.0000     7.8240     4.4578     3.2294  0.118E-02  0.167E-02   0.00       0.00       1.00       1.00    
    10.0000     7.8287     4.4603     3.2310  0.118E-02  0.167E-02   0.00       0.00       1.00       1.00    
    10.0000     7.8361     4.4642     3.2336  0.862E-02  0.131E-01   0.00       0.00       1.00       1.00    
    10.0000     7.8421     4.4674     3.2357  0.862E-02  0.131E-01   0.00       0.00       1.00       1.00    
    10.0000     7.8462     4.4696     3.2371  0.855E-02  0.131E-01   0.00       0.00       1.00       1.00    
    10.0000     7.8542     4.4739     3.2399  0.847E-02  0.131E-01   0.00       0.00       1.00       1.00    
    10.0000     7.8612     4.4776     3.2423  0.847E-02  0.131E-01   0.00       0.00       1.00       1.00    
    10.0000     7.8663     4.4803     3.2440  0.833E-02  0.130E-01   0.00       0.00       1.00       1.00    
    10.0000     7.8728     4.4838     3.2463  0.826E-02  0.129E-01   0.00       0.00       1.00       1.00    
    10.0000     7.8792     4.4873     3.2485  0.813E-02  0.128E-01   0.00       0.00       1.00       1.00    
    10.0000     7.8855     4.4907     3.2507  0.806E-02  0.126E-01   0.00       0.00       1.00       1.00    
    10.0000     7.9073     4.5024     3.2583  0.474E-02  0.746E-02   0.00       0.00       1.00       1.00    
    10.0000     7.9436     4.5220     3.2711  0.472E-02  0.741E-02   0.00       0.00       1.00       1.00    
    10.0000     7.9798     4.5416     3.2838  0.469E-02  0.741E-02   0.00       0.00       1.00       1.00    
    10.0000     8.0157     4.5612     3.2966  0.467E-02  0.735E-02   0.00       0.00       1.00       1.00    
    10.0000     8.0514     4.5808     3.3093  0.465E-02  0.735E-02   0.00       0.00       1.00       1.00    
    10.0000     8.0860     4.5999     3.3218  0.463E-02  0.730E-02   0.00       0.00       1.00       1.00    
    10.0000     8.1201     4.6189     3.3341  0.461E-02  0.730E-02   0.00       0.00       1.00       1.00    
    10.0000     8.1534     4.6375     3.3462  0.459E-02  0.725E-02   0.00       0.00       1.00       1.00    
    10.0000     8.1871     4.6565     3.3585  0.455E-02  0.725E-02   0.00       0.00       1.00       1.00    
    10.0000     8.2198     4.6751     3.3705  0.452E-02  0.719E-02   0.00       0.00       1.00       1.00    
    10.0000     8.2529     4.6940     3.3827  0.450E-02  0.714E-02   0.00       0.00       1.00       1.00    
    10.0000     8.2853     4.7127     3.3947  0.448E-02  0.714E-02   0.00       0.00       1.00       1.00    
    10.0000     8.3176     4.7315     3.4068  0.446E-02  0.709E-02   0.00       0.00       1.00       1.00    
    10.0000     8.3495     4.7502     3.4187  0.442E-02  0.704E-02   0.00       0.00       1.00       1.00    
    10.0000     8.3814     4.7691     3.4307  0.441E-02  0.704E-02   0.00       0.00       1.00       1.00    
    10.0000     8.4126     4.7877     3.4425  0.439E-02  0.699E-02   0.00       0.00       1.00       1.00    
    10.0000     8.4441     4.8067     3.4544  0.435E-02  0.694E-02   0.00       0.00       1.00       1.00    
    10.0000     8.4746     4.8252     3.4661  0.433E-02  0.690E-02   0.00       0.00       1.00       1.00    
    10.0000     8.5080     4.8442     3.4530  0.431E-02  0.690E-02   0.00       0.00       1.00       1.00    
    10.0000     8.5411     4.8615     3.4655  0.427E-02  0.685E-02   0.00       0.00       1.00       1.00    
    10.0000     8.9802     5.0911     3.6311  0.388E-02  0.613E-02   0.00       0.00       1.00       1.00    
    10.0000     9.0208     5.1123     3.6464  0.388E-02  0.613E-02   0.00       0.00       1.00       1.00    
    10.0000     9.0615     5.1336     3.6618  0.386E-02  0.610E-02   0.00       0.00       1.00       1.00    
    10.0000     9.1017     5.1546     3.6769  0.386E-02  0.610E-02   0.00       0.00       1.00       1.00    
    10.0000     9.1422     5.1758     3.6922  0.385E-02  0.606E-02   0.00       0.00       1.00       1.00    
    10.0000     9.1828     5.1970     3.7075  0.385E-02  0.606E-02   0.00       0.00       1.00       1.00    
    10.0000     9.2231     5.2181     3.7227  0.383E-02  0.606E-02   0.00       0.00       1.00       1.00    
    10.0000     9.2639     5.2394     3.7381  0.383E-02  0.602E-02   0.00       0.00       1.00       1.00    
    10.0000     9.3040     5.2604     3.7532  0.383E-02  0.602E-02   0.00       0.00       1.00       1.00    
    10.0000     9.3446     5.2816     3.7685  0.382E-02  0.599E-02   0.00       0.00       1.00       1.00    
    10.0000     9.3853     5.3029     3.7839  0.382E-02  0.599E-02   0.00       0.00       1.00       1.00    
    10.0000     9.4261     5.3242     3.7993  0.380E-02  0.599E-02   0.00       0.00       1.00       1.00    
    10.0000     9.4666     5.3454     3.8146  0.380E-02  0.595E-02   0.00       0.00       1.00       1.00    
    10.0000     9.5077     5.3669     3.8301  0.380E-02  0.595E-02   0.00       0.00       1.00       1.00    
    10.0000     9.5487     5.3883     3.8455  0.379E-02  0.592E-02   0.00       0.00       1.00       1.00    
    10.0000     9.5890     5.4094     3.8607  0.379E-02  0.592E-02   0.00       0.00       1.00       1.00    
     0.0000     9.6296     5.4306     3.8760  0.377E-02  0.592E-02   0.00       0.00       1.00       1.00    
