MODEL.01
 
ISOTROPIC
KGS
SPHERICAL EARTH
1-D
CONSTANT VELOCITY
LINE08
LINE09
LINE10
LINE11
      H(KM)   VP(KM/S)   VS(KM/S) RHO(GM/CC)     QP         QS       ETAP       ETAS      FREFP      FREFS    
     2.0000     5.7676     3.4012     2.6687  0.118E-02  0.167E-02   0.00       0.00       1.00       1.00    
     2.0000     5.7865     3.4113     2.6725  0.118E-02  0.167E-02   0.00       0.00       1.00       1.00    
     2.0000     5.8327     3.4359     2.6818  0.118E-02  0.167E-02   0.00       0.00       1.00       1.00    
     2.0000     5.9090     3.4762     2.6974  0.118E-02  0.167E-02   0.00       0.00       1.00       1.00    
     2.0000     6.0010     3.5245     2.7169  0.118E-02  0.167E-02   0.00       0.00       1.00       1.00    
     2.0000     6.0882     3.5699     2.7359  0.118E-02  0.167E-02   0.00       0.00       1.00       1.00    
     2.0000     6.1578     3.6060     2.7514  0.118E-02  0.167E-02   0.00       0.00       1.00       1.00    
     2.0000     6.2029     3.6293     2.7617  0.118E-02  0.167E-02   0.00       0.00       1.00       1.00    
     2.0000     6.2278     3.6421     2.7674  0.118E-02  0.167E-02   0.00       0.00       1.00       1.00    
     2.0000     6.2434     3.6501     2.7710  0.118E-02  0.167E-02   0.00       0.00       1.00       1.00    
     2.0000     6.2736     3.6657     2.7781  0.118E-02  0.167E-02   0.00       0.00       1.00       1.00    
     2.0000     6.3277     3.6934     2.7908  0.118E-02  0.167E-02   0.00       0.00       1.00       1.00    
     2.0000     6.4185     3.7398     2.8128  0.118E-02  0.167E-02   0.00       0.00       1.00       1.00    
     2.0000     6.5533     3.8083     2.8466  0.118E-02  0.167E-02   0.00       0.00       1.00       1.00    
     2.0000     6.7270     3.8961     2.8920  0.118E-02  0.167E-02   0.00       0.00       1.00       1.00    
     2.0000     6.9324     3.9998     2.9487  0.118E-02  0.167E-02   0.00       0.00       1.00       1.00    
     2.0000     7.1557     4.1126     3.0138  0.118E-02  0.167E-02   0.00       0.00       1.00       1.00    
     2.0000     7.3792     4.2263     3.0826  0.118E-02  0.167E-02   0.00       0.00       1.00       1.00    
     2.0000     7.5885     4.3341     3.1500  0.118E-02  0.167E-02   0.00       0.00       1.00       1.00    
     2.0000     7.7674     4.4277     3.2100  0.118E-02  0.167E-02   0.00       0.00       1.00       1.00    
     2.0000     7.9070     4.5022     3.2582  0.118E-02  0.167E-02   0.00       0.00       1.00       1.00    
     2.0000     7.9991     4.5521     3.2907  0.118E-02  0.167E-02   0.00       0.00       1.00       1.00    
     2.0000     8.0402     4.5746     3.3053  0.118E-02  0.167E-02   0.00       0.00       1.00       1.00    
     2.0000     8.0283     4.5681     3.3011  0.118E-02  0.167E-02   0.00       0.00       1.00       1.00    
     2.0000     7.9636     4.5328     3.2781  0.118E-02  0.167E-02   0.00       0.00       1.00       1.00    
     5.0000     7.8693     4.4819     3.2451  0.118E-02  0.167E-02   0.00       0.00       1.00       1.00    
     5.0000     7.7308     4.4084     3.1976  0.118E-02  0.167E-02   0.00       0.00       1.00       1.00    
     5.0000     7.6046     4.3424     3.1554  0.118E-02  0.167E-02   0.00       0.00       1.00       1.00    
     5.0000     7.5289     4.3032     3.1305  0.118E-02  0.167E-02   0.00       0.00       1.00       1.00    
     5.0000     7.5073     4.2921     3.1235  0.118E-02  0.167E-02   0.00       0.00       1.00       1.00    
     5.0000     7.5244     4.3009     3.1291  0.118E-02  0.167E-02   0.00       0.00       1.00       1.00    
     5.0000     7.5625     4.3206     3.1415  0.118E-02  0.167E-02   0.00       0.00       1.00       1.00    
     5.0000     7.5921     4.3360     3.1512  0.118E-02  0.167E-02   0.00       0.00       1.00       1.00    
     5.0000     7.6003     4.3402     3.1539  0.118E-02  0.167E-02   0.00       0.00       1.00       1.00    
     5.0000     7.6196     4.3502     3.1603  0.118E-02  0.167E-02   0.00       0.00       1.00       1.00    
    10.0000     7.6397     4.3607     3.1670  0.118E-02  0.167E-02   0.00       0.00       1.00       1.00    
    10.0000     7.6653     4.3741     3.1755  0.118E-02  0.167E-02   0.00       0.00       1.00       1.00    
    10.0000     7.6993     4.3919     3.1869  0.862E-02  0.131E-01   0.00       0.00       1.00       1.00    
    10.0000     7.7365     4.4114     3.1995  0.862E-02  0.131E-01   0.00       0.00       1.00       1.00    
    10.0000     7.7739     4.4312     3.2123  0.855E-02  0.131E-01   0.00       0.00       1.00       1.00    
    10.0000     7.8170     4.4540     3.2270  0.847E-02  0.131E-01   0.00       0.00       1.00       1.00    
    10.0000     7.8594     4.4767     3.2417  0.847E-02  0.131E-01   0.00       0.00       1.00       1.00    
    10.0000     7.8985     4.4976     3.2552  0.833E-02  0.130E-01   0.00       0.00       1.00       1.00    
    10.0000     7.9373     4.5185     3.2688  0.826E-02  0.129E-01   0.00       0.00       1.00       1.00    
    10.0000     7.9738     4.5383     3.2817  0.813E-02  0.128E-01   0.00       0.00       1.00       1.00    
    10.0000     8.0077     4.5568     3.2938  0.806E-02  0.126E-01   0.00       0.00       1.00       1.00    
    10.0000     8.0538     4.5821     3.3102  0.474E-02  0.746E-02   0.00       0.00       1.00       1.00    
    10.0000     8.1083     4.6123     3.3298  0.472E-02  0.741E-02   0.00       0.00       1.00       1.00    
    10.0000     8.1609     4.6417     3.3489  0.469E-02  0.741E-02   0.00       0.00       1.00       1.00    
    10.0000     8.2091     4.6690     3.3666  0.467E-02  0.735E-02   0.00       0.00       1.00       1.00    
    10.0000     8.2520     4.6935     3.3824  0.465E-02  0.735E-02   0.00       0.00       1.00       1.00    
    10.0000     8.2911     4.7161     3.3969  0.463E-02  0.730E-02   0.00       0.00       1.00       1.00    
    10.0000     8.3264     4.7366     3.4101  0.461E-02  0.730E-02   0.00       0.00       1.00       1.00    
    10.0000     8.3572     4.7547     3.4216  0.459E-02  0.725E-02   0.00       0.00       1.00       1.00    
    10.0000     8.3847     4.7710     3.4319  0.455E-02  0.725E-02   0.00       0.00       1.00       1.00    
    10.0000     8.4086     4.7853     3.4410  0.452E-02  0.719E-02   0.00       0.00       1.00       1.00    
    10.0000     8.4299     4.7981     3.4490  0.450E-02  0.714E-02   0.00       0.00       1.00       1.00    
    10.0000     8.4483     4.8092     3.4560  0.448E-02  0.714E-02   0.00       0.00       1.00       1.00    
    10.0000     8.4634     4.8184     3.4618  0.446E-02  0.709E-02   0.00       0.00       1.00       1.00    
    10.0000     8.4766     4.8265     3.4668  0.442E-02  0.704E-02   0.00       0.00       1.00       1.00    
    10.0000     8.4868     4.8327     3.4707  0.441E-02  0.704E-02   0.00       0.00       1.00       1.00    
    10.0000     8.4945     4.8374     3.4737  0.439E-02  0.699E-02   0.00       0.00       1.00       1.00    
    10.0000     8.5024     4.8413     3.4509  0.435E-02  0.694E-02   0.00       0.00       1.00       1.00    
    10.0000     8.5056     4.8429     3.4521  0.433E-02  0.690E-02   0.00       0.00       1.00       1.00    
    10.0000     8.5080     4.8442     3.4530  0.431E-02  0.690E-02   0.00       0.00       1.00       1.00    
    10.0000     8.5411     4.8615     3.4655  0.427E-02  0.685E-02   0.00       0.00       1.00       1.00    
    10.0000     8.9802     5.0911     3.6311  0.388E-02  0.613E-02   0.00       0.00       1.00       1.00    
    10.0000     9.0208     5.1123     3.6464  0.388E-02  0.613E-02   0.00       0.00       1.00       1.00    
    10.0000     9.0615     5.1336     3.6618  0.386E-02  0.610E-02   0.00       0.00       1.00       1.00    
    10.0000     9.1017     5.1546     3.6769  0.386E-02  0.610E-02   0.00       0.00       1.00       1.00    
    10.0000     9.1422     5.1758     3.6922  0.385E-02  0.606E-02   0.00       0.00       1.00       1.00    
    10.0000     9.1828     5.1970     3.7075  0.385E-02  0.606E-02   0.00       0.00       1.00       1.00    
    10.0000     9.2231     5.2181     3.7227  0.383E-02  0.606E-02   0.00       0.00       1.00       1.00    
    10.0000     9.2639     5.2394     3.7381  0.383E-02  0.602E-02   0.00       0.00       1.00       1.00    
    10.0000     9.3040     5.2604     3.7532  0.383E-02  0.602E-02   0.00       0.00       1.00       1.00    
    10.0000     9.3446     5.2816     3.7685  0.382E-02  0.599E-02   0.00       0.00       1.00       1.00    
    10.0000     9.3853     5.3029     3.7839  0.382E-02  0.599E-02   0.00       0.00       1.00       1.00    
    10.0000     9.4261     5.3242     3.7993  0.380E-02  0.599E-02   0.00       0.00       1.00       1.00    
    10.0000     9.4666     5.3454     3.8146  0.380E-02  0.595E-02   0.00       0.00       1.00       1.00    
    10.0000     9.5077     5.3669     3.8301  0.380E-02  0.595E-02   0.00       0.00       1.00       1.00    
    10.0000     9.5487     5.3883     3.8455  0.379E-02  0.592E-02   0.00       0.00       1.00       1.00    
    10.0000     9.5890     5.4094     3.8607  0.379E-02  0.592E-02   0.00       0.00       1.00       1.00    
     0.0000     9.6296     5.4306     3.8760  0.377E-02  0.592E-02   0.00       0.00       1.00       1.00    
