MODEL.01
 
ISOTROPIC
KGS
SPHERICAL EARTH
1-D
CONSTANT VELOCITY
LINE08
LINE09
LINE10
LINE11
      H(KM)   VP(KM/S)   VS(KM/S) RHO(GM/CC)     QP         QS       ETAP       ETAS      FREFP      FREFS    
     2.0000     5.8000     3.4185     2.6752  0.118E-02  0.167E-02   0.00       0.00       1.00       1.00    
     2.0000     5.8067     3.4221     2.6765  0.118E-02  0.167E-02   0.00       0.00       1.00       1.00    
     2.0000     5.8196     3.4289     2.6791  0.118E-02  0.167E-02   0.00       0.00       1.00       1.00    
     2.0000     5.8421     3.4409     2.6837  0.118E-02  0.167E-02   0.00       0.00       1.00       1.00    
     2.0000     5.8770     3.4593     2.6908  0.118E-02  0.167E-02   0.00       0.00       1.00       1.00    
     2.0000     5.9255     3.4849     2.7009  0.118E-02  0.167E-02   0.00       0.00       1.00       1.00    
     2.0000     5.9876     3.5175     2.7140  0.118E-02  0.167E-02   0.00       0.00       1.00       1.00    
     2.0000     6.0614     3.5560     2.7300  0.118E-02  0.167E-02   0.00       0.00       1.00       1.00    
     2.0000     6.1447     3.5992     2.7484  0.118E-02  0.167E-02   0.00       0.00       1.00       1.00    
     2.0000     6.2340     3.6453     2.7688  0.118E-02  0.167E-02   0.00       0.00       1.00       1.00    
     2.0000     6.3792     3.7197     2.8032  0.118E-02  0.167E-02   0.00       0.00       1.00       1.00    
     2.0000     6.5253     3.7941     2.8394  0.118E-02  0.167E-02   0.00       0.00       1.00       1.00    
     2.0000     6.6684     3.8665     2.8764  0.118E-02  0.167E-02   0.00       0.00       1.00       1.00    
     2.0000     6.8052     3.9356     2.9133  0.118E-02  0.167E-02   0.00       0.00       1.00       1.00    
     2.0000     6.9325     3.9999     2.9487  0.118E-02  0.167E-02   0.00       0.00       1.00       1.00    
     2.0000     7.0485     4.0584     2.9821  0.118E-02  0.167E-02   0.00       0.00       1.00       1.00    
     2.0000     7.1521     4.1108     3.0127  0.118E-02  0.167E-02   0.00       0.00       1.00       1.00    
     2.0000     7.2429     4.1568     3.0402  0.118E-02  0.167E-02   0.00       0.00       1.00       1.00    
     2.0000     7.3208     4.1965     3.0642  0.118E-02  0.167E-02   0.00       0.00       1.00       1.00    
     2.0000     7.3863     4.2300     3.0848  0.118E-02  0.167E-02   0.00       0.00       1.00       1.00    
     2.0000     7.4410     4.2580     3.1022  0.118E-02  0.167E-02   0.00       0.00       1.00       1.00    
     2.0000     7.4856     4.2809     3.1165  0.118E-02  0.167E-02   0.00       0.00       1.00       1.00    
     2.0000     7.5219     4.2996     3.1283  0.118E-02  0.167E-02   0.00       0.00       1.00       1.00    
     2.0000     7.5518     4.3151     3.1380  0.118E-02  0.167E-02   0.00       0.00       1.00       1.00    
     2.0000     7.5770     4.3281     3.1463  0.118E-02  0.167E-02   0.00       0.00       1.00       1.00    
     5.0000     7.5948     4.3374     3.1521  0.118E-02  0.167E-02   0.00       0.00       1.00       1.00    
     5.0000     7.6120     4.3463     3.1578  0.118E-02  0.167E-02   0.00       0.00       1.00       1.00    
     5.0000     7.6315     4.3564     3.1643  0.118E-02  0.167E-02   0.00       0.00       1.00       1.00    
     5.0000     7.6551     4.3687     3.1721  0.118E-02  0.167E-02   0.00       0.00       1.00       1.00    
     5.0000     7.6795     4.3815     3.1803  0.118E-02  0.167E-02   0.00       0.00       1.00       1.00    
     5.0000     7.6991     4.3918     3.1869  0.118E-02  0.167E-02   0.00       0.00       1.00       1.00    
     5.0000     7.7205     4.4030     3.1941  0.118E-02  0.167E-02   0.00       0.00       1.00       1.00    
     5.0000     7.7316     4.4089     3.1978  0.118E-02  0.167E-02   0.00       0.00       1.00       1.00    
     5.0000     7.7327     4.4095     3.1982  0.118E-02  0.167E-02   0.00       0.00       1.00       1.00    
     5.0000     7.7417     4.4142     3.2013  0.118E-02  0.167E-02   0.00       0.00       1.00       1.00    
    10.0000     7.7487     4.4179     3.2037  0.118E-02  0.167E-02   0.00       0.00       1.00       1.00    
    10.0000     7.7557     4.4216     3.2060  0.118E-02  0.167E-02   0.00       0.00       1.00       1.00    
    10.0000     7.7662     4.4271     3.2096  0.862E-02  0.131E-01   0.00       0.00       1.00       1.00    
    10.0000     7.7757     4.4322     3.2129  0.862E-02  0.131E-01   0.00       0.00       1.00       1.00    
    10.0000     7.7840     4.4365     3.2157  0.855E-02  0.131E-01   0.00       0.00       1.00       1.00    
    10.0000     7.7962     4.4430     3.2198  0.847E-02  0.131E-01   0.00       0.00       1.00       1.00    
    10.0000     7.8073     4.4489     3.2237  0.847E-02  0.131E-01   0.00       0.00       1.00       1.00    
    10.0000     7.8168     4.4540     3.2270  0.833E-02  0.130E-01   0.00       0.00       1.00       1.00    
    10.0000     7.8276     4.4597     3.2307  0.826E-02  0.129E-01   0.00       0.00       1.00       1.00    
    10.0000     7.8383     4.4654     3.2343  0.813E-02  0.128E-01   0.00       0.00       1.00       1.00    
    10.0000     7.8488     4.4710     3.2380  0.806E-02  0.126E-01   0.00       0.00       1.00       1.00    
    10.0000     7.8744     4.4847     3.2469  0.474E-02  0.746E-02   0.00       0.00       1.00       1.00    
    10.0000     7.9144     4.5062     3.2608  0.472E-02  0.741E-02   0.00       0.00       1.00       1.00    
    10.0000     7.9540     4.5276     3.2747  0.469E-02  0.741E-02   0.00       0.00       1.00       1.00    
    10.0000     7.9933     4.5490     3.2886  0.467E-02  0.735E-02   0.00       0.00       1.00       1.00    
    10.0000     8.0320     4.5701     3.3024  0.465E-02  0.735E-02   0.00       0.00       1.00       1.00    
    10.0000     8.0692     4.5906     3.3158  0.463E-02  0.730E-02   0.00       0.00       1.00       1.00    
    10.0000     8.1059     4.6110     3.3290  0.461E-02  0.730E-02   0.00       0.00       1.00       1.00    
    10.0000     8.1413     4.6308     3.3418  0.459E-02  0.725E-02   0.00       0.00       1.00       1.00    
    10.0000     8.1769     4.6508     3.3548  0.455E-02  0.725E-02   0.00       0.00       1.00       1.00    
    10.0000     8.2114     4.6703     3.3674  0.452E-02  0.719E-02   0.00       0.00       1.00       1.00    
    10.0000     8.2461     4.6901     3.3802  0.450E-02  0.714E-02   0.00       0.00       1.00       1.00    
    10.0000     8.2799     4.7096     3.3927  0.448E-02  0.714E-02   0.00       0.00       1.00       1.00    
    10.0000     8.3134     4.7290     3.4052  0.446E-02  0.709E-02   0.00       0.00       1.00       1.00    
    10.0000     8.3464     4.7484     3.4175  0.442E-02  0.704E-02   0.00       0.00       1.00       1.00    
    10.0000     8.3793     4.7678     3.4299  0.441E-02  0.704E-02   0.00       0.00       1.00       1.00    
    10.0000     8.4111     4.7868     3.4419  0.439E-02  0.699E-02   0.00       0.00       1.00       1.00    
    10.0000     8.4433     4.8062     3.4541  0.435E-02  0.694E-02   0.00       0.00       1.00       1.00    
    10.0000     8.4741     4.8249     3.4659  0.433E-02  0.690E-02   0.00       0.00       1.00       1.00    
    10.0000     8.5080     4.8442     3.4530  0.431E-02  0.690E-02   0.00       0.00       1.00       1.00    
    10.0000     8.5411     4.8615     3.4655  0.427E-02  0.685E-02   0.00       0.00       1.00       1.00    
    10.0000     8.9802     5.0911     3.6311  0.388E-02  0.613E-02   0.00       0.00       1.00       1.00    
    10.0000     9.0208     5.1123     3.6464  0.388E-02  0.613E-02   0.00       0.00       1.00       1.00    
    10.0000     9.0615     5.1336     3.6618  0.386E-02  0.610E-02   0.00       0.00       1.00       1.00    
    10.0000     9.1017     5.1546     3.6769  0.386E-02  0.610E-02   0.00       0.00       1.00       1.00    
    10.0000     9.1422     5.1758     3.6922  0.385E-02  0.606E-02   0.00       0.00       1.00       1.00    
    10.0000     9.1828     5.1970     3.7075  0.385E-02  0.606E-02   0.00       0.00       1.00       1.00    
    10.0000     9.2231     5.2181     3.7227  0.383E-02  0.606E-02   0.00       0.00       1.00       1.00    
    10.0000     9.2639     5.2394     3.7381  0.383E-02  0.602E-02   0.00       0.00       1.00       1.00    
    10.0000     9.3040     5.2604     3.7532  0.383E-02  0.602E-02   0.00       0.00       1.00       1.00    
    10.0000     9.3446     5.2816     3.7685  0.382E-02  0.599E-02   0.00       0.00       1.00       1.00    
    10.0000     9.3853     5.3029     3.7839  0.382E-02  0.599E-02   0.00       0.00       1.00       1.00    
    10.0000     9.4261     5.3242     3.7993  0.380E-02  0.599E-02   0.00       0.00       1.00       1.00    
    10.0000     9.4666     5.3454     3.8146  0.380E-02  0.595E-02   0.00       0.00       1.00       1.00    
    10.0000     9.5077     5.3669     3.8301  0.380E-02  0.595E-02   0.00       0.00       1.00       1.00    
    10.0000     9.5487     5.3883     3.8455  0.379E-02  0.592E-02   0.00       0.00       1.00       1.00    
    10.0000     9.5890     5.4094     3.8607  0.379E-02  0.592E-02   0.00       0.00       1.00       1.00    
     0.0000     9.6296     5.4306     3.8760  0.377E-02  0.592E-02   0.00       0.00       1.00       1.00    
