MODEL.01
 
ISOTROPIC
KGS
SPHERICAL EARTH
1-D
CONSTANT VELOCITY
LINE08
LINE09
LINE10
LINE11
      H(KM)   VP(KM/S)   VS(KM/S) RHO(GM/CC)     QP         QS       ETAP       ETAS      FREFP      FREFS    
     2.0000     5.8036     3.4204     2.6759  0.118E-02  0.167E-02   0.00       0.00       1.00       1.00    
     2.0000     5.8213     3.4298     2.6795  0.118E-02  0.167E-02   0.00       0.00       1.00       1.00    
     2.0000     5.8624     3.4516     2.6878  0.118E-02  0.167E-02   0.00       0.00       1.00       1.00    
     2.0000     5.9268     3.4856     2.7011  0.118E-02  0.167E-02   0.00       0.00       1.00       1.00    
     2.0000     6.0029     3.5255     2.7173  0.118E-02  0.167E-02   0.00       0.00       1.00       1.00    
     2.0000     6.0733     3.5622     2.7326  0.118E-02  0.167E-02   0.00       0.00       1.00       1.00    
     2.0000     6.1296     3.5914     2.7451  0.118E-02  0.167E-02   0.00       0.00       1.00       1.00    
     2.0000     6.1674     3.6110     2.7536  0.118E-02  0.167E-02   0.00       0.00       1.00       1.00    
     2.0000     6.1919     3.6236     2.7591  0.118E-02  0.167E-02   0.00       0.00       1.00       1.00    
     2.0000     6.2133     3.6346     2.7641  0.118E-02  0.167E-02   0.00       0.00       1.00       1.00    
     2.0000     6.2583     3.6578     2.7745  0.118E-02  0.167E-02   0.00       0.00       1.00       1.00    
     2.0000     6.3301     3.6946     2.7914  0.118E-02  0.167E-02   0.00       0.00       1.00       1.00    
     2.0000     6.4375     3.7494     2.8175  0.118E-02  0.167E-02   0.00       0.00       1.00       1.00    
     2.0000     6.5845     3.8241     2.8546  0.118E-02  0.167E-02   0.00       0.00       1.00       1.00    
     2.0000     6.7650     3.9154     2.9023  0.118E-02  0.167E-02   0.00       0.00       1.00       1.00    
     2.0000     6.9708     4.0192     2.9596  0.118E-02  0.167E-02   0.00       0.00       1.00       1.00    
     2.0000     7.1890     4.1295     3.0238  0.118E-02  0.167E-02   0.00       0.00       1.00       1.00    
     2.0000     7.4023     4.2381     3.0899  0.118E-02  0.167E-02   0.00       0.00       1.00       1.00    
     2.0000     7.5987     4.3394     3.1534  0.118E-02  0.167E-02   0.00       0.00       1.00       1.00    
     2.0000     7.7636     4.4257     3.2087  0.118E-02  0.167E-02   0.00       0.00       1.00       1.00    
     2.0000     7.8898     4.4929     3.2522  0.118E-02  0.167E-02   0.00       0.00       1.00       1.00    
     2.0000     7.9703     4.5364     3.2805  0.118E-02  0.167E-02   0.00       0.00       1.00       1.00    
     2.0000     8.0024     4.5539     3.2919  0.118E-02  0.167E-02   0.00       0.00       1.00       1.00    
     2.0000     7.9854     4.5446     3.2858  0.118E-02  0.167E-02   0.00       0.00       1.00       1.00    
     2.0000     7.9191     4.5087     3.2625  0.118E-02  0.167E-02   0.00       0.00       1.00       1.00    
     5.0000     7.8277     4.4598     3.2307  0.118E-02  0.167E-02   0.00       0.00       1.00       1.00    
     5.0000     7.7000     4.3923     3.1872  0.118E-02  0.167E-02   0.00       0.00       1.00       1.00    
     5.0000     7.5882     4.3339     3.1500  0.118E-02  0.167E-02   0.00       0.00       1.00       1.00    
     5.0000     7.5252     4.3013     3.1293  0.118E-02  0.167E-02   0.00       0.00       1.00       1.00    
     5.0000     7.5123     4.2947     3.1251  0.118E-02  0.167E-02   0.00       0.00       1.00       1.00    
     5.0000     7.5341     4.3059     3.1322  0.118E-02  0.167E-02   0.00       0.00       1.00       1.00    
     5.0000     7.5734     4.3263     3.1451  0.118E-02  0.167E-02   0.00       0.00       1.00       1.00    
     5.0000     7.6032     4.3417     3.1549  0.118E-02  0.167E-02   0.00       0.00       1.00       1.00    
     5.0000     7.6109     4.3458     3.1575  0.118E-02  0.167E-02   0.00       0.00       1.00       1.00    
     5.0000     7.6299     4.3556     3.1637  0.118E-02  0.167E-02   0.00       0.00       1.00       1.00    
    10.0000     7.6493     4.3657     3.1702  0.118E-02  0.167E-02   0.00       0.00       1.00       1.00    
    10.0000     7.6736     4.3784     3.1783  0.118E-02  0.167E-02   0.00       0.00       1.00       1.00    
    10.0000     7.7059     4.3954     3.1892  0.862E-02  0.131E-01   0.00       0.00       1.00       1.00    
    10.0000     7.7409     4.4138     3.2010  0.862E-02  0.131E-01   0.00       0.00       1.00       1.00    
    10.0000     7.7762     4.4324     3.2130  0.855E-02  0.131E-01   0.00       0.00       1.00       1.00    
    10.0000     7.8165     4.4538     3.2268  0.847E-02  0.131E-01   0.00       0.00       1.00       1.00    
    10.0000     7.8563     4.4750     3.2406  0.847E-02  0.131E-01   0.00       0.00       1.00       1.00    
    10.0000     7.8928     4.4946     3.2533  0.833E-02  0.130E-01   0.00       0.00       1.00       1.00    
    10.0000     7.9290     4.5141     3.2659  0.826E-02  0.129E-01   0.00       0.00       1.00       1.00    
    10.0000     7.9633     4.5326     3.2780  0.813E-02  0.128E-01   0.00       0.00       1.00       1.00    
    10.0000     7.9948     4.5498     3.2892  0.806E-02  0.126E-01   0.00       0.00       1.00       1.00    
    10.0000     8.0388     4.5739     3.3048  0.474E-02  0.746E-02   0.00       0.00       1.00       1.00    
    10.0000     8.0921     4.6033     3.3240  0.472E-02  0.741E-02   0.00       0.00       1.00       1.00    
    10.0000     8.1434     4.6319     3.3426  0.469E-02  0.741E-02   0.00       0.00       1.00       1.00    
    10.0000     8.1904     4.6584     3.3597  0.467E-02  0.735E-02   0.00       0.00       1.00       1.00    
    10.0000     8.2328     4.6825     3.3753  0.465E-02  0.735E-02   0.00       0.00       1.00       1.00    
    10.0000     8.2715     4.7047     3.3896  0.463E-02  0.730E-02   0.00       0.00       1.00       1.00    
    10.0000     8.3067     4.7252     3.4027  0.461E-02  0.730E-02   0.00       0.00       1.00       1.00    
    10.0000     8.3378     4.7433     3.4143  0.459E-02  0.725E-02   0.00       0.00       1.00       1.00    
    10.0000     8.3654     4.7596     3.4247  0.455E-02  0.725E-02   0.00       0.00       1.00       1.00    
    10.0000     8.3902     4.7743     3.4340  0.452E-02  0.719E-02   0.00       0.00       1.00       1.00    
    10.0000     8.4127     4.7877     3.4425  0.450E-02  0.714E-02   0.00       0.00       1.00       1.00    
    10.0000     8.4323     4.7995     3.4500  0.448E-02  0.714E-02   0.00       0.00       1.00       1.00    
    10.0000     8.4489     4.8096     3.4563  0.446E-02  0.709E-02   0.00       0.00       1.00       1.00    
    10.0000     8.4639     4.8187     3.4620  0.442E-02  0.704E-02   0.00       0.00       1.00       1.00    
    10.0000     8.4761     4.8262     3.4666  0.441E-02  0.704E-02   0.00       0.00       1.00       1.00    
    10.0000     8.4861     4.8323     3.4705  0.439E-02  0.699E-02   0.00       0.00       1.00       1.00    
    10.0000     8.4949     4.8377     3.4738  0.435E-02  0.694E-02   0.00       0.00       1.00       1.00    
    10.0000     8.5019     4.8410     3.4507  0.433E-02  0.690E-02   0.00       0.00       1.00       1.00    
    10.0000     8.5080     4.8442     3.4530  0.431E-02  0.690E-02   0.00       0.00       1.00       1.00    
    10.0000     8.5411     4.8615     3.4655  0.427E-02  0.685E-02   0.00       0.00       1.00       1.00    
    10.0000     8.9802     5.0911     3.6311  0.388E-02  0.613E-02   0.00       0.00       1.00       1.00    
    10.0000     9.0208     5.1123     3.6464  0.388E-02  0.613E-02   0.00       0.00       1.00       1.00    
    10.0000     9.0615     5.1336     3.6618  0.386E-02  0.610E-02   0.00       0.00       1.00       1.00    
    10.0000     9.1017     5.1546     3.6769  0.386E-02  0.610E-02   0.00       0.00       1.00       1.00    
    10.0000     9.1422     5.1758     3.6922  0.385E-02  0.606E-02   0.00       0.00       1.00       1.00    
    10.0000     9.1828     5.1970     3.7075  0.385E-02  0.606E-02   0.00       0.00       1.00       1.00    
    10.0000     9.2231     5.2181     3.7227  0.383E-02  0.606E-02   0.00       0.00       1.00       1.00    
    10.0000     9.2639     5.2394     3.7381  0.383E-02  0.602E-02   0.00       0.00       1.00       1.00    
    10.0000     9.3040     5.2604     3.7532  0.383E-02  0.602E-02   0.00       0.00       1.00       1.00    
    10.0000     9.3446     5.2816     3.7685  0.382E-02  0.599E-02   0.00       0.00       1.00       1.00    
    10.0000     9.3853     5.3029     3.7839  0.382E-02  0.599E-02   0.00       0.00       1.00       1.00    
    10.0000     9.4261     5.3242     3.7993  0.380E-02  0.599E-02   0.00       0.00       1.00       1.00    
    10.0000     9.4666     5.3454     3.8146  0.380E-02  0.595E-02   0.00       0.00       1.00       1.00    
    10.0000     9.5077     5.3669     3.8301  0.380E-02  0.595E-02   0.00       0.00       1.00       1.00    
    10.0000     9.5487     5.3883     3.8455  0.379E-02  0.592E-02   0.00       0.00       1.00       1.00    
    10.0000     9.5890     5.4094     3.8607  0.379E-02  0.592E-02   0.00       0.00       1.00       1.00    
     0.0000     9.6296     5.4306     3.8760  0.377E-02  0.592E-02   0.00       0.00       1.00       1.00    
