MODEL.01
 
ISOTROPIC
KGS
SPHERICAL EARTH
1-D
CONSTANT VELOCITY
LINE08
LINE09
LINE10
LINE11
      H(KM)   VP(KM/S)   VS(KM/S) RHO(GM/CC)     QP         QS       ETAP       ETAS      FREFP      FREFS    
     2.0000     5.8682     3.4547     2.6890  0.118E-02  0.167E-02   0.00       0.00       1.00       1.00    
     2.0000     5.8823     3.4621     2.6919  0.118E-02  0.167E-02   0.00       0.00       1.00       1.00    
     2.0000     5.9108     3.4772     2.6978  0.118E-02  0.167E-02   0.00       0.00       1.00       1.00    
     2.0000     5.9497     3.4976     2.7060  0.118E-02  0.167E-02   0.00       0.00       1.00       1.00    
     2.0000     5.9927     3.5202     2.7151  0.118E-02  0.167E-02   0.00       0.00       1.00       1.00    
     2.0000     6.0317     3.5405     2.7235  0.118E-02  0.167E-02   0.00       0.00       1.00       1.00    
     2.0000     6.0659     3.5583     2.7309  0.118E-02  0.167E-02   0.00       0.00       1.00       1.00    
     2.0000     6.0962     3.5741     2.7376  0.118E-02  0.167E-02   0.00       0.00       1.00       1.00    
     2.0000     6.1285     3.5908     2.7448  0.118E-02  0.167E-02   0.00       0.00       1.00       1.00    
     2.0000     6.1686     3.6116     2.7538  0.118E-02  0.167E-02   0.00       0.00       1.00       1.00    
     2.0000     6.2532     3.6552     2.7733  0.118E-02  0.167E-02   0.00       0.00       1.00       1.00    
     2.0000     6.3655     3.7127     2.7999  0.118E-02  0.167E-02   0.00       0.00       1.00       1.00    
     2.0000     6.5068     3.7847     2.8348  0.118E-02  0.167E-02   0.00       0.00       1.00       1.00    
     2.0000     6.6753     3.8700     2.8783  0.118E-02  0.167E-02   0.00       0.00       1.00       1.00    
     2.0000     6.8625     3.9645     2.9291  0.118E-02  0.167E-02   0.00       0.00       1.00       1.00    
     2.0000     7.0591     4.0637     2.9852  0.118E-02  0.167E-02   0.00       0.00       1.00       1.00    
     2.0000     7.2543     4.1627     3.0437  0.118E-02  0.167E-02   0.00       0.00       1.00       1.00    
     2.0000     7.4358     4.2553     3.1005  0.118E-02  0.167E-02   0.00       0.00       1.00       1.00    
     2.0000     7.5953     4.3376     3.1523  0.118E-02  0.167E-02   0.00       0.00       1.00       1.00    
     2.0000     7.7239     4.4048     3.1952  0.118E-02  0.167E-02   0.00       0.00       1.00       1.00    
     2.0000     7.8174     4.4542     3.2271  0.118E-02  0.167E-02   0.00       0.00       1.00       1.00    
     2.0000     7.8725     4.4837     3.2462  0.118E-02  0.167E-02   0.00       0.00       1.00       1.00    
     2.0000     7.8883     4.4921     3.2517  0.118E-02  0.167E-02   0.00       0.00       1.00       1.00    
     2.0000     7.8655     4.4799     3.2438  0.118E-02  0.167E-02   0.00       0.00       1.00       1.00    
     2.0000     7.8058     4.4481     3.2231  0.118E-02  0.167E-02   0.00       0.00       1.00       1.00    
     5.0000     7.7308     4.4085     3.1976  0.118E-02  0.167E-02   0.00       0.00       1.00       1.00    
     5.0000     7.6380     4.3599     3.1664  0.118E-02  0.167E-02   0.00       0.00       1.00       1.00    
     5.0000     7.5654     4.3221     3.1424  0.118E-02  0.167E-02   0.00       0.00       1.00       1.00    
     5.0000     7.5342     4.3060     3.1322  0.118E-02  0.167E-02   0.00       0.00       1.00       1.00    
     5.0000     7.5406     4.3093     3.1343  0.118E-02  0.167E-02   0.00       0.00       1.00       1.00    
     5.0000     7.5694     4.3242     3.1438  0.118E-02  0.167E-02   0.00       0.00       1.00       1.00    
     5.0000     7.6089     4.3447     3.1568  0.118E-02  0.167E-02   0.00       0.00       1.00       1.00    
     5.0000     7.6361     4.3589     3.1658  0.118E-02  0.167E-02   0.00       0.00       1.00       1.00    
     5.0000     7.6429     4.3624     3.1681  0.118E-02  0.167E-02   0.00       0.00       1.00       1.00    
     5.0000     7.6601     4.3714     3.1738  0.118E-02  0.167E-02   0.00       0.00       1.00       1.00    
    10.0000     7.6766     4.3800     3.1793  0.118E-02  0.167E-02   0.00       0.00       1.00       1.00    
    10.0000     7.6967     4.3905     3.1861  0.118E-02  0.167E-02   0.00       0.00       1.00       1.00    
    10.0000     7.7234     4.4045     3.1951  0.862E-02  0.131E-01   0.00       0.00       1.00       1.00    
    10.0000     7.7517     4.4194     3.2047  0.862E-02  0.131E-01   0.00       0.00       1.00       1.00    
    10.0000     7.7798     4.4343     3.2142  0.855E-02  0.131E-01   0.00       0.00       1.00       1.00    
    10.0000     7.8123     4.4516     3.2254  0.847E-02  0.131E-01   0.00       0.00       1.00       1.00    
    10.0000     7.8440     4.4685     3.2363  0.847E-02  0.131E-01   0.00       0.00       1.00       1.00    
    10.0000     7.8732     4.4840     3.2464  0.833E-02  0.130E-01   0.00       0.00       1.00       1.00    
    10.0000     7.9020     4.4995     3.2565  0.826E-02  0.129E-01   0.00       0.00       1.00       1.00    
    10.0000     7.9294     4.5143     3.2661  0.813E-02  0.128E-01   0.00       0.00       1.00       1.00    
    10.0000     7.9545     4.5278     3.2749  0.806E-02  0.126E-01   0.00       0.00       1.00       1.00    
    10.0000     7.9931     4.5489     3.2886  0.474E-02  0.746E-02   0.00       0.00       1.00       1.00    
    10.0000     8.0425     4.5759     3.3062  0.472E-02  0.741E-02   0.00       0.00       1.00       1.00    
    10.0000     8.0899     4.6021     3.3232  0.469E-02  0.741E-02   0.00       0.00       1.00       1.00    
    10.0000     8.1344     4.6269     3.3393  0.467E-02  0.735E-02   0.00       0.00       1.00       1.00    
    10.0000     8.1754     4.6499     3.3542  0.465E-02  0.735E-02   0.00       0.00       1.00       1.00    
    10.0000     8.2131     4.6713     3.3681  0.463E-02  0.730E-02   0.00       0.00       1.00       1.00    
    10.0000     8.2486     4.6916     3.3812  0.461E-02  0.730E-02   0.00       0.00       1.00       1.00    
    10.0000     8.2807     4.7100     3.3930  0.459E-02  0.725E-02   0.00       0.00       1.00       1.00    
    10.0000     8.3102     4.7272     3.4040  0.455E-02  0.725E-02   0.00       0.00       1.00       1.00    
    10.0000     8.3375     4.7431     3.4142  0.452E-02  0.719E-02   0.00       0.00       1.00       1.00    
    10.0000     8.3630     4.7582     3.4238  0.450E-02  0.714E-02   0.00       0.00       1.00       1.00    
    10.0000     8.3868     4.7723     3.4327  0.448E-02  0.714E-02   0.00       0.00       1.00       1.00    
    10.0000     8.4081     4.7850     3.4408  0.446E-02  0.709E-02   0.00       0.00       1.00       1.00    
    10.0000     8.4279     4.7969     3.4483  0.442E-02  0.704E-02   0.00       0.00       1.00       1.00    
    10.0000     8.4465     4.8081     3.4553  0.441E-02  0.704E-02   0.00       0.00       1.00       1.00    
    10.0000     8.4629     4.8181     3.4616  0.439E-02  0.699E-02   0.00       0.00       1.00       1.00    
    10.0000     8.4790     4.8279     3.4677  0.435E-02  0.694E-02   0.00       0.00       1.00       1.00    
    10.0000     8.4921     4.8360     3.4728  0.433E-02  0.690E-02   0.00       0.00       1.00       1.00    
    10.0000     8.5080     4.8442     3.4530  0.431E-02  0.690E-02   0.00       0.00       1.00       1.00    
    10.0000     8.5411     4.8615     3.4655  0.427E-02  0.685E-02   0.00       0.00       1.00       1.00    
    10.0000     8.9802     5.0911     3.6311  0.388E-02  0.613E-02   0.00       0.00       1.00       1.00    
    10.0000     9.0208     5.1123     3.6464  0.388E-02  0.613E-02   0.00       0.00       1.00       1.00    
    10.0000     9.0615     5.1336     3.6618  0.386E-02  0.610E-02   0.00       0.00       1.00       1.00    
    10.0000     9.1017     5.1546     3.6769  0.386E-02  0.610E-02   0.00       0.00       1.00       1.00    
    10.0000     9.1422     5.1758     3.6922  0.385E-02  0.606E-02   0.00       0.00       1.00       1.00    
    10.0000     9.1828     5.1970     3.7075  0.385E-02  0.606E-02   0.00       0.00       1.00       1.00    
    10.0000     9.2231     5.2181     3.7227  0.383E-02  0.606E-02   0.00       0.00       1.00       1.00    
    10.0000     9.2639     5.2394     3.7381  0.383E-02  0.602E-02   0.00       0.00       1.00       1.00    
    10.0000     9.3040     5.2604     3.7532  0.383E-02  0.602E-02   0.00       0.00       1.00       1.00    
    10.0000     9.3446     5.2816     3.7685  0.382E-02  0.599E-02   0.00       0.00       1.00       1.00    
    10.0000     9.3853     5.3029     3.7839  0.382E-02  0.599E-02   0.00       0.00       1.00       1.00    
    10.0000     9.4261     5.3242     3.7993  0.380E-02  0.599E-02   0.00       0.00       1.00       1.00    
    10.0000     9.4666     5.3454     3.8146  0.380E-02  0.595E-02   0.00       0.00       1.00       1.00    
    10.0000     9.5077     5.3669     3.8301  0.380E-02  0.595E-02   0.00       0.00       1.00       1.00    
    10.0000     9.5487     5.3883     3.8455  0.379E-02  0.592E-02   0.00       0.00       1.00       1.00    
    10.0000     9.5890     5.4094     3.8607  0.379E-02  0.592E-02   0.00       0.00       1.00       1.00    
     0.0000     9.6296     5.4306     3.8760  0.377E-02  0.592E-02   0.00       0.00       1.00       1.00    
