MODEL.01
 
ISOTROPIC
KGS
SPHERICAL EARTH
1-D
CONSTANT VELOCITY
LINE08
LINE09
LINE10
LINE11
      H(KM)   VP(KM/S)   VS(KM/S) RHO(GM/CC)     QP         QS       ETAP       ETAS      FREFP      FREFS    
     2.0000     5.8800     3.4609     2.6914  0.118E-02  0.167E-02   0.00       0.00       1.00       1.00    
     2.0000     5.8923     3.4674     2.6940  0.118E-02  0.167E-02   0.00       0.00       1.00       1.00    
     2.0000     5.9149     3.4793     2.6987  0.118E-02  0.167E-02   0.00       0.00       1.00       1.00    
     2.0000     5.9446     3.4949     2.7049  0.118E-02  0.167E-02   0.00       0.00       1.00       1.00    
     2.0000     5.9771     3.5120     2.7118  0.118E-02  0.167E-02   0.00       0.00       1.00       1.00    
     2.0000     6.0085     3.5284     2.7185  0.118E-02  0.167E-02   0.00       0.00       1.00       1.00    
     2.0000     6.0406     3.5452     2.7254  0.118E-02  0.167E-02   0.00       0.00       1.00       1.00    
     2.0000     6.0751     3.5631     2.7330  0.118E-02  0.167E-02   0.00       0.00       1.00       1.00    
     2.0000     6.1166     3.5847     2.7422  0.118E-02  0.167E-02   0.00       0.00       1.00       1.00    
     2.0000     6.1690     3.6118     2.7539  0.118E-02  0.167E-02   0.00       0.00       1.00       1.00    
     2.0000     6.2739     3.6658     2.7781  0.118E-02  0.167E-02   0.00       0.00       1.00       1.00    
     2.0000     6.4032     3.7320     2.8091  0.118E-02  0.167E-02   0.00       0.00       1.00       1.00    
     2.0000     6.5557     3.8095     2.8472  0.118E-02  0.167E-02   0.00       0.00       1.00       1.00    
     2.0000     6.7273     3.8963     2.8921  0.118E-02  0.167E-02   0.00       0.00       1.00       1.00    
     2.0000     6.9098     3.9884     2.9423  0.118E-02  0.167E-02   0.00       0.00       1.00       1.00    
     2.0000     7.0942     4.0815     2.9955  0.118E-02  0.167E-02   0.00       0.00       1.00       1.00    
     2.0000     7.2719     4.1716     3.0491  0.118E-02  0.167E-02   0.00       0.00       1.00       1.00    
     2.0000     7.4335     4.2541     3.0998  0.118E-02  0.167E-02   0.00       0.00       1.00       1.00    
     2.0000     7.5721     4.3256     3.1446  0.118E-02  0.167E-02   0.00       0.00       1.00       1.00    
     2.0000     7.6821     4.3829     3.1812  0.118E-02  0.167E-02   0.00       0.00       1.00       1.00    
     2.0000     7.7608     4.4243     3.2078  0.118E-02  0.167E-02   0.00       0.00       1.00       1.00    
     2.0000     7.8064     4.4484     3.2234  0.118E-02  0.167E-02   0.00       0.00       1.00       1.00    
     2.0000     7.8185     4.4549     3.2275  0.118E-02  0.167E-02   0.00       0.00       1.00       1.00    
     2.0000     7.7991     4.4445     3.2208  0.118E-02  0.167E-02   0.00       0.00       1.00       1.00    
     2.0000     7.7502     4.4186     3.2041  0.118E-02  0.167E-02   0.00       0.00       1.00       1.00    
     5.0000     7.6899     4.3870     3.1838  0.118E-02  0.167E-02   0.00       0.00       1.00       1.00    
     5.0000     7.6193     4.3501     3.1602  0.118E-02  0.167E-02   0.00       0.00       1.00       1.00    
     5.0000     7.5682     4.3236     3.1434  0.118E-02  0.167E-02   0.00       0.00       1.00       1.00    
     5.0000     7.5520     4.3152     3.1381  0.118E-02  0.167E-02   0.00       0.00       1.00       1.00    
     5.0000     7.5656     4.3222     3.1425  0.118E-02  0.167E-02   0.00       0.00       1.00       1.00    
     5.0000     7.5948     4.3374     3.1521  0.118E-02  0.167E-02   0.00       0.00       1.00       1.00    
     5.0000     7.6320     4.3567     3.1644  0.118E-02  0.167E-02   0.00       0.00       1.00       1.00    
     5.0000     7.6565     4.3695     3.1726  0.118E-02  0.167E-02   0.00       0.00       1.00       1.00    
     5.0000     7.6622     4.3724     3.1745  0.118E-02  0.167E-02   0.00       0.00       1.00       1.00    
     5.0000     7.6775     4.3805     3.1796  0.118E-02  0.167E-02   0.00       0.00       1.00       1.00    
    10.0000     7.6923     4.3882     3.1846  0.118E-02  0.167E-02   0.00       0.00       1.00       1.00    
    10.0000     7.7093     4.3972     3.1903  0.118E-02  0.167E-02   0.00       0.00       1.00       1.00    
    10.0000     7.7326     4.4094     3.1982  0.862E-02  0.131E-01   0.00       0.00       1.00       1.00    
    10.0000     7.7568     4.4221     3.2064  0.862E-02  0.131E-01   0.00       0.00       1.00       1.00    
    10.0000     7.7802     4.4345     3.2144  0.855E-02  0.131E-01   0.00       0.00       1.00       1.00    
    10.0000     7.8081     4.4493     3.2240  0.847E-02  0.131E-01   0.00       0.00       1.00       1.00    
    10.0000     7.8349     4.4636     3.2332  0.847E-02  0.131E-01   0.00       0.00       1.00       1.00    
    10.0000     7.8594     4.4767     3.2417  0.833E-02  0.130E-01   0.00       0.00       1.00       1.00    
    10.0000     7.8842     4.4899     3.2503  0.826E-02  0.129E-01   0.00       0.00       1.00       1.00    
    10.0000     7.9076     4.5025     3.2584  0.813E-02  0.128E-01   0.00       0.00       1.00       1.00    
    10.0000     7.9292     4.5142     3.2660  0.806E-02  0.126E-01   0.00       0.00       1.00       1.00    
    10.0000     7.9646     4.5333     3.2785  0.474E-02  0.746E-02   0.00       0.00       1.00       1.00    
    10.0000     8.0118     4.5590     3.2952  0.472E-02  0.741E-02   0.00       0.00       1.00       1.00    
    10.0000     8.0571     4.5840     3.3114  0.469E-02  0.741E-02   0.00       0.00       1.00       1.00    
    10.0000     8.1003     4.6079     3.3270  0.467E-02  0.735E-02   0.00       0.00       1.00       1.00    
    10.0000     8.1409     4.6305     3.3417  0.465E-02  0.735E-02   0.00       0.00       1.00       1.00    
    10.0000     8.1782     4.6515     3.3552  0.463E-02  0.730E-02   0.00       0.00       1.00       1.00    
    10.0000     8.2140     4.6718     3.3684  0.461E-02  0.730E-02   0.00       0.00       1.00       1.00    
    10.0000     8.2467     4.6905     3.3804  0.459E-02  0.725E-02   0.00       0.00       1.00       1.00    
    10.0000     8.2777     4.7083     3.3919  0.455E-02  0.725E-02   0.00       0.00       1.00       1.00    
    10.0000     8.3066     4.7251     3.4026  0.452E-02  0.719E-02   0.00       0.00       1.00       1.00    
    10.0000     8.3344     4.7413     3.4131  0.450E-02  0.714E-02   0.00       0.00       1.00       1.00    
    10.0000     8.3603     4.7566     3.4228  0.448E-02  0.714E-02   0.00       0.00       1.00       1.00    
    10.0000     8.3847     4.7710     3.4319  0.446E-02  0.709E-02   0.00       0.00       1.00       1.00    
    10.0000     8.4076     4.7847     3.4406  0.442E-02  0.704E-02   0.00       0.00       1.00       1.00    
    10.0000     8.4296     4.7979     3.4489  0.441E-02  0.704E-02   0.00       0.00       1.00       1.00    
    10.0000     8.4499     4.8102     3.4567  0.439E-02  0.699E-02   0.00       0.00       1.00       1.00    
    10.0000     8.4700     4.8224     3.4643  0.435E-02  0.694E-02   0.00       0.00       1.00       1.00    
    10.0000     8.4876     4.8332     3.4710  0.433E-02  0.690E-02   0.00       0.00       1.00       1.00    
    10.0000     8.5080     4.8442     3.4530  0.431E-02  0.690E-02   0.00       0.00       1.00       1.00    
    10.0000     8.5411     4.8615     3.4655  0.427E-02  0.685E-02   0.00       0.00       1.00       1.00    
    10.0000     8.9802     5.0911     3.6311  0.388E-02  0.613E-02   0.00       0.00       1.00       1.00    
    10.0000     9.0208     5.1123     3.6464  0.388E-02  0.613E-02   0.00       0.00       1.00       1.00    
    10.0000     9.0615     5.1336     3.6618  0.386E-02  0.610E-02   0.00       0.00       1.00       1.00    
    10.0000     9.1017     5.1546     3.6769  0.386E-02  0.610E-02   0.00       0.00       1.00       1.00    
    10.0000     9.1422     5.1758     3.6922  0.385E-02  0.606E-02   0.00       0.00       1.00       1.00    
    10.0000     9.1828     5.1970     3.7075  0.385E-02  0.606E-02   0.00       0.00       1.00       1.00    
    10.0000     9.2231     5.2181     3.7227  0.383E-02  0.606E-02   0.00       0.00       1.00       1.00    
    10.0000     9.2639     5.2394     3.7381  0.383E-02  0.602E-02   0.00       0.00       1.00       1.00    
    10.0000     9.3040     5.2604     3.7532  0.383E-02  0.602E-02   0.00       0.00       1.00       1.00    
    10.0000     9.3446     5.2816     3.7685  0.382E-02  0.599E-02   0.00       0.00       1.00       1.00    
    10.0000     9.3853     5.3029     3.7839  0.382E-02  0.599E-02   0.00       0.00       1.00       1.00    
    10.0000     9.4261     5.3242     3.7993  0.380E-02  0.599E-02   0.00       0.00       1.00       1.00    
    10.0000     9.4666     5.3454     3.8146  0.380E-02  0.595E-02   0.00       0.00       1.00       1.00    
    10.0000     9.5077     5.3669     3.8301  0.380E-02  0.595E-02   0.00       0.00       1.00       1.00    
    10.0000     9.5487     5.3883     3.8455  0.379E-02  0.592E-02   0.00       0.00       1.00       1.00    
    10.0000     9.5890     5.4094     3.8607  0.379E-02  0.592E-02   0.00       0.00       1.00       1.00    
     0.0000     9.6296     5.4306     3.8760  0.377E-02  0.592E-02   0.00       0.00       1.00       1.00    
