MODEL.01
 
ISOTROPIC
KGS
SPHERICAL EARTH
1-D
CONSTANT VELOCITY
LINE08
LINE09
LINE10
LINE11
      H(KM)   VP(KM/S)   VS(KM/S) RHO(GM/CC)     QP         QS       ETAP       ETAS      FREFP      FREFS    
     2.0000     5.8573     3.4489     2.6868  0.118E-02  0.167E-02   0.00       0.00       1.00       1.00    
     2.0000     5.8723     3.4568     2.6899  0.118E-02  0.167E-02   0.00       0.00       1.00       1.00    
     2.0000     5.9037     3.4734     2.6963  0.118E-02  0.167E-02   0.00       0.00       1.00       1.00    
     2.0000     5.9478     3.4966     2.7056  0.118E-02  0.167E-02   0.00       0.00       1.00       1.00    
     2.0000     5.9975     3.5227     2.7161  0.118E-02  0.167E-02   0.00       0.00       1.00       1.00    
     2.0000     6.0421     3.5459     2.7257  0.118E-02  0.167E-02   0.00       0.00       1.00       1.00    
     2.0000     6.0796     3.5655     2.7340  0.118E-02  0.167E-02   0.00       0.00       1.00       1.00    
     2.0000     6.1100     3.5813     2.7407  0.118E-02  0.167E-02   0.00       0.00       1.00       1.00    
     2.0000     6.1391     3.5963     2.7472  0.118E-02  0.167E-02   0.00       0.00       1.00       1.00    
     2.0000     6.1743     3.6145     2.7552  0.118E-02  0.167E-02   0.00       0.00       1.00       1.00    
     2.0000     6.2494     3.6532     2.7724  0.118E-02  0.167E-02   0.00       0.00       1.00       1.00    
     2.0000     6.3526     3.7061     2.7968  0.118E-02  0.167E-02   0.00       0.00       1.00       1.00    
     2.0000     6.4874     3.7748     2.8299  0.118E-02  0.167E-02   0.00       0.00       1.00       1.00    
     2.0000     6.6522     3.8584     2.8722  0.118E-02  0.167E-02   0.00       0.00       1.00       1.00    
     2.0000     6.8396     3.9530     2.9227  0.118E-02  0.167E-02   0.00       0.00       1.00       1.00    
     2.0000     7.0399     4.0540     2.9796  0.118E-02  0.167E-02   0.00       0.00       1.00       1.00    
     2.0000     7.2421     4.1564     3.0400  0.118E-02  0.167E-02   0.00       0.00       1.00       1.00    
     2.0000     7.4320     4.2533     3.0993  0.118E-02  0.167E-02   0.00       0.00       1.00       1.00    
     2.0000     7.6006     4.3404     3.1540  0.118E-02  0.167E-02   0.00       0.00       1.00       1.00    
     2.0000     7.7378     4.4121     3.2000  0.118E-02  0.167E-02   0.00       0.00       1.00       1.00    
     2.0000     7.8388     4.4657     3.2345  0.118E-02  0.167E-02   0.00       0.00       1.00       1.00    
     2.0000     7.8993     4.4981     3.2556  0.118E-02  0.167E-02   0.00       0.00       1.00       1.00    
     2.0000     7.9180     4.5081     3.2621  0.118E-02  0.167E-02   0.00       0.00       1.00       1.00    
     2.0000     7.8953     4.4959     3.2541  0.118E-02  0.167E-02   0.00       0.00       1.00       1.00    
     2.0000     7.8324     4.4623     3.2323  0.118E-02  0.167E-02   0.00       0.00       1.00       1.00    
     5.0000     7.7523     4.4198     3.2049  0.118E-02  0.167E-02   0.00       0.00       1.00       1.00    
     5.0000     7.6501     4.3661     3.1705  0.118E-02  0.167E-02   0.00       0.00       1.00       1.00    
     5.0000     7.5678     4.3233     3.1432  0.118E-02  0.167E-02   0.00       0.00       1.00       1.00    
     5.0000     7.5291     4.3033     3.1306  0.118E-02  0.167E-02   0.00       0.00       1.00       1.00    
     5.0000     7.5315     4.3046     3.1314  0.118E-02  0.167E-02   0.00       0.00       1.00       1.00    
     5.0000     7.5594     4.3190     3.1405  0.118E-02  0.167E-02   0.00       0.00       1.00       1.00    
     5.0000     7.5993     4.3397     3.1536  0.118E-02  0.167E-02   0.00       0.00       1.00       1.00    
     5.0000     7.6276     4.3544     3.1630  0.118E-02  0.167E-02   0.00       0.00       1.00       1.00    
     5.0000     7.6346     4.3581     3.1653  0.118E-02  0.167E-02   0.00       0.00       1.00       1.00    
     5.0000     7.6524     4.3673     3.1712  0.118E-02  0.167E-02   0.00       0.00       1.00       1.00    
    10.0000     7.6698     4.3764     3.1770  0.118E-02  0.167E-02   0.00       0.00       1.00       1.00    
    10.0000     7.6910     4.3875     3.1841  0.118E-02  0.167E-02   0.00       0.00       1.00       1.00    
    10.0000     7.7191     4.4023     3.1936  0.862E-02  0.131E-01   0.00       0.00       1.00       1.00    
    10.0000     7.7490     4.4180     3.2038  0.862E-02  0.131E-01   0.00       0.00       1.00       1.00    
    10.0000     7.7793     4.4340     3.2141  0.855E-02  0.131E-01   0.00       0.00       1.00       1.00    
    10.0000     7.8138     4.4524     3.2259  0.847E-02  0.131E-01   0.00       0.00       1.00       1.00    
    10.0000     7.8477     4.4704     3.2376  0.847E-02  0.131E-01   0.00       0.00       1.00       1.00    
    10.0000     7.8785     4.4869     3.2483  0.833E-02  0.130E-01   0.00       0.00       1.00       1.00    
    10.0000     7.9093     4.5034     3.2590  0.826E-02  0.129E-01   0.00       0.00       1.00       1.00    
    10.0000     7.9385     4.5192     3.2693  0.813E-02  0.128E-01   0.00       0.00       1.00       1.00    
    10.0000     7.9651     4.5336     3.2787  0.806E-02  0.126E-01   0.00       0.00       1.00       1.00    
    10.0000     8.0053     4.5555     3.2929  0.474E-02  0.746E-02   0.00       0.00       1.00       1.00    
    10.0000     8.0556     4.5831     3.3108  0.472E-02  0.741E-02   0.00       0.00       1.00       1.00    
    10.0000     8.1039     4.6099     3.3282  0.469E-02  0.741E-02   0.00       0.00       1.00       1.00    
    10.0000     8.1490     4.6351     3.3446  0.467E-02  0.735E-02   0.00       0.00       1.00       1.00    
    10.0000     8.1902     4.6583     3.3597  0.465E-02  0.735E-02   0.00       0.00       1.00       1.00    
    10.0000     8.2282     4.6799     3.3736  0.463E-02  0.730E-02   0.00       0.00       1.00       1.00    
    10.0000     8.2636     4.7002     3.3867  0.461E-02  0.730E-02   0.00       0.00       1.00       1.00    
    10.0000     8.2952     4.7185     3.3984  0.459E-02  0.725E-02   0.00       0.00       1.00       1.00    
    10.0000     8.3243     4.7354     3.4093  0.455E-02  0.725E-02   0.00       0.00       1.00       1.00    
    10.0000     8.3508     4.7510     3.4192  0.452E-02  0.719E-02   0.00       0.00       1.00       1.00    
    10.0000     8.3757     4.7657     3.4285  0.450E-02  0.714E-02   0.00       0.00       1.00       1.00    
    10.0000     8.3984     4.7792     3.4371  0.448E-02  0.714E-02   0.00       0.00       1.00       1.00    
    10.0000     8.4185     4.7912     3.4447  0.446E-02  0.709E-02   0.00       0.00       1.00       1.00    
    10.0000     8.4370     4.8024     3.4517  0.442E-02  0.704E-02   0.00       0.00       1.00       1.00    
    10.0000     8.4539     4.8126     3.4582  0.441E-02  0.704E-02   0.00       0.00       1.00       1.00    
    10.0000     8.4687     4.8216     3.4638  0.439E-02  0.699E-02   0.00       0.00       1.00       1.00    
    10.0000     8.4829     4.8303     3.4692  0.435E-02  0.694E-02   0.00       0.00       1.00       1.00    
    10.0000     8.4942     4.8372     3.4735  0.433E-02  0.690E-02   0.00       0.00       1.00       1.00    
    10.0000     8.5080     4.8442     3.4530  0.431E-02  0.690E-02   0.00       0.00       1.00       1.00    
    10.0000     8.5411     4.8615     3.4655  0.427E-02  0.685E-02   0.00       0.00       1.00       1.00    
    10.0000     8.9802     5.0911     3.6311  0.388E-02  0.613E-02   0.00       0.00       1.00       1.00    
    10.0000     9.0208     5.1123     3.6464  0.388E-02  0.613E-02   0.00       0.00       1.00       1.00    
    10.0000     9.0615     5.1336     3.6618  0.386E-02  0.610E-02   0.00       0.00       1.00       1.00    
    10.0000     9.1017     5.1546     3.6769  0.386E-02  0.610E-02   0.00       0.00       1.00       1.00    
    10.0000     9.1422     5.1758     3.6922  0.385E-02  0.606E-02   0.00       0.00       1.00       1.00    
    10.0000     9.1828     5.1970     3.7075  0.385E-02  0.606E-02   0.00       0.00       1.00       1.00    
    10.0000     9.2231     5.2181     3.7227  0.383E-02  0.606E-02   0.00       0.00       1.00       1.00    
    10.0000     9.2639     5.2394     3.7381  0.383E-02  0.602E-02   0.00       0.00       1.00       1.00    
    10.0000     9.3040     5.2604     3.7532  0.383E-02  0.602E-02   0.00       0.00       1.00       1.00    
    10.0000     9.3446     5.2816     3.7685  0.382E-02  0.599E-02   0.00       0.00       1.00       1.00    
    10.0000     9.3853     5.3029     3.7839  0.382E-02  0.599E-02   0.00       0.00       1.00       1.00    
    10.0000     9.4261     5.3242     3.7993  0.380E-02  0.599E-02   0.00       0.00       1.00       1.00    
    10.0000     9.4666     5.3454     3.8146  0.380E-02  0.595E-02   0.00       0.00       1.00       1.00    
    10.0000     9.5077     5.3669     3.8301  0.380E-02  0.595E-02   0.00       0.00       1.00       1.00    
    10.0000     9.5487     5.3883     3.8455  0.379E-02  0.592E-02   0.00       0.00       1.00       1.00    
    10.0000     9.5890     5.4094     3.8607  0.379E-02  0.592E-02   0.00       0.00       1.00       1.00    
     0.0000     9.6296     5.4306     3.8760  0.377E-02  0.592E-02   0.00       0.00       1.00       1.00    
