MODEL.01
 
ISOTROPIC
KGS
SPHERICAL EARTH
1-D
CONSTANT VELOCITY
LINE08
LINE09
LINE10
LINE11
      H(KM)   VP(KM/S)   VS(KM/S) RHO(GM/CC)     QP         QS       ETAP       ETAS      FREFP      FREFS    
     2.0000     5.8379     3.4386     2.6828  0.118E-02  0.167E-02   0.00       0.00       1.00       1.00    
     2.0000     5.8453     3.4425     2.6843  0.118E-02  0.167E-02   0.00       0.00       1.00       1.00    
     2.0000     5.8588     3.4497     2.6871  0.118E-02  0.167E-02   0.00       0.00       1.00       1.00    
     2.0000     5.8813     3.4616     2.6917  0.118E-02  0.167E-02   0.00       0.00       1.00       1.00    
     2.0000     5.9148     3.4793     2.6986  0.118E-02  0.167E-02   0.00       0.00       1.00       1.00    
     2.0000     5.9612     3.5036     2.7084  0.118E-02  0.167E-02   0.00       0.00       1.00       1.00    
     2.0000     6.0209     3.5349     2.7211  0.118E-02  0.167E-02   0.00       0.00       1.00       1.00    
     2.0000     6.0929     3.5724     2.7369  0.118E-02  0.167E-02   0.00       0.00       1.00       1.00    
     2.0000     6.1760     3.6154     2.7555  0.118E-02  0.167E-02   0.00       0.00       1.00       1.00    
     2.0000     6.2673     3.6624     2.7766  0.118E-02  0.167E-02   0.00       0.00       1.00       1.00    
     2.0000     6.4194     3.7402     2.8130  0.118E-02  0.167E-02   0.00       0.00       1.00       1.00    
     2.0000     6.5761     3.8198     2.8524  0.118E-02  0.167E-02   0.00       0.00       1.00       1.00    
     2.0000     6.7325     3.8989     2.8935  0.118E-02  0.167E-02   0.00       0.00       1.00       1.00    
     2.0000     6.8847     3.9757     2.9353  0.118E-02  0.167E-02   0.00       0.00       1.00       1.00    
     2.0000     7.0280     4.0480     2.9761  0.118E-02  0.167E-02   0.00       0.00       1.00       1.00    
     2.0000     7.1588     4.1142     3.0148  0.118E-02  0.167E-02   0.00       0.00       1.00       1.00    
     2.0000     7.2753     4.1733     3.0502  0.118E-02  0.167E-02   0.00       0.00       1.00       1.00    
     2.0000     7.3756     4.2245     3.0814  0.118E-02  0.167E-02   0.00       0.00       1.00       1.00    
     2.0000     7.4591     4.2673     3.1080  0.118E-02  0.167E-02   0.00       0.00       1.00       1.00    
     2.0000     7.5255     4.3015     3.1294  0.118E-02  0.167E-02   0.00       0.00       1.00       1.00    
     2.0000     7.5758     4.3275     3.1459  0.118E-02  0.167E-02   0.00       0.00       1.00       1.00    
     2.0000     7.6108     4.3457     3.1574  0.118E-02  0.167E-02   0.00       0.00       1.00       1.00    
     2.0000     7.6323     4.3569     3.1645  0.118E-02  0.167E-02   0.00       0.00       1.00       1.00    
     2.0000     7.6426     4.3622     3.1680  0.118E-02  0.167E-02   0.00       0.00       1.00       1.00    
     2.0000     7.6435     4.3627     3.1683  0.118E-02  0.167E-02   0.00       0.00       1.00       1.00    
     5.0000     7.6386     4.3602     3.1666  0.118E-02  0.167E-02   0.00       0.00       1.00       1.00    
     5.0000     7.6336     4.3575     3.1650  0.118E-02  0.167E-02   0.00       0.00       1.00       1.00    
     5.0000     7.6357     4.3586     3.1657  0.118E-02  0.167E-02   0.00       0.00       1.00       1.00    
     5.0000     7.6485     4.3653     3.1699  0.118E-02  0.167E-02   0.00       0.00       1.00       1.00    
     5.0000     7.6682     4.3756     3.1765  0.118E-02  0.167E-02   0.00       0.00       1.00       1.00    
     5.0000     7.6873     4.3856     3.1829  0.118E-02  0.167E-02   0.00       0.00       1.00       1.00    
     5.0000     7.7100     4.3975     3.1905  0.118E-02  0.167E-02   0.00       0.00       1.00       1.00    
     5.0000     7.7226     4.4041     3.1948  0.118E-02  0.167E-02   0.00       0.00       1.00       1.00    
     5.0000     7.7243     4.4050     3.1954  0.118E-02  0.167E-02   0.00       0.00       1.00       1.00    
     5.0000     7.7340     4.4102     3.1987  0.118E-02  0.167E-02   0.00       0.00       1.00       1.00    
    10.0000     7.7421     4.4144     3.2014  0.118E-02  0.167E-02   0.00       0.00       1.00       1.00    
    10.0000     7.7505     4.4188     3.2043  0.118E-02  0.167E-02   0.00       0.00       1.00       1.00    
    10.0000     7.7626     4.4252     3.2084  0.862E-02  0.131E-01   0.00       0.00       1.00       1.00    
    10.0000     7.7742     4.4314     3.2124  0.862E-02  0.131E-01   0.00       0.00       1.00       1.00    
    10.0000     7.7845     4.4368     3.2158  0.855E-02  0.131E-01   0.00       0.00       1.00       1.00    
    10.0000     7.7989     4.4444     3.2208  0.847E-02  0.131E-01   0.00       0.00       1.00       1.00    
    10.0000     7.8121     4.4514     3.2253  0.847E-02  0.131E-01   0.00       0.00       1.00       1.00    
    10.0000     7.8237     4.4576     3.2293  0.833E-02  0.130E-01   0.00       0.00       1.00       1.00    
    10.0000     7.8363     4.4643     3.2337  0.826E-02  0.129E-01   0.00       0.00       1.00       1.00    
    10.0000     7.8487     4.4709     3.2379  0.813E-02  0.128E-01   0.00       0.00       1.00       1.00    
    10.0000     7.8607     4.4773     3.2421  0.806E-02  0.126E-01   0.00       0.00       1.00       1.00    
    10.0000     7.8875     4.4917     3.2514  0.474E-02  0.746E-02   0.00       0.00       1.00       1.00    
    10.0000     7.9285     4.5138     3.2658  0.472E-02  0.741E-02   0.00       0.00       1.00       1.00    
    10.0000     7.9688     4.5356     3.2800  0.469E-02  0.741E-02   0.00       0.00       1.00       1.00    
    10.0000     8.0086     4.5573     3.2941  0.467E-02  0.735E-02   0.00       0.00       1.00       1.00    
    10.0000     8.0474     4.5786     3.3079  0.465E-02  0.735E-02   0.00       0.00       1.00       1.00    
    10.0000     8.0845     4.5991     3.3213  0.463E-02  0.730E-02   0.00       0.00       1.00       1.00    
    10.0000     8.1211     4.6194     3.3345  0.461E-02  0.730E-02   0.00       0.00       1.00       1.00    
    10.0000     8.1561     4.6390     3.3472  0.459E-02  0.725E-02   0.00       0.00       1.00       1.00    
    10.0000     8.1910     4.6587     3.3599  0.455E-02  0.725E-02   0.00       0.00       1.00       1.00    
    10.0000     8.2246     4.6778     3.3723  0.452E-02  0.719E-02   0.00       0.00       1.00       1.00    
    10.0000     8.2582     4.6971     3.3847  0.450E-02  0.714E-02   0.00       0.00       1.00       1.00    
    10.0000     8.2910     4.7160     3.3968  0.448E-02  0.714E-02   0.00       0.00       1.00       1.00    
    10.0000     8.3231     4.7347     3.4088  0.446E-02  0.709E-02   0.00       0.00       1.00       1.00    
    10.0000     8.3548     4.7533     3.4207  0.442E-02  0.704E-02   0.00       0.00       1.00       1.00    
    10.0000     8.3861     4.7719     3.4325  0.441E-02  0.704E-02   0.00       0.00       1.00       1.00    
    10.0000     8.4164     4.7900     3.4439  0.439E-02  0.699E-02   0.00       0.00       1.00       1.00    
    10.0000     8.4469     4.8084     3.4555  0.435E-02  0.694E-02   0.00       0.00       1.00       1.00    
    10.0000     8.4759     4.8260     3.4666  0.433E-02  0.690E-02   0.00       0.00       1.00       1.00    
    10.0000     8.5080     4.8442     3.4530  0.431E-02  0.690E-02   0.00       0.00       1.00       1.00    
    10.0000     8.5411     4.8615     3.4655  0.427E-02  0.685E-02   0.00       0.00       1.00       1.00    
    10.0000     8.9802     5.0911     3.6311  0.388E-02  0.613E-02   0.00       0.00       1.00       1.00    
    10.0000     9.0208     5.1123     3.6464  0.388E-02  0.613E-02   0.00       0.00       1.00       1.00    
    10.0000     9.0615     5.1336     3.6618  0.386E-02  0.610E-02   0.00       0.00       1.00       1.00    
    10.0000     9.1017     5.1546     3.6769  0.386E-02  0.610E-02   0.00       0.00       1.00       1.00    
    10.0000     9.1422     5.1758     3.6922  0.385E-02  0.606E-02   0.00       0.00       1.00       1.00    
    10.0000     9.1828     5.1970     3.7075  0.385E-02  0.606E-02   0.00       0.00       1.00       1.00    
    10.0000     9.2231     5.2181     3.7227  0.383E-02  0.606E-02   0.00       0.00       1.00       1.00    
    10.0000     9.2639     5.2394     3.7381  0.383E-02  0.602E-02   0.00       0.00       1.00       1.00    
    10.0000     9.3040     5.2604     3.7532  0.383E-02  0.602E-02   0.00       0.00       1.00       1.00    
    10.0000     9.3446     5.2816     3.7685  0.382E-02  0.599E-02   0.00       0.00       1.00       1.00    
    10.0000     9.3853     5.3029     3.7839  0.382E-02  0.599E-02   0.00       0.00       1.00       1.00    
    10.0000     9.4261     5.3242     3.7993  0.380E-02  0.599E-02   0.00       0.00       1.00       1.00    
    10.0000     9.4666     5.3454     3.8146  0.380E-02  0.595E-02   0.00       0.00       1.00       1.00    
    10.0000     9.5077     5.3669     3.8301  0.380E-02  0.595E-02   0.00       0.00       1.00       1.00    
    10.0000     9.5487     5.3883     3.8455  0.379E-02  0.592E-02   0.00       0.00       1.00       1.00    
    10.0000     9.5890     5.4094     3.8607  0.379E-02  0.592E-02   0.00       0.00       1.00       1.00    
     0.0000     9.6296     5.4306     3.8760  0.377E-02  0.592E-02   0.00       0.00       1.00       1.00    
