MODEL.01
 
ISOTROPIC
KGS
SPHERICAL EARTH
1-D
CONSTANT VELOCITY
LINE08
LINE09
LINE10
LINE11
      H(KM)   VP(KM/S)   VS(KM/S) RHO(GM/CC)     QP         QS       ETAP       ETAS      FREFP      FREFS    
     2.0000     5.7948     3.4157     2.6741  0.118E-02  0.167E-02   0.00       0.00       1.00       1.00    
     2.0000     5.8128     3.4253     2.6778  0.118E-02  0.167E-02   0.00       0.00       1.00       1.00    
     2.0000     5.8553     3.4478     2.6864  0.118E-02  0.167E-02   0.00       0.00       1.00       1.00    
     2.0000     5.9226     3.4834     2.7003  0.118E-02  0.167E-02   0.00       0.00       1.00       1.00    
     2.0000     6.0027     3.5254     2.7172  0.118E-02  0.167E-02   0.00       0.00       1.00       1.00    
     2.0000     6.0772     3.5642     2.7334  0.118E-02  0.167E-02   0.00       0.00       1.00       1.00    
     2.0000     6.1367     3.5951     2.7467  0.118E-02  0.167E-02   0.00       0.00       1.00       1.00    
     2.0000     6.1763     3.6155     2.7556  0.118E-02  0.167E-02   0.00       0.00       1.00       1.00    
     2.0000     6.2006     3.6281     2.7611  0.118E-02  0.167E-02   0.00       0.00       1.00       1.00    
     2.0000     6.2204     3.6383     2.7657  0.118E-02  0.167E-02   0.00       0.00       1.00       1.00    
     2.0000     6.2616     3.6595     2.7753  0.118E-02  0.167E-02   0.00       0.00       1.00       1.00    
     2.0000     6.3290     3.6940     2.7912  0.118E-02  0.167E-02   0.00       0.00       1.00       1.00    
     2.0000     6.4322     3.7467     2.8162  0.118E-02  0.167E-02   0.00       0.00       1.00       1.00    
     2.0000     6.5763     3.8199     2.8524  0.118E-02  0.167E-02   0.00       0.00       1.00       1.00    
     2.0000     6.7553     3.9104     2.8997  0.118E-02  0.167E-02   0.00       0.00       1.00       1.00    
     2.0000     6.9611     4.0143     2.9569  0.118E-02  0.167E-02   0.00       0.00       1.00       1.00    
     2.0000     7.1808     4.1253     3.0214  0.118E-02  0.167E-02   0.00       0.00       1.00       1.00    
     2.0000     7.3967     4.2353     3.0881  0.118E-02  0.167E-02   0.00       0.00       1.00       1.00    
     2.0000     7.5966     4.3383     3.1527  0.118E-02  0.167E-02   0.00       0.00       1.00       1.00    
     2.0000     7.7650     4.4265     3.2092  0.118E-02  0.167E-02   0.00       0.00       1.00       1.00    
     2.0000     7.8947     4.4956     3.2539  0.118E-02  0.167E-02   0.00       0.00       1.00       1.00    
     2.0000     7.9781     4.5407     3.2832  0.118E-02  0.167E-02   0.00       0.00       1.00       1.00    
     2.0000     8.0124     4.5594     3.2954  0.118E-02  0.167E-02   0.00       0.00       1.00       1.00    
     2.0000     7.9966     4.5507     3.2898  0.118E-02  0.167E-02   0.00       0.00       1.00       1.00    
     2.0000     7.9305     4.5149     3.2665  0.118E-02  0.167E-02   0.00       0.00       1.00       1.00    
     5.0000     7.8383     4.4654     3.2344  0.118E-02  0.167E-02   0.00       0.00       1.00       1.00    
     5.0000     7.7077     4.3963     3.1898  0.118E-02  0.167E-02   0.00       0.00       1.00       1.00    
     5.0000     7.5921     4.3359     3.1512  0.118E-02  0.167E-02   0.00       0.00       1.00       1.00    
     5.0000     7.5258     4.3016     3.1295  0.118E-02  0.167E-02   0.00       0.00       1.00       1.00    
     5.0000     7.5108     4.2939     3.1246  0.118E-02  0.167E-02   0.00       0.00       1.00       1.00    
     5.0000     7.5314     4.3045     3.1313  0.118E-02  0.167E-02   0.00       0.00       1.00       1.00    
     5.0000     7.5705     4.3248     3.1441  0.118E-02  0.167E-02   0.00       0.00       1.00       1.00    
     5.0000     7.6002     4.3402     3.1539  0.118E-02  0.167E-02   0.00       0.00       1.00       1.00    
     5.0000     7.6082     4.3443     3.1565  0.118E-02  0.167E-02   0.00       0.00       1.00       1.00    
     5.0000     7.6272     4.3542     3.1628  0.118E-02  0.167E-02   0.00       0.00       1.00       1.00    
    10.0000     7.6467     4.3644     3.1693  0.118E-02  0.167E-02   0.00       0.00       1.00       1.00    
    10.0000     7.6714     4.3773     3.1776  0.118E-02  0.167E-02   0.00       0.00       1.00       1.00    
    10.0000     7.7043     4.3945     3.1886  0.862E-02  0.131E-01   0.00       0.00       1.00       1.00    
    10.0000     7.7398     4.4132     3.2006  0.862E-02  0.131E-01   0.00       0.00       1.00       1.00    
    10.0000     7.7757     4.4321     3.2128  0.855E-02  0.131E-01   0.00       0.00       1.00       1.00    
    10.0000     7.8167     4.4539     3.2269  0.847E-02  0.131E-01   0.00       0.00       1.00       1.00    
    10.0000     7.8571     4.4755     3.2409  0.847E-02  0.131E-01   0.00       0.00       1.00       1.00    
    10.0000     7.8944     4.4954     3.2538  0.833E-02  0.130E-01   0.00       0.00       1.00       1.00    
    10.0000     7.9313     4.5153     3.2667  0.826E-02  0.129E-01   0.00       0.00       1.00       1.00    
    10.0000     7.9661     4.5341     3.2790  0.813E-02  0.128E-01   0.00       0.00       1.00       1.00    
    10.0000     7.9983     4.5517     3.2904  0.806E-02  0.126E-01   0.00       0.00       1.00       1.00    
    10.0000     8.0428     4.5761     3.3063  0.474E-02  0.746E-02   0.00       0.00       1.00       1.00    
    10.0000     8.0964     4.6057     3.3255  0.472E-02  0.741E-02   0.00       0.00       1.00       1.00    
    10.0000     8.1480     4.6345     3.3442  0.469E-02  0.741E-02   0.00       0.00       1.00       1.00    
    10.0000     8.1953     4.6612     3.3615  0.467E-02  0.735E-02   0.00       0.00       1.00       1.00    
    10.0000     8.2379     4.6854     3.3772  0.465E-02  0.735E-02   0.00       0.00       1.00       1.00    
    10.0000     8.2766     4.7077     3.3915  0.463E-02  0.730E-02   0.00       0.00       1.00       1.00    
    10.0000     8.3120     4.7282     3.4047  0.461E-02  0.730E-02   0.00       0.00       1.00       1.00    
    10.0000     8.3429     4.7463     3.4162  0.459E-02  0.725E-02   0.00       0.00       1.00       1.00    
    10.0000     8.3705     4.7626     3.4266  0.455E-02  0.725E-02   0.00       0.00       1.00       1.00    
    10.0000     8.3950     4.7772     3.4358  0.452E-02  0.719E-02   0.00       0.00       1.00       1.00    
    10.0000     8.4172     4.7904     3.4442  0.450E-02  0.714E-02   0.00       0.00       1.00       1.00    
    10.0000     8.4365     4.8020     3.4515  0.448E-02  0.714E-02   0.00       0.00       1.00       1.00    
    10.0000     8.4528     4.8119     3.4577  0.446E-02  0.709E-02   0.00       0.00       1.00       1.00    
    10.0000     8.4672     4.8207     3.4633  0.442E-02  0.704E-02   0.00       0.00       1.00       1.00    
    10.0000     8.4790     4.8279     3.4677  0.441E-02  0.704E-02   0.00       0.00       1.00       1.00    
    10.0000     8.4884     4.8336     3.4713  0.439E-02  0.699E-02   0.00       0.00       1.00       1.00    
    10.0000     8.4965     4.8386     3.4744  0.435E-02  0.694E-02   0.00       0.00       1.00       1.00    
    10.0000     8.5028     4.8415     3.4511  0.433E-02  0.690E-02   0.00       0.00       1.00       1.00    
    10.0000     8.5080     4.8442     3.4530  0.431E-02  0.690E-02   0.00       0.00       1.00       1.00    
    10.0000     8.5411     4.8615     3.4655  0.427E-02  0.685E-02   0.00       0.00       1.00       1.00    
    10.0000     8.9802     5.0911     3.6311  0.388E-02  0.613E-02   0.00       0.00       1.00       1.00    
    10.0000     9.0208     5.1123     3.6464  0.388E-02  0.613E-02   0.00       0.00       1.00       1.00    
    10.0000     9.0615     5.1336     3.6618  0.386E-02  0.610E-02   0.00       0.00       1.00       1.00    
    10.0000     9.1017     5.1546     3.6769  0.386E-02  0.610E-02   0.00       0.00       1.00       1.00    
    10.0000     9.1422     5.1758     3.6922  0.385E-02  0.606E-02   0.00       0.00       1.00       1.00    
    10.0000     9.1828     5.1970     3.7075  0.385E-02  0.606E-02   0.00       0.00       1.00       1.00    
    10.0000     9.2231     5.2181     3.7227  0.383E-02  0.606E-02   0.00       0.00       1.00       1.00    
    10.0000     9.2639     5.2394     3.7381  0.383E-02  0.602E-02   0.00       0.00       1.00       1.00    
    10.0000     9.3040     5.2604     3.7532  0.383E-02  0.602E-02   0.00       0.00       1.00       1.00    
    10.0000     9.3446     5.2816     3.7685  0.382E-02  0.599E-02   0.00       0.00       1.00       1.00    
    10.0000     9.3853     5.3029     3.7839  0.382E-02  0.599E-02   0.00       0.00       1.00       1.00    
    10.0000     9.4261     5.3242     3.7993  0.380E-02  0.599E-02   0.00       0.00       1.00       1.00    
    10.0000     9.4666     5.3454     3.8146  0.380E-02  0.595E-02   0.00       0.00       1.00       1.00    
    10.0000     9.5077     5.3669     3.8301  0.380E-02  0.595E-02   0.00       0.00       1.00       1.00    
    10.0000     9.5487     5.3883     3.8455  0.379E-02  0.592E-02   0.00       0.00       1.00       1.00    
    10.0000     9.5890     5.4094     3.8607  0.379E-02  0.592E-02   0.00       0.00       1.00       1.00    
     0.0000     9.6296     5.4306     3.8760  0.377E-02  0.592E-02   0.00       0.00       1.00       1.00    
