MODEL.01
 
ISOTROPIC
KGS
SPHERICAL EARTH
1-D
CONSTANT VELOCITY
LINE08
LINE09
LINE10
LINE11
      H(KM)   VP(KM/S)   VS(KM/S) RHO(GM/CC)     QP         QS       ETAP       ETAS      FREFP      FREFS    
     2.0000     5.8553     3.4479     2.6864  0.118E-02  0.167E-02   0.00       0.00       1.00       1.00    
     2.0000     5.8641     3.4525     2.6882  0.118E-02  0.167E-02   0.00       0.00       1.00       1.00    
     2.0000     5.8796     3.4607     2.6914  0.118E-02  0.167E-02   0.00       0.00       1.00       1.00    
     2.0000     5.9017     3.4724     2.6959  0.118E-02  0.167E-02   0.00       0.00       1.00       1.00    
     2.0000     5.9307     3.4877     2.7020  0.118E-02  0.167E-02   0.00       0.00       1.00       1.00    
     2.0000     5.9677     3.5071     2.7098  0.118E-02  0.167E-02   0.00       0.00       1.00       1.00    
     2.0000     6.0147     3.5316     2.7198  0.118E-02  0.167E-02   0.00       0.00       1.00       1.00    
     2.0000     6.0717     3.5614     2.7322  0.118E-02  0.167E-02   0.00       0.00       1.00       1.00    
     2.0000     6.1402     3.5969     2.7474  0.118E-02  0.167E-02   0.00       0.00       1.00       1.00    
     2.0000     6.2190     3.6376     2.7654  0.118E-02  0.167E-02   0.00       0.00       1.00       1.00    
     2.0000     6.3581     3.7089     2.7981  0.118E-02  0.167E-02   0.00       0.00       1.00       1.00    
     2.0000     6.5093     3.7859     2.8354  0.118E-02  0.167E-02   0.00       0.00       1.00       1.00    
     2.0000     6.6680     3.8663     2.8763  0.118E-02  0.167E-02   0.00       0.00       1.00       1.00    
     2.0000     6.8296     3.9479     2.9200  0.118E-02  0.167E-02   0.00       0.00       1.00       1.00    
     2.0000     6.9879     4.0278     2.9646  0.118E-02  0.167E-02   0.00       0.00       1.00       1.00    
     2.0000     7.1373     4.1033     3.0083  0.118E-02  0.167E-02   0.00       0.00       1.00       1.00    
     2.0000     7.2737     4.1725     3.0497  0.118E-02  0.167E-02   0.00       0.00       1.00       1.00    
     2.0000     7.3930     4.2334     3.0869  0.118E-02  0.167E-02   0.00       0.00       1.00       1.00    
     2.0000     7.4928     4.2846     3.1188  0.118E-02  0.167E-02   0.00       0.00       1.00       1.00    
     2.0000     7.5714     4.3252     3.1444  0.118E-02  0.167E-02   0.00       0.00       1.00       1.00    
     2.0000     7.6285     4.3549     3.1633  0.118E-02  0.167E-02   0.00       0.00       1.00       1.00    
     2.0000     7.6647     4.3738     3.1753  0.118E-02  0.167E-02   0.00       0.00       1.00       1.00    
     2.0000     7.6809     4.3823     3.1808  0.118E-02  0.167E-02   0.00       0.00       1.00       1.00    
     2.0000     7.6797     4.3817     3.1804  0.118E-02  0.167E-02   0.00       0.00       1.00       1.00    
     2.0000     7.6636     4.3732     3.1750  0.118E-02  0.167E-02   0.00       0.00       1.00       1.00    
     5.0000     7.6407     4.3613     3.1673  0.118E-02  0.167E-02   0.00       0.00       1.00       1.00    
     5.0000     7.6159     4.3483     3.1591  0.118E-02  0.167E-02   0.00       0.00       1.00       1.00    
     5.0000     7.6035     4.3419     3.1550  0.118E-02  0.167E-02   0.00       0.00       1.00       1.00    
     5.0000     7.6096     4.3451     3.1570  0.118E-02  0.167E-02   0.00       0.00       1.00       1.00    
     5.0000     7.6295     4.3554     3.1636  0.118E-02  0.167E-02   0.00       0.00       1.00       1.00    
     5.0000     7.6532     4.3678     3.1715  0.118E-02  0.167E-02   0.00       0.00       1.00       1.00    
     5.0000     7.6814     4.3825     3.1809  0.118E-02  0.167E-02   0.00       0.00       1.00       1.00    
     5.0000     7.6981     4.3912     3.1865  0.118E-02  0.167E-02   0.00       0.00       1.00       1.00    
     5.0000     7.7011     4.3929     3.1876  0.118E-02  0.167E-02   0.00       0.00       1.00       1.00    
     5.0000     7.7127     4.3990     3.1915  0.118E-02  0.167E-02   0.00       0.00       1.00       1.00    
    10.0000     7.7228     4.4043     3.1949  0.118E-02  0.167E-02   0.00       0.00       1.00       1.00    
    10.0000     7.7340     4.4101     3.1987  0.118E-02  0.167E-02   0.00       0.00       1.00       1.00    
    10.0000     7.7496     4.4184     3.2040  0.862E-02  0.131E-01   0.00       0.00       1.00       1.00    
    10.0000     7.7652     4.4266     3.2093  0.862E-02  0.131E-01   0.00       0.00       1.00       1.00    
    10.0000     7.7795     4.4342     3.2142  0.855E-02  0.131E-01   0.00       0.00       1.00       1.00    
    10.0000     7.7980     4.4440     3.2205  0.847E-02  0.131E-01   0.00       0.00       1.00       1.00    
    10.0000     7.8153     4.4532     3.2264  0.847E-02  0.131E-01   0.00       0.00       1.00       1.00    
    10.0000     7.8311     4.4615     3.2319  0.833E-02  0.130E-01   0.00       0.00       1.00       1.00    
    10.0000     7.8474     4.4702     3.2375  0.826E-02  0.129E-01   0.00       0.00       1.00       1.00    
    10.0000     7.8631     4.4786     3.2429  0.813E-02  0.128E-01   0.00       0.00       1.00       1.00    
    10.0000     7.8781     4.4866     3.2481  0.806E-02  0.126E-01   0.00       0.00       1.00       1.00    
    10.0000     7.9075     4.5025     3.2584  0.474E-02  0.746E-02   0.00       0.00       1.00       1.00    
    10.0000     7.9506     4.5257     3.2735  0.472E-02  0.741E-02   0.00       0.00       1.00       1.00    
    10.0000     7.9923     4.5484     3.2883  0.469E-02  0.741E-02   0.00       0.00       1.00       1.00    
    10.0000     8.0334     4.5709     3.3029  0.467E-02  0.735E-02   0.00       0.00       1.00       1.00    
    10.0000     8.0728     4.5926     3.3170  0.465E-02  0.735E-02   0.00       0.00       1.00       1.00    
    10.0000     8.1102     4.6133     3.3305  0.463E-02  0.730E-02   0.00       0.00       1.00       1.00    
    10.0000     8.1463     4.6336     3.3436  0.461E-02  0.730E-02   0.00       0.00       1.00       1.00    
    10.0000     8.1808     4.6530     3.3562  0.459E-02  0.725E-02   0.00       0.00       1.00       1.00    
    10.0000     8.2147     4.6722     3.3686  0.455E-02  0.725E-02   0.00       0.00       1.00       1.00    
    10.0000     8.2471     4.6907     3.3806  0.452E-02  0.719E-02   0.00       0.00       1.00       1.00    
    10.0000     8.2793     4.7092     3.3925  0.450E-02  0.714E-02   0.00       0.00       1.00       1.00    
    10.0000     8.3100     4.7271     3.4039  0.448E-02  0.714E-02   0.00       0.00       1.00       1.00    
    10.0000     8.3400     4.7446     3.4152  0.446E-02  0.709E-02   0.00       0.00       1.00       1.00    
    10.0000     8.3693     4.7619     3.4262  0.442E-02  0.704E-02   0.00       0.00       1.00       1.00    
    10.0000     8.3981     4.7790     3.4370  0.441E-02  0.704E-02   0.00       0.00       1.00       1.00    
    10.0000     8.4257     4.7955     3.4474  0.439E-02  0.699E-02   0.00       0.00       1.00       1.00    
    10.0000     8.4533     4.8122     3.4579  0.435E-02  0.694E-02   0.00       0.00       1.00       1.00    
    10.0000     8.4791     4.8279     3.4678  0.433E-02  0.690E-02   0.00       0.00       1.00       1.00    
    10.0000     8.5080     4.8442     3.4530  0.431E-02  0.690E-02   0.00       0.00       1.00       1.00    
    10.0000     8.5411     4.8615     3.4655  0.427E-02  0.685E-02   0.00       0.00       1.00       1.00    
    10.0000     8.9802     5.0911     3.6311  0.388E-02  0.613E-02   0.00       0.00       1.00       1.00    
    10.0000     9.0208     5.1123     3.6464  0.388E-02  0.613E-02   0.00       0.00       1.00       1.00    
    10.0000     9.0615     5.1336     3.6618  0.386E-02  0.610E-02   0.00       0.00       1.00       1.00    
    10.0000     9.1017     5.1546     3.6769  0.386E-02  0.610E-02   0.00       0.00       1.00       1.00    
    10.0000     9.1422     5.1758     3.6922  0.385E-02  0.606E-02   0.00       0.00       1.00       1.00    
    10.0000     9.1828     5.1970     3.7075  0.385E-02  0.606E-02   0.00       0.00       1.00       1.00    
    10.0000     9.2231     5.2181     3.7227  0.383E-02  0.606E-02   0.00       0.00       1.00       1.00    
    10.0000     9.2639     5.2394     3.7381  0.383E-02  0.602E-02   0.00       0.00       1.00       1.00    
    10.0000     9.3040     5.2604     3.7532  0.383E-02  0.602E-02   0.00       0.00       1.00       1.00    
    10.0000     9.3446     5.2816     3.7685  0.382E-02  0.599E-02   0.00       0.00       1.00       1.00    
    10.0000     9.3853     5.3029     3.7839  0.382E-02  0.599E-02   0.00       0.00       1.00       1.00    
    10.0000     9.4261     5.3242     3.7993  0.380E-02  0.599E-02   0.00       0.00       1.00       1.00    
    10.0000     9.4666     5.3454     3.8146  0.380E-02  0.595E-02   0.00       0.00       1.00       1.00    
    10.0000     9.5077     5.3669     3.8301  0.380E-02  0.595E-02   0.00       0.00       1.00       1.00    
    10.0000     9.5487     5.3883     3.8455  0.379E-02  0.592E-02   0.00       0.00       1.00       1.00    
    10.0000     9.5890     5.4094     3.8607  0.379E-02  0.592E-02   0.00       0.00       1.00       1.00    
     0.0000     9.6296     5.4306     3.8760  0.377E-02  0.592E-02   0.00       0.00       1.00       1.00    
