MODEL.01
 
ISOTROPIC
KGS
SPHERICAL EARTH
1-D
CONSTANT VELOCITY
LINE08
LINE09
LINE10
LINE11
      H(KM)   VP(KM/S)   VS(KM/S) RHO(GM/CC)     QP         QS       ETAP       ETAS      FREFP      FREFS    
     2.0000     5.7858     3.4109     2.6723  0.118E-02  0.167E-02   0.00       0.00       1.00       1.00    
     2.0000     5.8042     3.4207     2.6760  0.118E-02  0.167E-02   0.00       0.00       1.00       1.00    
     2.0000     5.8479     3.4439     2.6849  0.118E-02  0.167E-02   0.00       0.00       1.00       1.00    
     2.0000     5.9182     3.4811     2.6994  0.118E-02  0.167E-02   0.00       0.00       1.00       1.00    
     2.0000     6.0023     3.5252     2.7172  0.118E-02  0.167E-02   0.00       0.00       1.00       1.00    
     2.0000     6.0810     3.5662     2.7343  0.118E-02  0.167E-02   0.00       0.00       1.00       1.00    
     2.0000     6.1438     3.5988     2.7483  0.118E-02  0.167E-02   0.00       0.00       1.00       1.00    
     2.0000     6.1851     3.6201     2.7576  0.118E-02  0.167E-02   0.00       0.00       1.00       1.00    
     2.0000     6.2095     3.6327     2.7632  0.118E-02  0.167E-02   0.00       0.00       1.00       1.00    
     2.0000     6.2279     3.6421     2.7674  0.118E-02  0.167E-02   0.00       0.00       1.00       1.00    
     2.0000     6.2653     3.6614     2.7761  0.118E-02  0.167E-02   0.00       0.00       1.00       1.00    
     2.0000     6.3282     3.6936     2.7910  0.118E-02  0.167E-02   0.00       0.00       1.00       1.00    
     2.0000     6.4273     3.7442     2.8150  0.118E-02  0.167E-02   0.00       0.00       1.00       1.00    
     2.0000     6.5683     3.8159     2.8504  0.118E-02  0.167E-02   0.00       0.00       1.00       1.00    
     2.0000     6.7456     3.9055     2.8970  0.118E-02  0.167E-02   0.00       0.00       1.00       1.00    
     2.0000     6.9514     4.0094     2.9541  0.118E-02  0.167E-02   0.00       0.00       1.00       1.00    
     2.0000     7.1724     4.1211     3.0189  0.118E-02  0.167E-02   0.00       0.00       1.00       1.00    
     2.0000     7.3911     4.2324     3.0863  0.118E-02  0.167E-02   0.00       0.00       1.00       1.00    
     2.0000     7.5942     4.3370     3.1519  0.118E-02  0.167E-02   0.00       0.00       1.00       1.00    
     2.0000     7.7662     4.4271     3.2096  0.118E-02  0.167E-02   0.00       0.00       1.00       1.00    
     2.0000     7.8993     4.4980     3.2555  0.118E-02  0.167E-02   0.00       0.00       1.00       1.00    
     2.0000     7.9856     4.5447     3.2859  0.118E-02  0.167E-02   0.00       0.00       1.00       1.00    
     2.0000     8.0220     4.5647     3.2989  0.118E-02  0.167E-02   0.00       0.00       1.00       1.00    
     2.0000     8.0074     4.5567     3.2937  0.118E-02  0.167E-02   0.00       0.00       1.00       1.00    
     2.0000     7.9418     4.5210     3.2704  0.118E-02  0.167E-02   0.00       0.00       1.00       1.00    
     5.0000     7.8487     4.4710     3.2380  0.118E-02  0.167E-02   0.00       0.00       1.00       1.00    
     5.0000     7.7153     4.4003     3.1924  0.118E-02  0.167E-02   0.00       0.00       1.00       1.00    
     5.0000     7.5961     4.3380     3.1525  0.118E-02  0.167E-02   0.00       0.00       1.00       1.00    
     5.0000     7.5266     4.3020     3.1298  0.118E-02  0.167E-02   0.00       0.00       1.00       1.00    
     5.0000     7.5095     4.2932     3.1242  0.118E-02  0.167E-02   0.00       0.00       1.00       1.00    
     5.0000     7.5289     4.3032     3.1305  0.118E-02  0.167E-02   0.00       0.00       1.00       1.00    
     5.0000     7.5678     4.3233     3.1432  0.118E-02  0.167E-02   0.00       0.00       1.00       1.00    
     5.0000     7.5975     4.3387     3.1530  0.118E-02  0.167E-02   0.00       0.00       1.00       1.00    
     5.0000     7.6054     4.3429     3.1556  0.118E-02  0.167E-02   0.00       0.00       1.00       1.00    
     5.0000     7.6246     4.3528     3.1620  0.118E-02  0.167E-02   0.00       0.00       1.00       1.00    
    10.0000     7.6443     4.3631     3.1685  0.118E-02  0.167E-02   0.00       0.00       1.00       1.00    
    10.0000     7.6693     4.3762     3.1769  0.118E-02  0.167E-02   0.00       0.00       1.00       1.00    
    10.0000     7.7026     4.3936     3.1880  0.862E-02  0.131E-01   0.00       0.00       1.00       1.00    
    10.0000     7.7387     4.4126     3.2003  0.862E-02  0.131E-01   0.00       0.00       1.00       1.00    
    10.0000     7.7751     4.4318     3.2126  0.855E-02  0.131E-01   0.00       0.00       1.00       1.00    
    10.0000     7.8168     4.4540     3.2269  0.847E-02  0.131E-01   0.00       0.00       1.00       1.00    
    10.0000     7.8580     4.4759     3.2412  0.847E-02  0.131E-01   0.00       0.00       1.00       1.00    
    10.0000     7.8958     4.4962     3.2543  0.833E-02  0.130E-01   0.00       0.00       1.00       1.00    
    10.0000     7.9334     4.5164     3.2675  0.826E-02  0.129E-01   0.00       0.00       1.00       1.00    
    10.0000     7.9687     4.5356     3.2799  0.813E-02  0.128E-01   0.00       0.00       1.00       1.00    
    10.0000     8.0016     4.5535     3.2916  0.806E-02  0.126E-01   0.00       0.00       1.00       1.00    
    10.0000     8.0466     4.5782     3.3076  0.474E-02  0.746E-02   0.00       0.00       1.00       1.00    
    10.0000     8.1006     4.6080     3.3270  0.472E-02  0.741E-02   0.00       0.00       1.00       1.00    
    10.0000     8.1525     4.6370     3.3459  0.469E-02  0.741E-02   0.00       0.00       1.00       1.00    
    10.0000     8.2001     4.6639     3.3633  0.467E-02  0.735E-02   0.00       0.00       1.00       1.00    
    10.0000     8.2427     4.6882     3.3790  0.465E-02  0.735E-02   0.00       0.00       1.00       1.00    
    10.0000     8.2816     4.7106     3.3934  0.463E-02  0.730E-02   0.00       0.00       1.00       1.00    
    10.0000     8.3170     4.7311     3.4065  0.461E-02  0.730E-02   0.00       0.00       1.00       1.00    
    10.0000     8.3478     4.7492     3.4181  0.459E-02  0.725E-02   0.00       0.00       1.00       1.00    
    10.0000     8.3753     4.7655     3.4284  0.455E-02  0.725E-02   0.00       0.00       1.00       1.00    
    10.0000     8.3997     4.7800     3.4376  0.452E-02  0.719E-02   0.00       0.00       1.00       1.00    
    10.0000     8.4215     4.7930     3.4459  0.450E-02  0.714E-02   0.00       0.00       1.00       1.00    
    10.0000     8.4405     4.8045     3.4531  0.448E-02  0.714E-02   0.00       0.00       1.00       1.00    
    10.0000     8.4564     4.8141     3.4591  0.446E-02  0.709E-02   0.00       0.00       1.00       1.00    
    10.0000     8.4704     4.8227     3.4645  0.442E-02  0.704E-02   0.00       0.00       1.00       1.00    
    10.0000     8.4817     4.8295     3.4688  0.441E-02  0.704E-02   0.00       0.00       1.00       1.00    
    10.0000     8.4904     4.8349     3.4721  0.439E-02  0.699E-02   0.00       0.00       1.00       1.00    
    10.0000     8.4979     4.8395     3.4750  0.435E-02  0.694E-02   0.00       0.00       1.00       1.00    
    10.0000     8.5038     4.8420     3.4514  0.433E-02  0.690E-02   0.00       0.00       1.00       1.00    
    10.0000     8.5080     4.8442     3.4530  0.431E-02  0.690E-02   0.00       0.00       1.00       1.00    
    10.0000     8.5411     4.8615     3.4655  0.427E-02  0.685E-02   0.00       0.00       1.00       1.00    
    10.0000     8.9802     5.0911     3.6311  0.388E-02  0.613E-02   0.00       0.00       1.00       1.00    
    10.0000     9.0208     5.1123     3.6464  0.388E-02  0.613E-02   0.00       0.00       1.00       1.00    
    10.0000     9.0615     5.1336     3.6618  0.386E-02  0.610E-02   0.00       0.00       1.00       1.00    
    10.0000     9.1017     5.1546     3.6769  0.386E-02  0.610E-02   0.00       0.00       1.00       1.00    
    10.0000     9.1422     5.1758     3.6922  0.385E-02  0.606E-02   0.00       0.00       1.00       1.00    
    10.0000     9.1828     5.1970     3.7075  0.385E-02  0.606E-02   0.00       0.00       1.00       1.00    
    10.0000     9.2231     5.2181     3.7227  0.383E-02  0.606E-02   0.00       0.00       1.00       1.00    
    10.0000     9.2639     5.2394     3.7381  0.383E-02  0.602E-02   0.00       0.00       1.00       1.00    
    10.0000     9.3040     5.2604     3.7532  0.383E-02  0.602E-02   0.00       0.00       1.00       1.00    
    10.0000     9.3446     5.2816     3.7685  0.382E-02  0.599E-02   0.00       0.00       1.00       1.00    
    10.0000     9.3853     5.3029     3.7839  0.382E-02  0.599E-02   0.00       0.00       1.00       1.00    
    10.0000     9.4261     5.3242     3.7993  0.380E-02  0.599E-02   0.00       0.00       1.00       1.00    
    10.0000     9.4666     5.3454     3.8146  0.380E-02  0.595E-02   0.00       0.00       1.00       1.00    
    10.0000     9.5077     5.3669     3.8301  0.380E-02  0.595E-02   0.00       0.00       1.00       1.00    
    10.0000     9.5487     5.3883     3.8455  0.379E-02  0.592E-02   0.00       0.00       1.00       1.00    
    10.0000     9.5890     5.4094     3.8607  0.379E-02  0.592E-02   0.00       0.00       1.00       1.00    
     0.0000     9.6296     5.4306     3.8760  0.377E-02  0.592E-02   0.00       0.00       1.00       1.00    
