MODEL.01
 
ISOTROPIC
KGS
SPHERICAL EARTH
1-D
CONSTANT VELOCITY
LINE08
LINE09
LINE10
LINE11
      H(KM)   VP(KM/S)   VS(KM/S) RHO(GM/CC)     QP         QS       ETAP       ETAS      FREFP      FREFS    
     2.0000     5.8635     3.4522     2.6881  0.118E-02  0.167E-02   0.00       0.00       1.00       1.00    
     2.0000     5.8729     3.4572     2.6900  0.118E-02  0.167E-02   0.00       0.00       1.00       1.00    
     2.0000     5.8894     3.4659     2.6934  0.118E-02  0.167E-02   0.00       0.00       1.00       1.00    
     2.0000     5.9121     3.4778     2.6981  0.118E-02  0.167E-02   0.00       0.00       1.00       1.00    
     2.0000     5.9401     3.4926     2.7039  0.118E-02  0.167E-02   0.00       0.00       1.00       1.00    
     2.0000     5.9741     3.5104     2.7111  0.118E-02  0.167E-02   0.00       0.00       1.00       1.00    
     2.0000     6.0161     3.5324     2.7201  0.118E-02  0.167E-02   0.00       0.00       1.00       1.00    
     2.0000     6.0674     3.5591     2.7313  0.118E-02  0.167E-02   0.00       0.00       1.00       1.00    
     2.0000     6.1297     3.5915     2.7451  0.118E-02  0.167E-02   0.00       0.00       1.00       1.00    
     2.0000     6.2030     3.6294     2.7617  0.118E-02  0.167E-02   0.00       0.00       1.00       1.00    
     2.0000     6.3357     3.6975     2.7928  0.118E-02  0.167E-02   0.00       0.00       1.00       1.00    
     2.0000     6.4836     3.7729     2.8289  0.118E-02  0.167E-02   0.00       0.00       1.00       1.00    
     2.0000     6.6423     3.8533     2.8696  0.118E-02  0.167E-02   0.00       0.00       1.00       1.00    
     2.0000     6.8071     3.9366     2.9138  0.118E-02  0.167E-02   0.00       0.00       1.00       1.00    
     2.0000     6.9713     4.0194     2.9598  0.118E-02  0.167E-02   0.00       0.00       1.00       1.00    
     2.0000     7.1284     4.0988     3.0057  0.118E-02  0.167E-02   0.00       0.00       1.00       1.00    
     2.0000     7.2733     4.1723     3.0495  0.118E-02  0.167E-02   0.00       0.00       1.00       1.00    
     2.0000     7.4010     4.2375     3.0895  0.118E-02  0.167E-02   0.00       0.00       1.00       1.00    
     2.0000     7.5082     4.2926     3.1238  0.118E-02  0.167E-02   0.00       0.00       1.00       1.00    
     2.0000     7.5926     4.3362     3.1514  0.118E-02  0.167E-02   0.00       0.00       1.00       1.00    
     2.0000     7.6534     4.3679     3.1715  0.118E-02  0.167E-02   0.00       0.00       1.00       1.00    
     2.0000     7.6907     4.3874     3.1840  0.118E-02  0.167E-02   0.00       0.00       1.00       1.00    
     2.0000     7.7053     4.3951     3.1890  0.118E-02  0.167E-02   0.00       0.00       1.00       1.00    
     2.0000     7.6998     4.3922     3.1871  0.118E-02  0.167E-02   0.00       0.00       1.00       1.00    
     2.0000     7.6765     4.3800     3.1793  0.118E-02  0.167E-02   0.00       0.00       1.00       1.00    
     5.0000     7.6460     4.3640     3.1691  0.118E-02  0.167E-02   0.00       0.00       1.00       1.00    
     5.0000     7.6123     4.3465     3.1579  0.118E-02  0.167E-02   0.00       0.00       1.00       1.00    
     5.0000     7.5932     4.3365     3.1516  0.118E-02  0.167E-02   0.00       0.00       1.00       1.00    
     5.0000     7.5958     4.3379     3.1524  0.118E-02  0.167E-02   0.00       0.00       1.00       1.00    
     5.0000     7.6152     4.3479     3.1589  0.118E-02  0.167E-02   0.00       0.00       1.00       1.00    
     5.0000     7.6406     4.3612     3.1673  0.118E-02  0.167E-02   0.00       0.00       1.00       1.00    
     5.0000     7.6709     4.3770     3.1774  0.118E-02  0.167E-02   0.00       0.00       1.00       1.00    
     5.0000     7.6892     4.3866     3.1835  0.118E-02  0.167E-02   0.00       0.00       1.00       1.00    
     5.0000     7.6930     4.3886     3.1848  0.118E-02  0.167E-02   0.00       0.00       1.00       1.00    
     5.0000     7.7053     4.3951     3.1890  0.118E-02  0.167E-02   0.00       0.00       1.00       1.00    
    10.0000     7.7164     4.4009     3.1927  0.118E-02  0.167E-02   0.00       0.00       1.00       1.00    
    10.0000     7.7286     4.4073     3.1968  0.118E-02  0.167E-02   0.00       0.00       1.00       1.00    
    10.0000     7.7459     4.4164     3.2027  0.862E-02  0.131E-01   0.00       0.00       1.00       1.00    
    10.0000     7.7631     4.4255     3.2086  0.862E-02  0.131E-01   0.00       0.00       1.00       1.00    
    10.0000     7.7793     4.4340     3.2141  0.855E-02  0.131E-01   0.00       0.00       1.00       1.00    
    10.0000     7.7996     4.4448     3.2210  0.847E-02  0.131E-01   0.00       0.00       1.00       1.00    
    10.0000     7.8187     4.4550     3.2276  0.847E-02  0.131E-01   0.00       0.00       1.00       1.00    
    10.0000     7.8361     4.4642     3.2336  0.833E-02  0.130E-01   0.00       0.00       1.00       1.00    
    10.0000     7.8540     4.4738     3.2398  0.826E-02  0.129E-01   0.00       0.00       1.00       1.00    
    10.0000     7.8712     4.4830     3.2458  0.813E-02  0.128E-01   0.00       0.00       1.00       1.00    
    10.0000     7.8875     4.4917     3.2514  0.806E-02  0.126E-01   0.00       0.00       1.00       1.00    
    10.0000     7.9181     4.5082     3.2621  0.474E-02  0.746E-02   0.00       0.00       1.00       1.00    
    10.0000     7.9620     4.5319     3.2775  0.472E-02  0.741E-02   0.00       0.00       1.00       1.00    
    10.0000     8.0044     4.5550     3.2926  0.469E-02  0.741E-02   0.00       0.00       1.00       1.00    
    10.0000     8.0459     4.5778     3.3074  0.467E-02  0.735E-02   0.00       0.00       1.00       1.00    
    10.0000     8.0855     4.5996     3.3216  0.465E-02  0.735E-02   0.00       0.00       1.00       1.00    
    10.0000     8.1228     4.6204     3.3351  0.463E-02  0.730E-02   0.00       0.00       1.00       1.00    
    10.0000     8.1590     4.6407     3.3482  0.461E-02  0.730E-02   0.00       0.00       1.00       1.00    
    10.0000     8.1931     4.6599     3.3607  0.459E-02  0.725E-02   0.00       0.00       1.00       1.00    
    10.0000     8.2264     4.6789     3.3730  0.455E-02  0.725E-02   0.00       0.00       1.00       1.00    
    10.0000     8.2581     4.6971     3.3847  0.452E-02  0.719E-02   0.00       0.00       1.00       1.00    
    10.0000     8.2895     4.7151     3.3963  0.450E-02  0.714E-02   0.00       0.00       1.00       1.00    
    10.0000     8.3194     4.7325     3.4074  0.448E-02  0.714E-02   0.00       0.00       1.00       1.00    
    10.0000     8.3483     4.7495     3.4182  0.446E-02  0.709E-02   0.00       0.00       1.00       1.00    
    10.0000     8.3764     4.7661     3.4288  0.442E-02  0.704E-02   0.00       0.00       1.00       1.00    
    10.0000     8.4039     4.7825     3.4392  0.441E-02  0.704E-02   0.00       0.00       1.00       1.00    
    10.0000     8.4301     4.7982     3.4491  0.439E-02  0.699E-02   0.00       0.00       1.00       1.00    
    10.0000     8.4563     4.8141     3.4591  0.435E-02  0.694E-02   0.00       0.00       1.00       1.00    
    10.0000     8.4806     4.8289     3.4683  0.433E-02  0.690E-02   0.00       0.00       1.00       1.00    
    10.0000     8.5080     4.8442     3.4530  0.431E-02  0.690E-02   0.00       0.00       1.00       1.00    
    10.0000     8.5411     4.8615     3.4655  0.427E-02  0.685E-02   0.00       0.00       1.00       1.00    
    10.0000     8.9802     5.0911     3.6311  0.388E-02  0.613E-02   0.00       0.00       1.00       1.00    
    10.0000     9.0208     5.1123     3.6464  0.388E-02  0.613E-02   0.00       0.00       1.00       1.00    
    10.0000     9.0615     5.1336     3.6618  0.386E-02  0.610E-02   0.00       0.00       1.00       1.00    
    10.0000     9.1017     5.1546     3.6769  0.386E-02  0.610E-02   0.00       0.00       1.00       1.00    
    10.0000     9.1422     5.1758     3.6922  0.385E-02  0.606E-02   0.00       0.00       1.00       1.00    
    10.0000     9.1828     5.1970     3.7075  0.385E-02  0.606E-02   0.00       0.00       1.00       1.00    
    10.0000     9.2231     5.2181     3.7227  0.383E-02  0.606E-02   0.00       0.00       1.00       1.00    
    10.0000     9.2639     5.2394     3.7381  0.383E-02  0.602E-02   0.00       0.00       1.00       1.00    
    10.0000     9.3040     5.2604     3.7532  0.383E-02  0.602E-02   0.00       0.00       1.00       1.00    
    10.0000     9.3446     5.2816     3.7685  0.382E-02  0.599E-02   0.00       0.00       1.00       1.00    
    10.0000     9.3853     5.3029     3.7839  0.382E-02  0.599E-02   0.00       0.00       1.00       1.00    
    10.0000     9.4261     5.3242     3.7993  0.380E-02  0.599E-02   0.00       0.00       1.00       1.00    
    10.0000     9.4666     5.3454     3.8146  0.380E-02  0.595E-02   0.00       0.00       1.00       1.00    
    10.0000     9.5077     5.3669     3.8301  0.380E-02  0.595E-02   0.00       0.00       1.00       1.00    
    10.0000     9.5487     5.3883     3.8455  0.379E-02  0.592E-02   0.00       0.00       1.00       1.00    
    10.0000     9.5890     5.4094     3.8607  0.379E-02  0.592E-02   0.00       0.00       1.00       1.00    
     0.0000     9.6296     5.4306     3.8760  0.377E-02  0.592E-02   0.00       0.00       1.00       1.00    
