MODEL.01
 
ISOTROPIC
KGS
SPHERICAL EARTH
1-D
CONSTANT VELOCITY
LINE08
LINE09
LINE10
LINE11
      H(KM)   VP(KM/S)   VS(KM/S) RHO(GM/CC)     QP         QS       ETAP       ETAS      FREFP      FREFS    
     2.0000     5.8439     3.4418     2.6840  0.118E-02  0.167E-02   0.00       0.00       1.00       1.00    
     2.0000     5.8598     3.4502     2.6873  0.118E-02  0.167E-02   0.00       0.00       1.00       1.00    
     2.0000     5.8940     3.4683     2.6943  0.118E-02  0.167E-02   0.00       0.00       1.00       1.00    
     2.0000     5.9437     3.4945     2.7047  0.118E-02  0.167E-02   0.00       0.00       1.00       1.00    
     2.0000     6.0006     3.5243     2.7168  0.118E-02  0.167E-02   0.00       0.00       1.00       1.00    
     2.0000     6.0517     3.5510     2.7278  0.118E-02  0.167E-02   0.00       0.00       1.00       1.00    
     2.0000     6.0938     3.5729     2.7371  0.118E-02  0.167E-02   0.00       0.00       1.00       1.00    
     2.0000     6.1253     3.5892     2.7441  0.118E-02  0.167E-02   0.00       0.00       1.00       1.00    
     2.0000     6.1522     3.6031     2.7501  0.118E-02  0.167E-02   0.00       0.00       1.00       1.00    
     2.0000     6.1829     3.6189     2.7571  0.118E-02  0.167E-02   0.00       0.00       1.00       1.00    
     2.0000     6.2488     3.6529     2.7723  0.118E-02  0.167E-02   0.00       0.00       1.00       1.00    
     2.0000     6.3430     3.7012     2.7945  0.118E-02  0.167E-02   0.00       0.00       1.00       1.00    
     2.0000     6.4705     3.7662     2.8257  0.118E-02  0.167E-02   0.00       0.00       1.00       1.00    
     2.0000     6.6309     3.8476     2.8666  0.118E-02  0.167E-02   0.00       0.00       1.00       1.00    
     2.0000     6.8175     3.9418     2.9166  0.118E-02  0.167E-02   0.00       0.00       1.00       1.00    
     2.0000     7.0202     4.0441     2.9739  0.118E-02  0.167E-02   0.00       0.00       1.00       1.00    
     2.0000     7.2281     4.1494     3.0357  0.118E-02  0.167E-02   0.00       0.00       1.00       1.00    
     2.0000     7.4255     4.2500     3.0972  0.118E-02  0.167E-02   0.00       0.00       1.00       1.00    
     2.0000     7.6029     4.3416     3.1548  0.118E-02  0.167E-02   0.00       0.00       1.00       1.00    
     2.0000     7.7483     4.4177     3.2035  0.118E-02  0.167E-02   0.00       0.00       1.00       1.00    
     2.0000     7.8568     4.4753     3.2407  0.118E-02  0.167E-02   0.00       0.00       1.00       1.00    
     2.0000     7.9230     4.5108     3.2638  0.118E-02  0.167E-02   0.00       0.00       1.00       1.00    
     2.0000     7.9451     4.5227     3.2716  0.118E-02  0.167E-02   0.00       0.00       1.00       1.00    
     2.0000     7.9234     4.5110     3.2640  0.118E-02  0.167E-02   0.00       0.00       1.00       1.00    
     2.0000     7.8585     4.4762     3.2413  0.118E-02  0.167E-02   0.00       0.00       1.00       1.00    
     5.0000     7.7740     4.4313     3.2123  0.118E-02  0.167E-02   0.00       0.00       1.00       1.00    
     5.0000     7.6634     4.3731     3.1749  0.118E-02  0.167E-02   0.00       0.00       1.00       1.00    
     5.0000     7.5720     4.3255     3.1446  0.118E-02  0.167E-02   0.00       0.00       1.00       1.00    
     5.0000     7.5261     4.3018     3.1296  0.118E-02  0.167E-02   0.00       0.00       1.00       1.00    
     5.0000     7.5243     4.3009     3.1290  0.118E-02  0.167E-02   0.00       0.00       1.00       1.00    
     5.0000     7.5508     4.3146     3.1377  0.118E-02  0.167E-02   0.00       0.00       1.00       1.00    
     5.0000     7.5908     4.3353     3.1508  0.118E-02  0.167E-02   0.00       0.00       1.00       1.00    
     5.0000     7.6197     4.3503     3.1604  0.118E-02  0.167E-02   0.00       0.00       1.00       1.00    
     5.0000     7.6272     4.3542     3.1628  0.118E-02  0.167E-02   0.00       0.00       1.00       1.00    
     5.0000     7.6452     4.3636     3.1688  0.118E-02  0.167E-02   0.00       0.00       1.00       1.00    
    10.0000     7.6634     4.3731     3.1749  0.118E-02  0.167E-02   0.00       0.00       1.00       1.00    
    10.0000     7.6856     4.3847     3.1824  0.118E-02  0.167E-02   0.00       0.00       1.00       1.00    
    10.0000     7.7151     4.4002     3.1923  0.862E-02  0.131E-01   0.00       0.00       1.00       1.00    
    10.0000     7.7466     4.4168     3.2029  0.862E-02  0.131E-01   0.00       0.00       1.00       1.00    
    10.0000     7.7785     4.4336     3.2138  0.855E-02  0.131E-01   0.00       0.00       1.00       1.00    
    10.0000     7.8150     4.4530     3.2263  0.847E-02  0.131E-01   0.00       0.00       1.00       1.00    
    10.0000     7.8506     4.4720     3.2386  0.847E-02  0.131E-01   0.00       0.00       1.00       1.00    
    10.0000     7.8833     4.4894     3.2499  0.833E-02  0.130E-01   0.00       0.00       1.00       1.00    
    10.0000     7.9157     4.5069     3.2613  0.826E-02  0.129E-01   0.00       0.00       1.00       1.00    
    10.0000     7.9467     4.5236     3.2722  0.813E-02  0.128E-01   0.00       0.00       1.00       1.00    
    10.0000     7.9747     4.5388     3.2820  0.806E-02  0.126E-01   0.00       0.00       1.00       1.00    
    10.0000     8.0160     4.5614     3.2967  0.474E-02  0.746E-02   0.00       0.00       1.00       1.00    
    10.0000     8.0673     4.5896     3.3151  0.472E-02  0.741E-02   0.00       0.00       1.00       1.00    
    10.0000     8.1166     4.6169     3.3328  0.469E-02  0.741E-02   0.00       0.00       1.00       1.00    
    10.0000     8.1623     4.6425     3.3494  0.467E-02  0.735E-02   0.00       0.00       1.00       1.00    
    10.0000     8.2037     4.6660     3.3646  0.465E-02  0.735E-02   0.00       0.00       1.00       1.00    
    10.0000     8.2419     4.6877     3.3787  0.463E-02  0.730E-02   0.00       0.00       1.00       1.00    
    10.0000     8.2772     4.7081     3.3917  0.461E-02  0.730E-02   0.00       0.00       1.00       1.00    
    10.0000     8.3087     4.7263     3.4035  0.459E-02  0.725E-02   0.00       0.00       1.00       1.00    
    10.0000     8.3373     4.7430     3.4141  0.455E-02  0.725E-02   0.00       0.00       1.00       1.00    
    10.0000     8.3632     4.7583     3.4239  0.452E-02  0.719E-02   0.00       0.00       1.00       1.00    
    10.0000     8.3873     4.7726     3.4329  0.450E-02  0.714E-02   0.00       0.00       1.00       1.00    
    10.0000     8.4090     4.7855     3.4411  0.448E-02  0.714E-02   0.00       0.00       1.00       1.00    
    10.0000     8.4280     4.7969     3.4483  0.446E-02  0.709E-02   0.00       0.00       1.00       1.00    
    10.0000     8.4454     4.8075     3.4549  0.442E-02  0.704E-02   0.00       0.00       1.00       1.00    
    10.0000     8.4608     4.8168     3.4608  0.441E-02  0.704E-02   0.00       0.00       1.00       1.00    
    10.0000     8.4741     4.8249     3.4659  0.439E-02  0.699E-02   0.00       0.00       1.00       1.00    
    10.0000     8.4867     4.8326     3.4707  0.435E-02  0.694E-02   0.00       0.00       1.00       1.00    
    10.0000     8.4961     4.8384     3.4743  0.433E-02  0.690E-02   0.00       0.00       1.00       1.00    
    10.0000     8.5080     4.8442     3.4530  0.431E-02  0.690E-02   0.00       0.00       1.00       1.00    
    10.0000     8.5411     4.8615     3.4655  0.427E-02  0.685E-02   0.00       0.00       1.00       1.00    
    10.0000     8.9802     5.0911     3.6311  0.388E-02  0.613E-02   0.00       0.00       1.00       1.00    
    10.0000     9.0208     5.1123     3.6464  0.388E-02  0.613E-02   0.00       0.00       1.00       1.00    
    10.0000     9.0615     5.1336     3.6618  0.386E-02  0.610E-02   0.00       0.00       1.00       1.00    
    10.0000     9.1017     5.1546     3.6769  0.386E-02  0.610E-02   0.00       0.00       1.00       1.00    
    10.0000     9.1422     5.1758     3.6922  0.385E-02  0.606E-02   0.00       0.00       1.00       1.00    
    10.0000     9.1828     5.1970     3.7075  0.385E-02  0.606E-02   0.00       0.00       1.00       1.00    
    10.0000     9.2231     5.2181     3.7227  0.383E-02  0.606E-02   0.00       0.00       1.00       1.00    
    10.0000     9.2639     5.2394     3.7381  0.383E-02  0.602E-02   0.00       0.00       1.00       1.00    
    10.0000     9.3040     5.2604     3.7532  0.383E-02  0.602E-02   0.00       0.00       1.00       1.00    
    10.0000     9.3446     5.2816     3.7685  0.382E-02  0.599E-02   0.00       0.00       1.00       1.00    
    10.0000     9.3853     5.3029     3.7839  0.382E-02  0.599E-02   0.00       0.00       1.00       1.00    
    10.0000     9.4261     5.3242     3.7993  0.380E-02  0.599E-02   0.00       0.00       1.00       1.00    
    10.0000     9.4666     5.3454     3.8146  0.380E-02  0.595E-02   0.00       0.00       1.00       1.00    
    10.0000     9.5077     5.3669     3.8301  0.380E-02  0.595E-02   0.00       0.00       1.00       1.00    
    10.0000     9.5487     5.3883     3.8455  0.379E-02  0.592E-02   0.00       0.00       1.00       1.00    
    10.0000     9.5890     5.4094     3.8607  0.379E-02  0.592E-02   0.00       0.00       1.00       1.00    
     0.0000     9.6296     5.4306     3.8760  0.377E-02  0.592E-02   0.00       0.00       1.00       1.00    
