MODEL.01
 
ISOTROPIC
KGS
SPHERICAL EARTH
1-D
CONSTANT VELOCITY
LINE08
LINE09
LINE10
LINE11
      H(KM)   VP(KM/S)   VS(KM/S) RHO(GM/CC)     QP         QS       ETAP       ETAS      FREFP      FREFS    
     2.0000     5.7584     3.3963     2.6669  0.118E-02  0.167E-02   0.00       0.00       1.00       1.00    
     2.0000     5.7776     3.4065     2.6707  0.118E-02  0.167E-02   0.00       0.00       1.00       1.00    
     2.0000     5.8251     3.4318     2.6802  0.118E-02  0.167E-02   0.00       0.00       1.00       1.00    
     2.0000     5.9041     3.4736     2.6964  0.118E-02  0.167E-02   0.00       0.00       1.00       1.00    
     2.0000     6.0002     3.5241     2.7167  0.118E-02  0.167E-02   0.00       0.00       1.00       1.00    
     2.0000     6.0916     3.5717     2.7366  0.118E-02  0.167E-02   0.00       0.00       1.00       1.00    
     2.0000     6.1647     3.6096     2.7530  0.118E-02  0.167E-02   0.00       0.00       1.00       1.00    
     2.0000     6.2119     3.6339     2.7637  0.118E-02  0.167E-02   0.00       0.00       1.00       1.00    
     2.0000     6.2370     3.6469     2.7695  0.118E-02  0.167E-02   0.00       0.00       1.00       1.00    
     2.0000     6.2514     3.6542     2.7729  0.118E-02  0.167E-02   0.00       0.00       1.00       1.00    
     2.0000     6.2782     3.6680     2.7791  0.118E-02  0.167E-02   0.00       0.00       1.00       1.00    
     2.0000     6.3281     3.6936     2.7909  0.118E-02  0.167E-02   0.00       0.00       1.00       1.00    
     2.0000     6.4148     3.7379     2.8119  0.118E-02  0.167E-02   0.00       0.00       1.00       1.00    
     2.0000     6.5464     3.8047     2.8448  0.118E-02  0.167E-02   0.00       0.00       1.00       1.00    
     2.0000     6.7180     3.8916     2.8896  0.118E-02  0.167E-02   0.00       0.00       1.00       1.00    
     2.0000     6.9231     3.9951     2.9461  0.118E-02  0.167E-02   0.00       0.00       1.00       1.00    
     2.0000     7.1474     4.1084     3.0113  0.118E-02  0.167E-02   0.00       0.00       1.00       1.00    
     2.0000     7.3731     4.2232     3.0807  0.118E-02  0.167E-02   0.00       0.00       1.00       1.00    
     2.0000     7.5855     4.3325     3.1490  0.118E-02  0.167E-02   0.00       0.00       1.00       1.00    
     2.0000     7.7676     4.4278     3.2101  0.118E-02  0.167E-02   0.00       0.00       1.00       1.00    
     2.0000     7.9105     4.5041     3.2595  0.118E-02  0.167E-02   0.00       0.00       1.00       1.00    
     2.0000     8.0054     4.5556     3.2929  0.118E-02  0.167E-02   0.00       0.00       1.00       1.00    
     2.0000     8.0487     4.5793     3.3084  0.118E-02  0.167E-02   0.00       0.00       1.00       1.00    
     2.0000     8.0383     4.5736     3.3047  0.118E-02  0.167E-02   0.00       0.00       1.00       1.00    
     2.0000     7.9741     4.5385     3.2818  0.118E-02  0.167E-02   0.00       0.00       1.00       1.00    
     5.0000     7.8792     4.4873     3.2485  0.118E-02  0.167E-02   0.00       0.00       1.00       1.00    
     5.0000     7.7384     4.4124     3.2002  0.118E-02  0.167E-02   0.00       0.00       1.00       1.00    
     5.0000     7.6089     4.3447     3.1568  0.118E-02  0.167E-02   0.00       0.00       1.00       1.00    
     5.0000     7.5302     4.3039     3.1310  0.118E-02  0.167E-02   0.00       0.00       1.00       1.00    
     5.0000     7.5065     4.2917     3.1233  0.118E-02  0.167E-02   0.00       0.00       1.00       1.00    
     5.0000     7.5224     4.2999     3.1284  0.118E-02  0.167E-02   0.00       0.00       1.00       1.00    
     5.0000     7.5601     4.3193     3.1407  0.118E-02  0.167E-02   0.00       0.00       1.00       1.00    
     5.0000     7.5897     4.3347     3.1504  0.118E-02  0.167E-02   0.00       0.00       1.00       1.00    
     5.0000     7.5979     4.3389     3.1531  0.118E-02  0.167E-02   0.00       0.00       1.00       1.00    
     5.0000     7.6172     4.3490     3.1595  0.118E-02  0.167E-02   0.00       0.00       1.00       1.00    
    10.0000     7.6375     4.3596     3.1663  0.118E-02  0.167E-02   0.00       0.00       1.00       1.00    
    10.0000     7.6634     4.3731     3.1749  0.118E-02  0.167E-02   0.00       0.00       1.00       1.00    
    10.0000     7.6978     4.3911     3.1864  0.862E-02  0.131E-01   0.00       0.00       1.00       1.00    
    10.0000     7.7353     4.4108     3.1991  0.862E-02  0.131E-01   0.00       0.00       1.00       1.00    
    10.0000     7.7734     4.4309     3.2121  0.855E-02  0.131E-01   0.00       0.00       1.00       1.00    
    10.0000     7.8169     4.4540     3.2270  0.847E-02  0.131E-01   0.00       0.00       1.00       1.00    
    10.0000     7.8601     4.4770     3.2419  0.847E-02  0.131E-01   0.00       0.00       1.00       1.00    
    10.0000     7.8997     4.4983     3.2557  0.833E-02  0.130E-01   0.00       0.00       1.00       1.00    
    10.0000     7.9390     4.5195     3.2695  0.826E-02  0.129E-01   0.00       0.00       1.00       1.00    
    10.0000     7.9761     4.5396     3.2825  0.813E-02  0.128E-01   0.00       0.00       1.00       1.00    
    10.0000     8.0105     4.5584     3.2947  0.806E-02  0.126E-01   0.00       0.00       1.00       1.00    
    10.0000     8.0570     4.5839     3.3114  0.474E-02  0.746E-02   0.00       0.00       1.00       1.00    
    10.0000     8.1119     4.6143     3.3312  0.472E-02  0.741E-02   0.00       0.00       1.00       1.00    
    10.0000     8.1648     4.6439     3.3503  0.469E-02  0.741E-02   0.00       0.00       1.00       1.00    
    10.0000     8.2133     4.6714     3.3681  0.467E-02  0.735E-02   0.00       0.00       1.00       1.00    
    10.0000     8.2563     4.6960     3.3840  0.465E-02  0.735E-02   0.00       0.00       1.00       1.00    
    10.0000     8.2956     4.7187     3.3986  0.463E-02  0.730E-02   0.00       0.00       1.00       1.00    
    10.0000     8.3308     4.7392     3.4117  0.461E-02  0.730E-02   0.00       0.00       1.00       1.00    
    10.0000     8.3616     4.7573     3.4233  0.459E-02  0.725E-02   0.00       0.00       1.00       1.00    
    10.0000     8.3890     4.7736     3.4336  0.455E-02  0.725E-02   0.00       0.00       1.00       1.00    
    10.0000     8.4128     4.7878     3.4426  0.452E-02  0.719E-02   0.00       0.00       1.00       1.00    
    10.0000     8.4339     4.8005     3.4506  0.450E-02  0.714E-02   0.00       0.00       1.00       1.00    
    10.0000     8.4520     4.8114     3.4574  0.448E-02  0.714E-02   0.00       0.00       1.00       1.00    
    10.0000     8.4668     4.8204     3.4631  0.446E-02  0.709E-02   0.00       0.00       1.00       1.00    
    10.0000     8.4796     4.8283     3.4680  0.442E-02  0.704E-02   0.00       0.00       1.00       1.00    
    10.0000     8.4893     4.8342     3.4717  0.441E-02  0.704E-02   0.00       0.00       1.00       1.00    
    10.0000     8.4964     4.8386     3.4744  0.439E-02  0.699E-02   0.00       0.00       1.00       1.00    
    10.0000     8.5041     4.8421     3.4515  0.435E-02  0.694E-02   0.00       0.00       1.00       1.00    
    10.0000     8.5064     4.8433     3.4524  0.433E-02  0.690E-02   0.00       0.00       1.00       1.00    
    10.0000     8.5080     4.8442     3.4530  0.431E-02  0.690E-02   0.00       0.00       1.00       1.00    
    10.0000     8.5411     4.8615     3.4655  0.427E-02  0.685E-02   0.00       0.00       1.00       1.00    
    10.0000     8.9802     5.0911     3.6311  0.388E-02  0.613E-02   0.00       0.00       1.00       1.00    
    10.0000     9.0208     5.1123     3.6464  0.388E-02  0.613E-02   0.00       0.00       1.00       1.00    
    10.0000     9.0615     5.1336     3.6618  0.386E-02  0.610E-02   0.00       0.00       1.00       1.00    
    10.0000     9.1017     5.1546     3.6769  0.386E-02  0.610E-02   0.00       0.00       1.00       1.00    
    10.0000     9.1422     5.1758     3.6922  0.385E-02  0.606E-02   0.00       0.00       1.00       1.00    
    10.0000     9.1828     5.1970     3.7075  0.385E-02  0.606E-02   0.00       0.00       1.00       1.00    
    10.0000     9.2231     5.2181     3.7227  0.383E-02  0.606E-02   0.00       0.00       1.00       1.00    
    10.0000     9.2639     5.2394     3.7381  0.383E-02  0.602E-02   0.00       0.00       1.00       1.00    
    10.0000     9.3040     5.2604     3.7532  0.383E-02  0.602E-02   0.00       0.00       1.00       1.00    
    10.0000     9.3446     5.2816     3.7685  0.382E-02  0.599E-02   0.00       0.00       1.00       1.00    
    10.0000     9.3853     5.3029     3.7839  0.382E-02  0.599E-02   0.00       0.00       1.00       1.00    
    10.0000     9.4261     5.3242     3.7993  0.380E-02  0.599E-02   0.00       0.00       1.00       1.00    
    10.0000     9.4666     5.3454     3.8146  0.380E-02  0.595E-02   0.00       0.00       1.00       1.00    
    10.0000     9.5077     5.3669     3.8301  0.380E-02  0.595E-02   0.00       0.00       1.00       1.00    
    10.0000     9.5487     5.3883     3.8455  0.379E-02  0.592E-02   0.00       0.00       1.00       1.00    
    10.0000     9.5890     5.4094     3.8607  0.379E-02  0.592E-02   0.00       0.00       1.00       1.00    
     0.0000     9.6296     5.4306     3.8760  0.377E-02  0.592E-02   0.00       0.00       1.00       1.00    
