MODEL.01
 
ISOTROPIC
KGS
SPHERICAL EARTH
1-D
CONSTANT VELOCITY
LINE08
LINE09
LINE10
LINE11
      H(KM)   VP(KM/S)   VS(KM/S) RHO(GM/CC)     QP         QS       ETAP       ETAS      FREFP      FREFS    
     2.0000     5.8386     3.4390     2.6830  0.118E-02  0.167E-02   0.00       0.00       1.00       1.00    
     2.0000     5.8467     3.4433     2.6846  0.118E-02  0.167E-02   0.00       0.00       1.00       1.00    
     2.0000     5.8614     3.4511     2.6876  0.118E-02  0.167E-02   0.00       0.00       1.00       1.00    
     2.0000     5.8836     3.4628     2.6922  0.118E-02  0.167E-02   0.00       0.00       1.00       1.00    
     2.0000     5.9145     3.4791     2.6986  0.118E-02  0.167E-02   0.00       0.00       1.00       1.00    
     2.0000     5.9554     3.5006     2.7072  0.118E-02  0.167E-02   0.00       0.00       1.00       1.00    
     2.0000     6.0079     3.5281     2.7183  0.118E-02  0.167E-02   0.00       0.00       1.00       1.00    
     2.0000     6.0714     3.5612     2.7322  0.118E-02  0.167E-02   0.00       0.00       1.00       1.00    
     2.0000     6.1461     3.6000     2.7488  0.118E-02  0.167E-02   0.00       0.00       1.00       1.00    
     2.0000     6.2303     3.6434     2.7680  0.118E-02  0.167E-02   0.00       0.00       1.00       1.00    
     2.0000     6.3747     3.7174     2.8021  0.118E-02  0.167E-02   0.00       0.00       1.00       1.00    
     2.0000     6.5277     3.7953     2.8400  0.118E-02  0.167E-02   0.00       0.00       1.00       1.00    
     2.0000     6.6846     3.8747     2.8807  0.118E-02  0.167E-02   0.00       0.00       1.00       1.00    
     2.0000     6.8410     3.9537     2.9231  0.118E-02  0.167E-02   0.00       0.00       1.00       1.00    
     2.0000     6.9916     4.0297     2.9656  0.118E-02  0.167E-02   0.00       0.00       1.00       1.00    
     2.0000     7.1318     4.1005     3.0067  0.118E-02  0.167E-02   0.00       0.00       1.00       1.00    
     2.0000     7.2583     4.1647     3.0449  0.118E-02  0.167E-02   0.00       0.00       1.00       1.00    
     2.0000     7.3684     4.2208     3.0792  0.118E-02  0.167E-02   0.00       0.00       1.00       1.00    
     2.0000     7.4604     4.2679     3.1084  0.118E-02  0.167E-02   0.00       0.00       1.00       1.00    
     2.0000     7.5333     4.3055     3.1319  0.118E-02  0.167E-02   0.00       0.00       1.00       1.00    
     2.0000     7.5874     4.3335     3.1497  0.118E-02  0.167E-02   0.00       0.00       1.00       1.00    
     2.0000     7.6235     4.3523     3.1616  0.118E-02  0.167E-02   0.00       0.00       1.00       1.00    
     2.0000     7.6430     4.3624     3.1681  0.118E-02  0.167E-02   0.00       0.00       1.00       1.00    
     2.0000     7.6482     4.3651     3.1698  0.118E-02  0.167E-02   0.00       0.00       1.00       1.00    
     2.0000     7.6413     4.3616     3.1675  0.118E-02  0.167E-02   0.00       0.00       1.00       1.00    
     5.0000     7.6283     4.3548     3.1632  0.118E-02  0.167E-02   0.00       0.00       1.00       1.00    
     5.0000     7.6144     4.3475     3.1586  0.118E-02  0.167E-02   0.00       0.00       1.00       1.00    
     5.0000     7.6104     4.3455     3.1573  0.118E-02  0.167E-02   0.00       0.00       1.00       1.00    
     5.0000     7.6211     4.3511     3.1608  0.118E-02  0.167E-02   0.00       0.00       1.00       1.00    
     5.0000     7.6422     4.3620     3.1678  0.118E-02  0.167E-02   0.00       0.00       1.00       1.00    
     5.0000     7.6645     4.3737     3.1753  0.118E-02  0.167E-02   0.00       0.00       1.00       1.00    
     5.0000     7.6906     4.3873     3.1840  0.118E-02  0.167E-02   0.00       0.00       1.00       1.00    
     5.0000     7.7055     4.3952     3.1890  0.118E-02  0.167E-02   0.00       0.00       1.00       1.00    
     5.0000     7.7080     4.3965     3.1899  0.118E-02  0.167E-02   0.00       0.00       1.00       1.00    
     5.0000     7.7189     4.4022     3.1935  0.118E-02  0.167E-02   0.00       0.00       1.00       1.00    
    10.0000     7.7281     4.4070     3.1967  0.118E-02  0.167E-02   0.00       0.00       1.00       1.00    
    10.0000     7.7380     4.4122     3.2000  0.118E-02  0.167E-02   0.00       0.00       1.00       1.00    
    10.0000     7.7520     4.4196     3.2048  0.862E-02  0.131E-01   0.00       0.00       1.00       1.00    
    10.0000     7.7658     4.4269     3.2095  0.862E-02  0.131E-01   0.00       0.00       1.00       1.00    
    10.0000     7.7783     4.4335     3.2137  0.855E-02  0.131E-01   0.00       0.00       1.00       1.00    
    10.0000     7.7949     4.4423     3.2194  0.847E-02  0.131E-01   0.00       0.00       1.00       1.00    
    10.0000     7.8104     4.4505     3.2247  0.847E-02  0.131E-01   0.00       0.00       1.00       1.00    
    10.0000     7.8242     4.4579     3.2295  0.833E-02  0.130E-01   0.00       0.00       1.00       1.00    
    10.0000     7.8388     4.4657     3.2345  0.826E-02  0.129E-01   0.00       0.00       1.00       1.00    
    10.0000     7.8531     4.4733     3.2395  0.813E-02  0.128E-01   0.00       0.00       1.00       1.00    
    10.0000     7.8668     4.4806     3.2442  0.806E-02  0.126E-01   0.00       0.00       1.00       1.00    
    10.0000     7.8951     4.4958     3.2541  0.474E-02  0.746E-02   0.00       0.00       1.00       1.00    
    10.0000     7.9374     4.5186     3.2689  0.472E-02  0.741E-02   0.00       0.00       1.00       1.00    
    10.0000     7.9786     4.5409     3.2834  0.469E-02  0.741E-02   0.00       0.00       1.00       1.00    
    10.0000     8.0191     4.5631     3.2978  0.467E-02  0.735E-02   0.00       0.00       1.00       1.00    
    10.0000     8.0584     4.5847     3.3119  0.465E-02  0.735E-02   0.00       0.00       1.00       1.00    
    10.0000     8.0958     4.6054     3.3253  0.463E-02  0.730E-02   0.00       0.00       1.00       1.00    
    10.0000     8.1323     4.6257     3.3385  0.461E-02  0.730E-02   0.00       0.00       1.00       1.00    
    10.0000     8.1672     4.6453     3.3512  0.459E-02  0.725E-02   0.00       0.00       1.00       1.00    
    10.0000     8.2018     4.6648     3.3639  0.455E-02  0.725E-02   0.00       0.00       1.00       1.00    
    10.0000     8.2348     4.6837     3.3761  0.452E-02  0.719E-02   0.00       0.00       1.00       1.00    
    10.0000     8.2679     4.7027     3.3883  0.450E-02  0.714E-02   0.00       0.00       1.00       1.00    
    10.0000     8.2998     4.7211     3.4001  0.448E-02  0.714E-02   0.00       0.00       1.00       1.00    
    10.0000     8.3309     4.7393     3.4118  0.446E-02  0.709E-02   0.00       0.00       1.00       1.00    
    10.0000     8.3616     4.7573     3.4232  0.442E-02  0.704E-02   0.00       0.00       1.00       1.00    
    10.0000     8.3918     4.7752     3.4346  0.441E-02  0.704E-02   0.00       0.00       1.00       1.00    
    10.0000     8.4208     4.7926     3.4456  0.439E-02  0.699E-02   0.00       0.00       1.00       1.00    
    10.0000     8.4499     4.8102     3.4567  0.435E-02  0.694E-02   0.00       0.00       1.00       1.00    
    10.0000     8.4774     4.8269     3.4671  0.433E-02  0.690E-02   0.00       0.00       1.00       1.00    
    10.0000     8.5080     4.8442     3.4530  0.431E-02  0.690E-02   0.00       0.00       1.00       1.00    
    10.0000     8.5411     4.8615     3.4655  0.427E-02  0.685E-02   0.00       0.00       1.00       1.00    
    10.0000     8.9802     5.0911     3.6311  0.388E-02  0.613E-02   0.00       0.00       1.00       1.00    
    10.0000     9.0208     5.1123     3.6464  0.388E-02  0.613E-02   0.00       0.00       1.00       1.00    
    10.0000     9.0615     5.1336     3.6618  0.386E-02  0.610E-02   0.00       0.00       1.00       1.00    
    10.0000     9.1017     5.1546     3.6769  0.386E-02  0.610E-02   0.00       0.00       1.00       1.00    
    10.0000     9.1422     5.1758     3.6922  0.385E-02  0.606E-02   0.00       0.00       1.00       1.00    
    10.0000     9.1828     5.1970     3.7075  0.385E-02  0.606E-02   0.00       0.00       1.00       1.00    
    10.0000     9.2231     5.2181     3.7227  0.383E-02  0.606E-02   0.00       0.00       1.00       1.00    
    10.0000     9.2639     5.2394     3.7381  0.383E-02  0.602E-02   0.00       0.00       1.00       1.00    
    10.0000     9.3040     5.2604     3.7532  0.383E-02  0.602E-02   0.00       0.00       1.00       1.00    
    10.0000     9.3446     5.2816     3.7685  0.382E-02  0.599E-02   0.00       0.00       1.00       1.00    
    10.0000     9.3853     5.3029     3.7839  0.382E-02  0.599E-02   0.00       0.00       1.00       1.00    
    10.0000     9.4261     5.3242     3.7993  0.380E-02  0.599E-02   0.00       0.00       1.00       1.00    
    10.0000     9.4666     5.3454     3.8146  0.380E-02  0.595E-02   0.00       0.00       1.00       1.00    
    10.0000     9.5077     5.3669     3.8301  0.380E-02  0.595E-02   0.00       0.00       1.00       1.00    
    10.0000     9.5487     5.3883     3.8455  0.379E-02  0.592E-02   0.00       0.00       1.00       1.00    
    10.0000     9.5890     5.4094     3.8607  0.379E-02  0.592E-02   0.00       0.00       1.00       1.00    
     0.0000     9.6296     5.4306     3.8760  0.377E-02  0.592E-02   0.00       0.00       1.00       1.00    
