MODEL.01
 
ISOTROPIC
KGS
SPHERICAL EARTH
1-D
CONSTANT VELOCITY
LINE08
LINE09
LINE10
LINE11
      H(KM)   VP(KM/S)   VS(KM/S) RHO(GM/CC)     QP         QS       ETAP       ETAS      FREFP      FREFS    
     2.0000     5.8207     3.4295     2.6793  0.118E-02  0.167E-02   0.00       0.00       1.00       1.00    
     2.0000     5.8376     3.4385     2.6828  0.118E-02  0.167E-02   0.00       0.00       1.00       1.00    
     2.0000     5.8761     3.4588     2.6906  0.118E-02  0.167E-02   0.00       0.00       1.00       1.00    
     2.0000     5.9346     3.4897     2.7028  0.118E-02  0.167E-02   0.00       0.00       1.00       1.00    
     2.0000     6.0028     3.5254     2.7173  0.118E-02  0.167E-02   0.00       0.00       1.00       1.00    
     2.0000     6.0651     3.5579     2.7308  0.118E-02  0.167E-02   0.00       0.00       1.00       1.00    
     2.0000     6.1153     3.5840     2.7419  0.118E-02  0.167E-02   0.00       0.00       1.00       1.00    
     2.0000     6.1502     3.6021     2.7497  0.118E-02  0.167E-02   0.00       0.00       1.00       1.00    
     2.0000     6.1751     3.6149     2.7553  0.118E-02  0.167E-02   0.00       0.00       1.00       1.00    
     2.0000     6.1998     3.6277     2.7609  0.118E-02  0.167E-02   0.00       0.00       1.00       1.00    
     2.0000     6.2529     3.6550     2.7732  0.118E-02  0.167E-02   0.00       0.00       1.00       1.00    
     2.0000     6.3336     3.6964     2.7923  0.118E-02  0.167E-02   0.00       0.00       1.00       1.00    
     2.0000     6.4492     3.7554     2.8204  0.118E-02  0.167E-02   0.00       0.00       1.00       1.00    
     2.0000     6.6019     3.8329     2.8591  0.118E-02  0.167E-02   0.00       0.00       1.00       1.00    
     2.0000     6.7854     3.9256     2.9078  0.118E-02  0.167E-02   0.00       0.00       1.00       1.00    
     2.0000     6.9905     4.0291     2.9653  0.118E-02  0.167E-02   0.00       0.00       1.00       1.00    
     2.0000     7.2052     4.1377     3.0288  0.118E-02  0.167E-02   0.00       0.00       1.00       1.00    
     2.0000     7.4126     4.2434     3.0931  0.118E-02  0.167E-02   0.00       0.00       1.00       1.00    
     2.0000     7.6018     4.3410     3.1544  0.118E-02  0.167E-02   0.00       0.00       1.00       1.00    
     2.0000     7.7591     4.4234     3.2072  0.118E-02  0.167E-02   0.00       0.00       1.00       1.00    
     2.0000     7.8783     4.4868     3.2482  0.118E-02  0.167E-02   0.00       0.00       1.00       1.00    
     2.0000     7.9531     4.5271     3.2744  0.118E-02  0.167E-02   0.00       0.00       1.00       1.00    
     2.0000     7.9810     4.5422     3.2843  0.118E-02  0.167E-02   0.00       0.00       1.00       1.00    
     2.0000     7.9618     4.5318     3.2775  0.118E-02  0.167E-02   0.00       0.00       1.00       1.00    
     2.0000     7.8955     4.4960     3.2542  0.118E-02  0.167E-02   0.00       0.00       1.00       1.00    
     5.0000     7.8064     4.4484     3.2234  0.118E-02  0.167E-02   0.00       0.00       1.00       1.00    
     5.0000     7.6851     4.3844     3.1822  0.118E-02  0.167E-02   0.00       0.00       1.00       1.00    
     5.0000     7.5810     4.3302     3.1476  0.118E-02  0.167E-02   0.00       0.00       1.00       1.00    
     5.0000     7.5246     4.3010     3.1291  0.118E-02  0.167E-02   0.00       0.00       1.00       1.00    
     5.0000     7.5162     4.2967     3.1264  0.118E-02  0.167E-02   0.00       0.00       1.00       1.00    
     5.0000     7.5400     4.3090     3.1341  0.118E-02  0.167E-02   0.00       0.00       1.00       1.00    
     5.0000     7.5798     4.3296     3.1472  0.118E-02  0.167E-02   0.00       0.00       1.00       1.00    
     5.0000     7.6092     4.3449     3.1569  0.118E-02  0.167E-02   0.00       0.00       1.00       1.00    
     5.0000     7.6170     4.3489     3.1595  0.118E-02  0.167E-02   0.00       0.00       1.00       1.00    
     5.0000     7.6356     4.3586     3.1656  0.118E-02  0.167E-02   0.00       0.00       1.00       1.00    
    10.0000     7.6547     4.3685     3.1720  0.118E-02  0.167E-02   0.00       0.00       1.00       1.00    
    10.0000     7.6782     4.3808     3.1799  0.118E-02  0.167E-02   0.00       0.00       1.00       1.00    
    10.0000     7.7094     4.3972     3.1904  0.862E-02  0.131E-01   0.00       0.00       1.00       1.00    
    10.0000     7.7432     4.4150     3.2018  0.862E-02  0.131E-01   0.00       0.00       1.00       1.00    
    10.0000     7.7772     4.4329     3.2134  0.855E-02  0.131E-01   0.00       0.00       1.00       1.00    
    10.0000     7.8161     4.4536     3.2267  0.847E-02  0.131E-01   0.00       0.00       1.00       1.00    
    10.0000     7.8542     4.4739     3.2399  0.847E-02  0.131E-01   0.00       0.00       1.00       1.00    
    10.0000     7.8893     4.4927     3.2521  0.833E-02  0.130E-01   0.00       0.00       1.00       1.00    
    10.0000     7.9241     4.5114     3.2642  0.826E-02  0.129E-01   0.00       0.00       1.00       1.00    
    10.0000     7.9572     4.5293     3.2758  0.813E-02  0.128E-01   0.00       0.00       1.00       1.00    
    10.0000     7.9873     4.5457     3.2865  0.806E-02  0.126E-01   0.00       0.00       1.00       1.00    
    10.0000     8.0303     4.5692     3.3018  0.474E-02  0.746E-02   0.00       0.00       1.00       1.00    
    10.0000     8.0830     4.5982     3.3207  0.472E-02  0.741E-02   0.00       0.00       1.00       1.00    
    10.0000     8.1333     4.6263     3.3389  0.469E-02  0.741E-02   0.00       0.00       1.00       1.00    
    10.0000     8.1799     4.6525     3.3559  0.467E-02  0.735E-02   0.00       0.00       1.00       1.00    
    10.0000     8.2219     4.6763     3.3713  0.465E-02  0.735E-02   0.00       0.00       1.00       1.00    
    10.0000     8.2603     4.6983     3.3854  0.463E-02  0.730E-02   0.00       0.00       1.00       1.00    
    10.0000     8.2956     4.7187     3.3986  0.461E-02  0.730E-02   0.00       0.00       1.00       1.00    
    10.0000     8.3268     4.7369     3.4102  0.459E-02  0.725E-02   0.00       0.00       1.00       1.00    
    10.0000     8.3548     4.7533     3.4207  0.455E-02  0.725E-02   0.00       0.00       1.00       1.00    
    10.0000     8.3799     4.7682     3.4301  0.452E-02  0.719E-02   0.00       0.00       1.00       1.00    
    10.0000     8.4031     4.7820     3.4389  0.450E-02  0.714E-02   0.00       0.00       1.00       1.00    
    10.0000     8.4235     4.7942     3.4466  0.448E-02  0.714E-02   0.00       0.00       1.00       1.00    
    10.0000     8.4409     4.8047     3.4532  0.446E-02  0.709E-02   0.00       0.00       1.00       1.00    
    10.0000     8.4569     4.8144     3.4593  0.442E-02  0.704E-02   0.00       0.00       1.00       1.00    
    10.0000     8.4703     4.8226     3.4644  0.441E-02  0.704E-02   0.00       0.00       1.00       1.00    
    10.0000     8.4815     4.8295     3.4687  0.439E-02  0.699E-02   0.00       0.00       1.00       1.00    
    10.0000     8.4917     4.8357     3.4726  0.435E-02  0.694E-02   0.00       0.00       1.00       1.00    
    10.0000     8.5001     4.8400     3.4500  0.433E-02  0.690E-02   0.00       0.00       1.00       1.00    
    10.0000     8.5080     4.8442     3.4530  0.431E-02  0.690E-02   0.00       0.00       1.00       1.00    
    10.0000     8.5411     4.8615     3.4655  0.427E-02  0.685E-02   0.00       0.00       1.00       1.00    
    10.0000     8.9802     5.0911     3.6311  0.388E-02  0.613E-02   0.00       0.00       1.00       1.00    
    10.0000     9.0208     5.1123     3.6464  0.388E-02  0.613E-02   0.00       0.00       1.00       1.00    
    10.0000     9.0615     5.1336     3.6618  0.386E-02  0.610E-02   0.00       0.00       1.00       1.00    
    10.0000     9.1017     5.1546     3.6769  0.386E-02  0.610E-02   0.00       0.00       1.00       1.00    
    10.0000     9.1422     5.1758     3.6922  0.385E-02  0.606E-02   0.00       0.00       1.00       1.00    
    10.0000     9.1828     5.1970     3.7075  0.385E-02  0.606E-02   0.00       0.00       1.00       1.00    
    10.0000     9.2231     5.2181     3.7227  0.383E-02  0.606E-02   0.00       0.00       1.00       1.00    
    10.0000     9.2639     5.2394     3.7381  0.383E-02  0.602E-02   0.00       0.00       1.00       1.00    
    10.0000     9.3040     5.2604     3.7532  0.383E-02  0.602E-02   0.00       0.00       1.00       1.00    
    10.0000     9.3446     5.2816     3.7685  0.382E-02  0.599E-02   0.00       0.00       1.00       1.00    
    10.0000     9.3853     5.3029     3.7839  0.382E-02  0.599E-02   0.00       0.00       1.00       1.00    
    10.0000     9.4261     5.3242     3.7993  0.380E-02  0.599E-02   0.00       0.00       1.00       1.00    
    10.0000     9.4666     5.3454     3.8146  0.380E-02  0.595E-02   0.00       0.00       1.00       1.00    
    10.0000     9.5077     5.3669     3.8301  0.380E-02  0.595E-02   0.00       0.00       1.00       1.00    
    10.0000     9.5487     5.3883     3.8455  0.379E-02  0.592E-02   0.00       0.00       1.00       1.00    
    10.0000     9.5890     5.4094     3.8607  0.379E-02  0.592E-02   0.00       0.00       1.00       1.00    
     0.0000     9.6296     5.4306     3.8760  0.377E-02  0.592E-02   0.00       0.00       1.00       1.00    
