MODEL.01
 
ISOTROPIC
KGS
SPHERICAL EARTH
1-D
CONSTANT VELOCITY
LINE08
LINE09
LINE10
LINE11
      H(KM)   VP(KM/S)   VS(KM/S) RHO(GM/CC)     QP         QS       ETAP       ETAS      FREFP      FREFS    
     2.0000     5.8632     3.4520     2.6880  0.118E-02  0.167E-02   0.00       0.00       1.00       1.00    
     2.0000     5.8776     3.4597     2.6909  0.118E-02  0.167E-02   0.00       0.00       1.00       1.00    
     2.0000     5.9077     3.4755     2.6972  0.118E-02  0.167E-02   0.00       0.00       1.00       1.00    
     2.0000     5.9491     3.4973     2.7058  0.118E-02  0.167E-02   0.00       0.00       1.00       1.00    
     2.0000     5.9954     3.5216     2.7157  0.118E-02  0.167E-02   0.00       0.00       1.00       1.00    
     2.0000     6.0370     3.5433     2.7246  0.118E-02  0.167E-02   0.00       0.00       1.00       1.00    
     2.0000     6.0727     3.5619     2.7324  0.118E-02  0.167E-02   0.00       0.00       1.00       1.00    
     2.0000     6.1029     3.5776     2.7391  0.118E-02  0.167E-02   0.00       0.00       1.00       1.00    
     2.0000     6.1335     3.5934     2.7459  0.118E-02  0.167E-02   0.00       0.00       1.00       1.00    
     2.0000     6.1711     3.6129     2.7544  0.118E-02  0.167E-02   0.00       0.00       1.00       1.00    
     2.0000     6.2509     3.6540     2.7728  0.118E-02  0.167E-02   0.00       0.00       1.00       1.00    
     2.0000     6.3587     3.7092     2.7983  0.118E-02  0.167E-02   0.00       0.00       1.00       1.00    
     2.0000     6.4967     3.7796     2.8322  0.118E-02  0.167E-02   0.00       0.00       1.00       1.00    
     2.0000     6.6635     3.8641     2.8751  0.118E-02  0.167E-02   0.00       0.00       1.00       1.00    
     2.0000     6.8509     3.9587     2.9259  0.118E-02  0.167E-02   0.00       0.00       1.00       1.00    
     2.0000     7.0495     4.0589     2.9824  0.118E-02  0.167E-02   0.00       0.00       1.00       1.00    
     2.0000     7.2485     4.1597     3.0419  0.118E-02  0.167E-02   0.00       0.00       1.00       1.00    
     2.0000     7.4342     4.2545     3.1000  0.118E-02  0.167E-02   0.00       0.00       1.00       1.00    
     2.0000     7.5983     4.3392     3.1533  0.118E-02  0.167E-02   0.00       0.00       1.00       1.00    
     2.0000     7.7313     4.4087     3.1978  0.118E-02  0.167E-02   0.00       0.00       1.00       1.00    
     2.0000     7.8285     4.4602     3.2310  0.118E-02  0.167E-02   0.00       0.00       1.00       1.00    
     2.0000     7.8864     4.4911     3.2510  0.118E-02  0.167E-02   0.00       0.00       1.00       1.00    
     2.0000     7.9035     4.5003     3.2570  0.118E-02  0.167E-02   0.00       0.00       1.00       1.00    
     2.0000     7.8806     4.4880     3.2490  0.118E-02  0.167E-02   0.00       0.00       1.00       1.00    
     2.0000     7.8192     4.4552     3.2278  0.118E-02  0.167E-02   0.00       0.00       1.00       1.00    
     5.0000     7.7415     4.4141     3.2012  0.118E-02  0.167E-02   0.00       0.00       1.00       1.00    
     5.0000     7.6439     4.3629     3.1684  0.118E-02  0.167E-02   0.00       0.00       1.00       1.00    
     5.0000     7.5663     4.3226     3.1427  0.118E-02  0.167E-02   0.00       0.00       1.00       1.00    
     5.0000     7.5315     4.3045     3.1314  0.118E-02  0.167E-02   0.00       0.00       1.00       1.00    
     5.0000     7.5359     4.3068     3.1328  0.118E-02  0.167E-02   0.00       0.00       1.00       1.00    
     5.0000     7.5642     4.3215     3.1420  0.118E-02  0.167E-02   0.00       0.00       1.00       1.00    
     5.0000     7.6040     4.3421     3.1552  0.118E-02  0.167E-02   0.00       0.00       1.00       1.00    
     5.0000     7.6317     4.3566     3.1644  0.118E-02  0.167E-02   0.00       0.00       1.00       1.00    
     5.0000     7.6387     4.3602     3.1667  0.118E-02  0.167E-02   0.00       0.00       1.00       1.00    
     5.0000     7.6562     4.3693     3.1725  0.118E-02  0.167E-02   0.00       0.00       1.00       1.00    
    10.0000     7.6731     4.3782     3.1781  0.118E-02  0.167E-02   0.00       0.00       1.00       1.00    
    10.0000     7.6937     4.3890     3.1851  0.118E-02  0.167E-02   0.00       0.00       1.00       1.00    
    10.0000     7.7211     4.4034     3.1943  0.862E-02  0.131E-01   0.00       0.00       1.00       1.00    
    10.0000     7.7503     4.4187     3.2042  0.862E-02  0.131E-01   0.00       0.00       1.00       1.00    
    10.0000     7.7795     4.4342     3.2141  0.855E-02  0.131E-01   0.00       0.00       1.00       1.00    
    10.0000     7.8132     4.4520     3.2257  0.847E-02  0.131E-01   0.00       0.00       1.00       1.00    
    10.0000     7.8459     4.4695     3.2370  0.847E-02  0.131E-01   0.00       0.00       1.00       1.00    
    10.0000     7.8759     4.4855     3.2474  0.833E-02  0.130E-01   0.00       0.00       1.00       1.00    
    10.0000     7.9058     4.5015     3.2578  0.826E-02  0.129E-01   0.00       0.00       1.00       1.00    
    10.0000     7.9341     4.5168     3.2677  0.813E-02  0.128E-01   0.00       0.00       1.00       1.00    
    10.0000     7.9599     4.5308     3.2768  0.806E-02  0.126E-01   0.00       0.00       1.00       1.00    
    10.0000     7.9994     4.5523     3.2908  0.474E-02  0.746E-02   0.00       0.00       1.00       1.00    
    10.0000     8.0492     4.5796     3.3086  0.472E-02  0.741E-02   0.00       0.00       1.00       1.00    
    10.0000     8.0971     4.6061     3.3258  0.469E-02  0.741E-02   0.00       0.00       1.00       1.00    
    10.0000     8.1419     4.6311     3.3420  0.467E-02  0.735E-02   0.00       0.00       1.00       1.00    
    10.0000     8.1830     4.6542     3.3570  0.465E-02  0.735E-02   0.00       0.00       1.00       1.00    
    10.0000     8.2208     4.6757     3.3709  0.463E-02  0.730E-02   0.00       0.00       1.00       1.00    
    10.0000     8.2563     4.6960     3.3840  0.461E-02  0.730E-02   0.00       0.00       1.00       1.00    
    10.0000     8.2881     4.7143     3.3958  0.459E-02  0.725E-02   0.00       0.00       1.00       1.00    
    10.0000     8.3175     4.7314     3.4067  0.455E-02  0.725E-02   0.00       0.00       1.00       1.00    
    10.0000     8.3443     4.7471     3.4168  0.452E-02  0.719E-02   0.00       0.00       1.00       1.00    
    10.0000     8.3695     4.7620     3.4262  0.450E-02  0.714E-02   0.00       0.00       1.00       1.00    
    10.0000     8.3927     4.7758     3.4350  0.448E-02  0.714E-02   0.00       0.00       1.00       1.00    
    10.0000     8.4134     4.7882     3.4428  0.446E-02  0.709E-02   0.00       0.00       1.00       1.00    
    10.0000     8.4325     4.7997     3.4500  0.442E-02  0.704E-02   0.00       0.00       1.00       1.00    
    10.0000     8.4503     4.8104     3.4568  0.441E-02  0.704E-02   0.00       0.00       1.00       1.00    
    10.0000     8.4659     4.8199     3.4627  0.439E-02  0.699E-02   0.00       0.00       1.00       1.00    
    10.0000     8.4810     4.8291     3.4685  0.435E-02  0.694E-02   0.00       0.00       1.00       1.00    
    10.0000     8.4932     4.8366     3.4732  0.433E-02  0.690E-02   0.00       0.00       1.00       1.00    
    10.0000     8.5080     4.8442     3.4530  0.431E-02  0.690E-02   0.00       0.00       1.00       1.00    
    10.0000     8.5411     4.8615     3.4655  0.427E-02  0.685E-02   0.00       0.00       1.00       1.00    
    10.0000     8.9802     5.0911     3.6311  0.388E-02  0.613E-02   0.00       0.00       1.00       1.00    
    10.0000     9.0208     5.1123     3.6464  0.388E-02  0.613E-02   0.00       0.00       1.00       1.00    
    10.0000     9.0615     5.1336     3.6618  0.386E-02  0.610E-02   0.00       0.00       1.00       1.00    
    10.0000     9.1017     5.1546     3.6769  0.386E-02  0.610E-02   0.00       0.00       1.00       1.00    
    10.0000     9.1422     5.1758     3.6922  0.385E-02  0.606E-02   0.00       0.00       1.00       1.00    
    10.0000     9.1828     5.1970     3.7075  0.385E-02  0.606E-02   0.00       0.00       1.00       1.00    
    10.0000     9.2231     5.2181     3.7227  0.383E-02  0.606E-02   0.00       0.00       1.00       1.00    
    10.0000     9.2639     5.2394     3.7381  0.383E-02  0.602E-02   0.00       0.00       1.00       1.00    
    10.0000     9.3040     5.2604     3.7532  0.383E-02  0.602E-02   0.00       0.00       1.00       1.00    
    10.0000     9.3446     5.2816     3.7685  0.382E-02  0.599E-02   0.00       0.00       1.00       1.00    
    10.0000     9.3853     5.3029     3.7839  0.382E-02  0.599E-02   0.00       0.00       1.00       1.00    
    10.0000     9.4261     5.3242     3.7993  0.380E-02  0.599E-02   0.00       0.00       1.00       1.00    
    10.0000     9.4666     5.3454     3.8146  0.380E-02  0.595E-02   0.00       0.00       1.00       1.00    
    10.0000     9.5077     5.3669     3.8301  0.380E-02  0.595E-02   0.00       0.00       1.00       1.00    
    10.0000     9.5487     5.3883     3.8455  0.379E-02  0.592E-02   0.00       0.00       1.00       1.00    
    10.0000     9.5890     5.4094     3.8607  0.379E-02  0.592E-02   0.00       0.00       1.00       1.00    
     0.0000     9.6296     5.4306     3.8760  0.377E-02  0.592E-02   0.00       0.00       1.00       1.00    
