MODEL.01
 
ISOTROPIC
KGS
SPHERICAL EARTH
1-D
CONSTANT VELOCITY
LINE08
LINE09
LINE10
LINE11
      H(KM)   VP(KM/S)   VS(KM/S) RHO(GM/CC)     QP         QS       ETAP       ETAS      FREFP      FREFS    
     2.0000     5.8123     3.4250     2.6777  0.118E-02  0.167E-02   0.00       0.00       1.00       1.00    
     2.0000     5.8296     3.4342     2.6811  0.118E-02  0.167E-02   0.00       0.00       1.00       1.00    
     2.0000     5.8693     3.4553     2.6892  0.118E-02  0.167E-02   0.00       0.00       1.00       1.00    
     2.0000     5.9309     3.4877     2.7020  0.118E-02  0.167E-02   0.00       0.00       1.00       1.00    
     2.0000     6.0029     3.5255     2.7173  0.118E-02  0.167E-02   0.00       0.00       1.00       1.00    
     2.0000     6.0692     3.5601     2.7317  0.118E-02  0.167E-02   0.00       0.00       1.00       1.00    
     2.0000     6.1225     3.5877     2.7435  0.118E-02  0.167E-02   0.00       0.00       1.00       1.00    
     2.0000     6.1588     3.6065     2.7516  0.118E-02  0.167E-02   0.00       0.00       1.00       1.00    
     2.0000     6.1833     3.6192     2.7572  0.118E-02  0.167E-02   0.00       0.00       1.00       1.00    
     2.0000     6.2064     3.6311     2.7625  0.118E-02  0.167E-02   0.00       0.00       1.00       1.00    
     2.0000     6.2553     3.6563     2.7738  0.118E-02  0.167E-02   0.00       0.00       1.00       1.00    
     2.0000     6.3316     3.6954     2.7918  0.118E-02  0.167E-02   0.00       0.00       1.00       1.00    
     2.0000     6.4432     3.7523     2.8189  0.118E-02  0.167E-02   0.00       0.00       1.00       1.00    
     2.0000     6.5930     3.8284     2.8568  0.118E-02  0.167E-02   0.00       0.00       1.00       1.00    
     2.0000     6.7751     3.9204     2.9050  0.118E-02  0.167E-02   0.00       0.00       1.00       1.00    
     2.0000     6.9806     4.0241     2.9625  0.118E-02  0.167E-02   0.00       0.00       1.00       1.00    
     2.0000     7.1972     4.1336     3.0263  0.118E-02  0.167E-02   0.00       0.00       1.00       1.00    
     2.0000     7.4076     4.2408     3.0915  0.118E-02  0.167E-02   0.00       0.00       1.00       1.00    
     2.0000     7.6005     4.3403     3.1540  0.118E-02  0.167E-02   0.00       0.00       1.00       1.00    
     2.0000     7.7616     4.4247     3.2080  0.118E-02  0.167E-02   0.00       0.00       1.00       1.00    
     2.0000     7.8843     4.4900     3.2503  0.118E-02  0.167E-02   0.00       0.00       1.00       1.00    
     2.0000     7.9620     4.5319     3.2775  0.118E-02  0.167E-02   0.00       0.00       1.00       1.00    
     2.0000     7.9919     4.5482     3.2881  0.118E-02  0.167E-02   0.00       0.00       1.00       1.00    
     2.0000     7.9738     4.5383     3.2817  0.118E-02  0.167E-02   0.00       0.00       1.00       1.00    
     2.0000     7.9074     4.5024     3.2584  0.118E-02  0.167E-02   0.00       0.00       1.00       1.00    
     5.0000     7.8171     4.4541     3.2270  0.118E-02  0.167E-02   0.00       0.00       1.00       1.00    
     5.0000     7.6925     4.3883     3.1846  0.118E-02  0.167E-02   0.00       0.00       1.00       1.00    
     5.0000     7.5845     4.3320     3.1487  0.118E-02  0.167E-02   0.00       0.00       1.00       1.00    
     5.0000     7.5247     4.3011     3.1292  0.118E-02  0.167E-02   0.00       0.00       1.00       1.00    
     5.0000     7.5142     4.2956     3.1257  0.118E-02  0.167E-02   0.00       0.00       1.00       1.00    
     5.0000     7.5370     4.3074     3.1332  0.118E-02  0.167E-02   0.00       0.00       1.00       1.00    
     5.0000     7.5766     4.3279     3.1461  0.118E-02  0.167E-02   0.00       0.00       1.00       1.00    
     5.0000     7.6061     4.3433     3.1559  0.118E-02  0.167E-02   0.00       0.00       1.00       1.00    
     5.0000     7.6139     4.3473     3.1584  0.118E-02  0.167E-02   0.00       0.00       1.00       1.00    
     5.0000     7.6327     4.3571     3.1647  0.118E-02  0.167E-02   0.00       0.00       1.00       1.00    
    10.0000     7.6519     4.3671     3.1711  0.118E-02  0.167E-02   0.00       0.00       1.00       1.00    
    10.0000     7.6758     4.3796     3.1791  0.118E-02  0.167E-02   0.00       0.00       1.00       1.00    
    10.0000     7.7076     4.3963     3.1897  0.862E-02  0.131E-01   0.00       0.00       1.00       1.00    
    10.0000     7.7421     4.4144     3.2014  0.862E-02  0.131E-01   0.00       0.00       1.00       1.00    
    10.0000     7.7767     4.4327     3.2132  0.855E-02  0.131E-01   0.00       0.00       1.00       1.00    
    10.0000     7.8164     4.4537     3.2268  0.847E-02  0.131E-01   0.00       0.00       1.00       1.00    
    10.0000     7.8553     4.4745     3.2402  0.847E-02  0.131E-01   0.00       0.00       1.00       1.00    
    10.0000     7.8911     4.4937     3.2527  0.833E-02  0.130E-01   0.00       0.00       1.00       1.00    
    10.0000     7.9266     4.5128     3.2651  0.826E-02  0.129E-01   0.00       0.00       1.00       1.00    
    10.0000     7.9603     4.5310     3.2770  0.813E-02  0.128E-01   0.00       0.00       1.00       1.00    
    10.0000     7.9911     4.5478     3.2879  0.806E-02  0.126E-01   0.00       0.00       1.00       1.00    
    10.0000     8.0346     4.5716     3.3033  0.474E-02  0.746E-02   0.00       0.00       1.00       1.00    
    10.0000     8.0877     4.6008     3.3224  0.472E-02  0.741E-02   0.00       0.00       1.00       1.00    
    10.0000     8.1385     4.6292     3.3408  0.469E-02  0.741E-02   0.00       0.00       1.00       1.00    
    10.0000     8.1853     4.6555     3.3579  0.467E-02  0.735E-02   0.00       0.00       1.00       1.00    
    10.0000     8.2275     4.6795     3.3733  0.465E-02  0.735E-02   0.00       0.00       1.00       1.00    
    10.0000     8.2660     4.7016     3.3876  0.463E-02  0.730E-02   0.00       0.00       1.00       1.00    
    10.0000     8.3013     4.7220     3.4007  0.461E-02  0.730E-02   0.00       0.00       1.00       1.00    
    10.0000     8.3324     4.7402     3.4123  0.459E-02  0.725E-02   0.00       0.00       1.00       1.00    
    10.0000     8.3602     4.7565     3.4227  0.455E-02  0.725E-02   0.00       0.00       1.00       1.00    
    10.0000     8.3851     4.7713     3.4321  0.452E-02  0.719E-02   0.00       0.00       1.00       1.00    
    10.0000     8.4080     4.7849     3.4407  0.450E-02  0.714E-02   0.00       0.00       1.00       1.00    
    10.0000     8.4280     4.7969     3.4483  0.448E-02  0.714E-02   0.00       0.00       1.00       1.00    
    10.0000     8.4449     4.8072     3.4548  0.446E-02  0.709E-02   0.00       0.00       1.00       1.00    
    10.0000     8.4604     4.8166     3.4606  0.442E-02  0.704E-02   0.00       0.00       1.00       1.00    
    10.0000     8.4733     4.8244     3.4656  0.441E-02  0.704E-02   0.00       0.00       1.00       1.00    
    10.0000     8.4839     4.8309     3.4696  0.439E-02  0.699E-02   0.00       0.00       1.00       1.00    
    10.0000     8.4933     4.8367     3.4732  0.435E-02  0.694E-02   0.00       0.00       1.00       1.00    
    10.0000     8.5010     4.8405     3.4504  0.433E-02  0.690E-02   0.00       0.00       1.00       1.00    
    10.0000     8.5080     4.8442     3.4530  0.431E-02  0.690E-02   0.00       0.00       1.00       1.00    
    10.0000     8.5411     4.8615     3.4655  0.427E-02  0.685E-02   0.00       0.00       1.00       1.00    
    10.0000     8.9802     5.0911     3.6311  0.388E-02  0.613E-02   0.00       0.00       1.00       1.00    
    10.0000     9.0208     5.1123     3.6464  0.388E-02  0.613E-02   0.00       0.00       1.00       1.00    
    10.0000     9.0615     5.1336     3.6618  0.386E-02  0.610E-02   0.00       0.00       1.00       1.00    
    10.0000     9.1017     5.1546     3.6769  0.386E-02  0.610E-02   0.00       0.00       1.00       1.00    
    10.0000     9.1422     5.1758     3.6922  0.385E-02  0.606E-02   0.00       0.00       1.00       1.00    
    10.0000     9.1828     5.1970     3.7075  0.385E-02  0.606E-02   0.00       0.00       1.00       1.00    
    10.0000     9.2231     5.2181     3.7227  0.383E-02  0.606E-02   0.00       0.00       1.00       1.00    
    10.0000     9.2639     5.2394     3.7381  0.383E-02  0.602E-02   0.00       0.00       1.00       1.00    
    10.0000     9.3040     5.2604     3.7532  0.383E-02  0.602E-02   0.00       0.00       1.00       1.00    
    10.0000     9.3446     5.2816     3.7685  0.382E-02  0.599E-02   0.00       0.00       1.00       1.00    
    10.0000     9.3853     5.3029     3.7839  0.382E-02  0.599E-02   0.00       0.00       1.00       1.00    
    10.0000     9.4261     5.3242     3.7993  0.380E-02  0.599E-02   0.00       0.00       1.00       1.00    
    10.0000     9.4666     5.3454     3.8146  0.380E-02  0.595E-02   0.00       0.00       1.00       1.00    
    10.0000     9.5077     5.3669     3.8301  0.380E-02  0.595E-02   0.00       0.00       1.00       1.00    
    10.0000     9.5487     5.3883     3.8455  0.379E-02  0.592E-02   0.00       0.00       1.00       1.00    
    10.0000     9.5890     5.4094     3.8607  0.379E-02  0.592E-02   0.00       0.00       1.00       1.00    
     0.0000     9.6296     5.4306     3.8760  0.377E-02  0.592E-02   0.00       0.00       1.00       1.00    
