MODEL.01
 
ISOTROPIC
KGS
SPHERICAL EARTH
1-D
CONSTANT VELOCITY
LINE08
LINE09
LINE10
LINE11
      H(KM)   VP(KM/S)   VS(KM/S) RHO(GM/CC)     QP         QS       ETAP       ETAS      FREFP      FREFS    
     2.0000     5.8757     3.4587     2.6906  0.118E-02  0.167E-02   0.00       0.00       1.00       1.00    
     2.0000     5.8864     3.4643     2.6927  0.118E-02  0.167E-02   0.00       0.00       1.00       1.00    
     2.0000     5.9052     3.4742     2.6966  0.118E-02  0.167E-02   0.00       0.00       1.00       1.00    
     2.0000     5.9297     3.4871     2.7018  0.118E-02  0.167E-02   0.00       0.00       1.00       1.00    
     2.0000     5.9580     3.5020     2.7077  0.118E-02  0.167E-02   0.00       0.00       1.00       1.00    
     2.0000     5.9888     3.5181     2.7143  0.118E-02  0.167E-02   0.00       0.00       1.00       1.00    
     2.0000     6.0247     3.5369     2.7220  0.118E-02  0.167E-02   0.00       0.00       1.00       1.00    
     2.0000     6.0671     3.5590     2.7312  0.118E-02  0.167E-02   0.00       0.00       1.00       1.00    
     2.0000     6.1197     3.5863     2.7428  0.118E-02  0.167E-02   0.00       0.00       1.00       1.00    
     2.0000     6.1837     3.6194     2.7573  0.118E-02  0.167E-02   0.00       0.00       1.00       1.00    
     2.0000     6.3048     3.6817     2.7854  0.118E-02  0.167E-02   0.00       0.00       1.00       1.00    
     2.0000     6.4459     3.7537     2.8196  0.118E-02  0.167E-02   0.00       0.00       1.00       1.00    
     2.0000     6.6036     3.8337     2.8595  0.118E-02  0.167E-02   0.00       0.00       1.00       1.00    
     2.0000     6.7729     3.9193     2.9044  0.118E-02  0.167E-02   0.00       0.00       1.00       1.00    
     2.0000     6.9464     4.0069     2.9527  0.118E-02  0.167E-02   0.00       0.00       1.00       1.00    
     2.0000     7.1165     4.0928     3.0021  0.118E-02  0.167E-02   0.00       0.00       1.00       1.00    
     2.0000     7.2764     4.1739     3.0505  0.118E-02  0.167E-02   0.00       0.00       1.00       1.00    
     2.0000     7.4191     4.2468     3.0952  0.118E-02  0.167E-02   0.00       0.00       1.00       1.00    
     2.0000     7.5398     4.3089     3.1341  0.118E-02  0.167E-02   0.00       0.00       1.00       1.00    
     2.0000     7.6349     4.3582     3.1654  0.118E-02  0.167E-02   0.00       0.00       1.00       1.00    
     2.0000     7.7028     4.3937     3.1881  0.118E-02  0.167E-02   0.00       0.00       1.00       1.00    
     2.0000     7.7426     4.4147     3.2016  0.118E-02  0.167E-02   0.00       0.00       1.00       1.00    
     2.0000     7.7551     4.4212     3.2058  0.118E-02  0.167E-02   0.00       0.00       1.00       1.00    
     2.0000     7.7423     4.4145     3.2015  0.118E-02  0.167E-02   0.00       0.00       1.00       1.00    
     2.0000     7.7067     4.3958     3.1894  0.118E-02  0.167E-02   0.00       0.00       1.00       1.00    
     5.0000     7.6624     4.3726     3.1746  0.118E-02  0.167E-02   0.00       0.00       1.00       1.00    
     5.0000     7.6124     4.3465     3.1579  0.118E-02  0.167E-02   0.00       0.00       1.00       1.00    
     5.0000     7.5797     4.3295     3.1472  0.118E-02  0.167E-02   0.00       0.00       1.00       1.00    
     5.0000     7.5748     4.3270     3.1455  0.118E-02  0.167E-02   0.00       0.00       1.00       1.00    
     5.0000     7.5924     4.3361     3.1513  0.118E-02  0.167E-02   0.00       0.00       1.00       1.00    
     5.0000     7.6200     4.3505     3.1605  0.118E-02  0.167E-02   0.00       0.00       1.00       1.00    
     5.0000     7.6537     4.3680     3.1717  0.118E-02  0.167E-02   0.00       0.00       1.00       1.00    
     5.0000     7.6749     4.3791     3.1787  0.118E-02  0.167E-02   0.00       0.00       1.00       1.00    
     5.0000     7.6795     4.3815     3.1803  0.118E-02  0.167E-02   0.00       0.00       1.00       1.00    
     5.0000     7.6933     4.3888     3.1849  0.118E-02  0.167E-02   0.00       0.00       1.00       1.00    
    10.0000     7.7059     4.3954     3.1892  0.118E-02  0.167E-02   0.00       0.00       1.00       1.00    
    10.0000     7.7203     4.4029     3.1940  0.118E-02  0.167E-02   0.00       0.00       1.00       1.00    
    10.0000     7.7402     4.4134     3.2008  0.862E-02  0.131E-01   0.00       0.00       1.00       1.00    
    10.0000     7.7606     4.4242     3.2077  0.862E-02  0.131E-01   0.00       0.00       1.00       1.00    
    10.0000     7.7798     4.4343     3.2142  0.855E-02  0.131E-01   0.00       0.00       1.00       1.00    
    10.0000     7.8035     4.4469     3.2224  0.847E-02  0.131E-01   0.00       0.00       1.00       1.00    
    10.0000     7.8259     4.4588     3.2301  0.847E-02  0.131E-01   0.00       0.00       1.00       1.00    
    10.0000     7.8464     4.4697     3.2372  0.833E-02  0.130E-01   0.00       0.00       1.00       1.00    
    10.0000     7.8673     4.4809     3.2444  0.826E-02  0.129E-01   0.00       0.00       1.00       1.00    
    10.0000     7.8873     4.4916     3.2514  0.813E-02  0.128E-01   0.00       0.00       1.00       1.00    
    10.0000     7.9058     4.5015     3.2578  0.806E-02  0.126E-01   0.00       0.00       1.00       1.00    
    10.0000     7.9385     4.5192     3.2693  0.474E-02  0.746E-02   0.00       0.00       1.00       1.00    
    10.0000     7.9837     4.5437     3.2852  0.472E-02  0.741E-02   0.00       0.00       1.00       1.00    
    10.0000     8.0273     4.5676     3.3007  0.469E-02  0.741E-02   0.00       0.00       1.00       1.00    
    10.0000     8.0696     4.5908     3.3159  0.467E-02  0.735E-02   0.00       0.00       1.00       1.00    
    10.0000     8.1095     4.6130     3.3303  0.465E-02  0.735E-02   0.00       0.00       1.00       1.00    
    10.0000     8.1468     4.6338     3.3438  0.463E-02  0.730E-02   0.00       0.00       1.00       1.00    
    10.0000     8.1828     4.6541     3.3569  0.461E-02  0.730E-02   0.00       0.00       1.00       1.00    
    10.0000     8.2162     4.6731     3.3692  0.459E-02  0.725E-02   0.00       0.00       1.00       1.00    
    10.0000     8.2486     4.6915     3.3811  0.455E-02  0.725E-02   0.00       0.00       1.00       1.00    
    10.0000     8.2791     4.7091     3.3924  0.452E-02  0.719E-02   0.00       0.00       1.00       1.00    
    10.0000     8.3088     4.7264     3.4035  0.450E-02  0.714E-02   0.00       0.00       1.00       1.00    
    10.0000     8.3369     4.7428     3.4140  0.448E-02  0.714E-02   0.00       0.00       1.00       1.00    
    10.0000     8.3639     4.7587     3.4241  0.446E-02  0.709E-02   0.00       0.00       1.00       1.00    
    10.0000     8.3898     4.7741     3.4339  0.442E-02  0.704E-02   0.00       0.00       1.00       1.00    
    10.0000     8.4150     4.7891     3.4434  0.441E-02  0.704E-02   0.00       0.00       1.00       1.00    
    10.0000     8.4386     4.8033     3.4523  0.439E-02  0.699E-02   0.00       0.00       1.00       1.00    
    10.0000     8.4622     4.8176     3.4613  0.435E-02  0.694E-02   0.00       0.00       1.00       1.00    
    10.0000     8.4835     4.8307     3.4695  0.433E-02  0.690E-02   0.00       0.00       1.00       1.00    
    10.0000     8.5080     4.8442     3.4530  0.431E-02  0.690E-02   0.00       0.00       1.00       1.00    
    10.0000     8.5411     4.8615     3.4655  0.427E-02  0.685E-02   0.00       0.00       1.00       1.00    
    10.0000     8.9802     5.0911     3.6311  0.388E-02  0.613E-02   0.00       0.00       1.00       1.00    
    10.0000     9.0208     5.1123     3.6464  0.388E-02  0.613E-02   0.00       0.00       1.00       1.00    
    10.0000     9.0615     5.1336     3.6618  0.386E-02  0.610E-02   0.00       0.00       1.00       1.00    
    10.0000     9.1017     5.1546     3.6769  0.386E-02  0.610E-02   0.00       0.00       1.00       1.00    
    10.0000     9.1422     5.1758     3.6922  0.385E-02  0.606E-02   0.00       0.00       1.00       1.00    
    10.0000     9.1828     5.1970     3.7075  0.385E-02  0.606E-02   0.00       0.00       1.00       1.00    
    10.0000     9.2231     5.2181     3.7227  0.383E-02  0.606E-02   0.00       0.00       1.00       1.00    
    10.0000     9.2639     5.2394     3.7381  0.383E-02  0.602E-02   0.00       0.00       1.00       1.00    
    10.0000     9.3040     5.2604     3.7532  0.383E-02  0.602E-02   0.00       0.00       1.00       1.00    
    10.0000     9.3446     5.2816     3.7685  0.382E-02  0.599E-02   0.00       0.00       1.00       1.00    
    10.0000     9.3853     5.3029     3.7839  0.382E-02  0.599E-02   0.00       0.00       1.00       1.00    
    10.0000     9.4261     5.3242     3.7993  0.380E-02  0.599E-02   0.00       0.00       1.00       1.00    
    10.0000     9.4666     5.3454     3.8146  0.380E-02  0.595E-02   0.00       0.00       1.00       1.00    
    10.0000     9.5077     5.3669     3.8301  0.380E-02  0.595E-02   0.00       0.00       1.00       1.00    
    10.0000     9.5487     5.3883     3.8455  0.379E-02  0.592E-02   0.00       0.00       1.00       1.00    
    10.0000     9.5890     5.4094     3.8607  0.379E-02  0.592E-02   0.00       0.00       1.00       1.00    
     0.0000     9.6296     5.4306     3.8760  0.377E-02  0.592E-02   0.00       0.00       1.00       1.00    
