MODEL.01
 
ISOTROPIC
KGS
SPHERICAL EARTH
1-D
CONSTANT VELOCITY
LINE08
LINE09
LINE10
LINE11
      H(KM)   VP(KM/S)   VS(KM/S) RHO(GM/CC)     QP         QS       ETAP       ETAS      FREFP      FREFS    
     2.0000     5.8786     3.4602     2.6911  0.118E-02  0.167E-02   0.00       0.00       1.00       1.00    
     2.0000     5.8914     3.4669     2.6938  0.118E-02  0.167E-02   0.00       0.00       1.00       1.00    
     2.0000     5.9154     3.4796     2.6988  0.118E-02  0.167E-02   0.00       0.00       1.00       1.00    
     2.0000     5.9472     3.4963     2.7054  0.118E-02  0.167E-02   0.00       0.00       1.00       1.00    
     2.0000     5.9819     3.5145     2.7128  0.118E-02  0.167E-02   0.00       0.00       1.00       1.00    
     2.0000     6.0145     3.5316     2.7198  0.118E-02  0.167E-02   0.00       0.00       1.00       1.00    
     2.0000     6.0466     3.5483     2.7267  0.118E-02  0.167E-02   0.00       0.00       1.00       1.00    
     2.0000     6.0794     3.5654     2.7339  0.118E-02  0.167E-02   0.00       0.00       1.00       1.00    
     2.0000     6.1182     3.5855     2.7425  0.118E-02  0.167E-02   0.00       0.00       1.00       1.00    
     2.0000     6.1671     3.6108     2.7535  0.118E-02  0.167E-02   0.00       0.00       1.00       1.00    
     2.0000     6.2668     3.6622     2.7765  0.118E-02  0.167E-02   0.00       0.00       1.00       1.00    
     2.0000     6.3921     3.7263     2.8064  0.118E-02  0.167E-02   0.00       0.00       1.00       1.00    
     2.0000     6.5421     3.8026     2.8437  0.118E-02  0.167E-02   0.00       0.00       1.00       1.00    
     2.0000     6.7134     3.8893     2.8884  0.118E-02  0.167E-02   0.00       0.00       1.00       1.00    
     2.0000     6.8978     3.9823     2.9389  0.118E-02  0.167E-02   0.00       0.00       1.00       1.00    
     2.0000     7.0859     4.0773     2.9931  0.118E-02  0.167E-02   0.00       0.00       1.00       1.00    
     2.0000     7.2685     4.1699     3.0481  0.118E-02  0.167E-02   0.00       0.00       1.00       1.00    
     2.0000     7.4356     4.2552     3.1004  0.118E-02  0.167E-02   0.00       0.00       1.00       1.00    
     2.0000     7.5797     4.3295     3.1472  0.118E-02  0.167E-02   0.00       0.00       1.00       1.00    
     2.0000     7.6945     4.3894     3.1853  0.118E-02  0.167E-02   0.00       0.00       1.00       1.00    
     2.0000     7.7769     4.4328     3.2133  0.118E-02  0.167E-02   0.00       0.00       1.00       1.00    
     2.0000     7.8247     4.4581     3.2297  0.118E-02  0.167E-02   0.00       0.00       1.00       1.00    
     2.0000     7.8374     4.4649     3.2341  0.118E-02  0.167E-02   0.00       0.00       1.00       1.00    
     2.0000     7.8165     4.4538     3.2268  0.118E-02  0.167E-02   0.00       0.00       1.00       1.00    
     2.0000     7.7642     4.4261     3.2089  0.118E-02  0.167E-02   0.00       0.00       1.00       1.00    
     5.0000     7.6998     4.3922     3.1871  0.118E-02  0.167E-02   0.00       0.00       1.00       1.00    
     5.0000     7.6231     4.3521     3.1615  0.118E-02  0.167E-02   0.00       0.00       1.00       1.00    
     5.0000     7.5664     4.3226     3.1428  0.118E-02  0.167E-02   0.00       0.00       1.00       1.00    
     5.0000     7.5464     4.3123     3.1362  0.118E-02  0.167E-02   0.00       0.00       1.00       1.00    
     5.0000     7.5583     4.3184     3.1401  0.118E-02  0.167E-02   0.00       0.00       1.00       1.00    
     5.0000     7.5877     4.3337     3.1498  0.118E-02  0.167E-02   0.00       0.00       1.00       1.00    
     5.0000     7.6257     4.3534     3.1623  0.118E-02  0.167E-02   0.00       0.00       1.00       1.00    
     5.0000     7.6510     4.3666     3.1708  0.118E-02  0.167E-02   0.00       0.00       1.00       1.00    
     5.0000     7.6569     4.3697     3.1727  0.118E-02  0.167E-02   0.00       0.00       1.00       1.00    
     5.0000     7.6728     4.3780     3.1781  0.118E-02  0.167E-02   0.00       0.00       1.00       1.00    
    10.0000     7.6881     4.3860     3.1832  0.118E-02  0.167E-02   0.00       0.00       1.00       1.00    
    10.0000     7.7060     4.3954     3.1892  0.118E-02  0.167E-02   0.00       0.00       1.00       1.00    
    10.0000     7.7302     4.4081     3.1974  0.862E-02  0.131E-01   0.00       0.00       1.00       1.00    
    10.0000     7.7554     4.4214     3.2059  0.862E-02  0.131E-01   0.00       0.00       1.00       1.00    
    10.0000     7.7801     4.4345     3.2144  0.855E-02  0.131E-01   0.00       0.00       1.00       1.00    
    10.0000     7.8093     4.4500     3.2244  0.847E-02  0.131E-01   0.00       0.00       1.00       1.00    
    10.0000     7.8375     4.4649     3.2341  0.847E-02  0.131E-01   0.00       0.00       1.00       1.00    
    10.0000     7.8632     4.4787     3.2430  0.833E-02  0.130E-01   0.00       0.00       1.00       1.00    
    10.0000     7.8890     4.4925     3.2520  0.826E-02  0.129E-01   0.00       0.00       1.00       1.00    
    10.0000     7.9135     4.5057     3.2605  0.813E-02  0.128E-01   0.00       0.00       1.00       1.00    
    10.0000     7.9362     4.5179     3.2685  0.806E-02  0.126E-01   0.00       0.00       1.00       1.00    
    10.0000     7.9723     4.5375     3.2812  0.474E-02  0.746E-02   0.00       0.00       1.00       1.00    
    10.0000     8.0200     4.5636     3.2981  0.472E-02  0.741E-02   0.00       0.00       1.00       1.00    
    10.0000     8.0660     4.5889     3.3146  0.469E-02  0.741E-02   0.00       0.00       1.00       1.00    
    10.0000     8.1095     4.6130     3.3303  0.467E-02  0.735E-02   0.00       0.00       1.00       1.00    
    10.0000     8.1502     4.6357     3.3450  0.465E-02  0.735E-02   0.00       0.00       1.00       1.00    
    10.0000     8.1876     4.6568     3.3587  0.463E-02  0.730E-02   0.00       0.00       1.00       1.00    
    10.0000     8.2233     4.6771     3.3718  0.461E-02  0.730E-02   0.00       0.00       1.00       1.00    
    10.0000     8.2558     4.6957     3.3838  0.459E-02  0.725E-02   0.00       0.00       1.00       1.00    
    10.0000     8.2864     4.7134     3.3951  0.455E-02  0.725E-02   0.00       0.00       1.00       1.00    
    10.0000     8.3149     4.7299     3.4058  0.452E-02  0.719E-02   0.00       0.00       1.00       1.00    
    10.0000     8.3421     4.7458     3.4159  0.450E-02  0.714E-02   0.00       0.00       1.00       1.00    
    10.0000     8.3674     4.7608     3.4254  0.448E-02  0.714E-02   0.00       0.00       1.00       1.00    
    10.0000     8.3909     4.7747     3.4343  0.446E-02  0.709E-02   0.00       0.00       1.00       1.00    
    10.0000     8.4130     4.7879     3.4427  0.442E-02  0.704E-02   0.00       0.00       1.00       1.00    
    10.0000     8.4341     4.8006     3.4506  0.441E-02  0.704E-02   0.00       0.00       1.00       1.00    
    10.0000     8.4534     4.8123     3.4580  0.439E-02  0.699E-02   0.00       0.00       1.00       1.00    
    10.0000     8.4724     4.8239     3.4652  0.435E-02  0.694E-02   0.00       0.00       1.00       1.00    
    10.0000     8.4889     4.8339     3.4715  0.433E-02  0.690E-02   0.00       0.00       1.00       1.00    
    10.0000     8.5080     4.8442     3.4530  0.431E-02  0.690E-02   0.00       0.00       1.00       1.00    
    10.0000     8.5411     4.8615     3.4655  0.427E-02  0.685E-02   0.00       0.00       1.00       1.00    
    10.0000     8.9802     5.0911     3.6311  0.388E-02  0.613E-02   0.00       0.00       1.00       1.00    
    10.0000     9.0208     5.1123     3.6464  0.388E-02  0.613E-02   0.00       0.00       1.00       1.00    
    10.0000     9.0615     5.1336     3.6618  0.386E-02  0.610E-02   0.00       0.00       1.00       1.00    
    10.0000     9.1017     5.1546     3.6769  0.386E-02  0.610E-02   0.00       0.00       1.00       1.00    
    10.0000     9.1422     5.1758     3.6922  0.385E-02  0.606E-02   0.00       0.00       1.00       1.00    
    10.0000     9.1828     5.1970     3.7075  0.385E-02  0.606E-02   0.00       0.00       1.00       1.00    
    10.0000     9.2231     5.2181     3.7227  0.383E-02  0.606E-02   0.00       0.00       1.00       1.00    
    10.0000     9.2639     5.2394     3.7381  0.383E-02  0.602E-02   0.00       0.00       1.00       1.00    
    10.0000     9.3040     5.2604     3.7532  0.383E-02  0.602E-02   0.00       0.00       1.00       1.00    
    10.0000     9.3446     5.2816     3.7685  0.382E-02  0.599E-02   0.00       0.00       1.00       1.00    
    10.0000     9.3853     5.3029     3.7839  0.382E-02  0.599E-02   0.00       0.00       1.00       1.00    
    10.0000     9.4261     5.3242     3.7993  0.380E-02  0.599E-02   0.00       0.00       1.00       1.00    
    10.0000     9.4666     5.3454     3.8146  0.380E-02  0.595E-02   0.00       0.00       1.00       1.00    
    10.0000     9.5077     5.3669     3.8301  0.380E-02  0.595E-02   0.00       0.00       1.00       1.00    
    10.0000     9.5487     5.3883     3.8455  0.379E-02  0.592E-02   0.00       0.00       1.00       1.00    
    10.0000     9.5890     5.4094     3.8607  0.379E-02  0.592E-02   0.00       0.00       1.00       1.00    
     0.0000     9.6296     5.4306     3.8760  0.377E-02  0.592E-02   0.00       0.00       1.00       1.00    
