MODEL.01
 
ISOTROPIC
KGS
SPHERICAL EARTH
1-D
CONSTANT VELOCITY
LINE08
LINE09
LINE10
LINE11
      H(KM)   VP(KM/S)   VS(KM/S) RHO(GM/CC)     QP         QS       ETAP       ETAS      FREFP      FREFS    
     2.0000     5.8762     3.4589     2.6906  0.118E-02  0.167E-02   0.00       0.00       1.00       1.00    
     2.0000     5.8893     3.4658     2.6934  0.118E-02  0.167E-02   0.00       0.00       1.00       1.00    
     2.0000     5.9148     3.4793     2.6986  0.118E-02  0.167E-02   0.00       0.00       1.00       1.00    
     2.0000     5.9489     3.4972     2.7058  0.118E-02  0.167E-02   0.00       0.00       1.00       1.00    
     2.0000     5.9860     3.5167     2.7137  0.118E-02  0.167E-02   0.00       0.00       1.00       1.00    
     2.0000     6.0205     3.5347     2.7211  0.118E-02  0.167E-02   0.00       0.00       1.00       1.00    
     2.0000     6.0528     3.5515     2.7281  0.118E-02  0.167E-02   0.00       0.00       1.00       1.00    
     2.0000     6.0845     3.5680     2.7350  0.118E-02  0.167E-02   0.00       0.00       1.00       1.00    
     2.0000     6.1208     3.5868     2.7431  0.118E-02  0.167E-02   0.00       0.00       1.00       1.00    
     2.0000     6.1664     3.6105     2.7534  0.118E-02  0.167E-02   0.00       0.00       1.00       1.00    
     2.0000     6.2611     3.6592     2.7751  0.118E-02  0.167E-02   0.00       0.00       1.00       1.00    
     2.0000     6.3821     3.7212     2.8039  0.118E-02  0.167E-02   0.00       0.00       1.00       1.00    
     2.0000     6.5295     3.7962     2.8405  0.118E-02  0.167E-02   0.00       0.00       1.00       1.00    
     2.0000     6.7001     3.8826     2.8849  0.118E-02  0.167E-02   0.00       0.00       1.00       1.00    
     2.0000     6.8858     3.9763     2.9356  0.118E-02  0.167E-02   0.00       0.00       1.00       1.00    
     2.0000     7.0772     4.0729     2.9905  0.118E-02  0.167E-02   0.00       0.00       1.00       1.00    
     2.0000     7.2644     4.1678     3.0468  0.118E-02  0.167E-02   0.00       0.00       1.00       1.00    
     2.0000     7.4366     4.2557     3.1008  0.118E-02  0.167E-02   0.00       0.00       1.00       1.00    
     2.0000     7.5859     4.3328     3.1492  0.118E-02  0.167E-02   0.00       0.00       1.00       1.00    
     2.0000     7.7055     4.3952     3.1890  0.118E-02  0.167E-02   0.00       0.00       1.00       1.00    
     2.0000     7.7916     4.4406     3.2183  0.118E-02  0.167E-02   0.00       0.00       1.00       1.00    
     2.0000     7.8417     4.4672     3.2355  0.118E-02  0.167E-02   0.00       0.00       1.00       1.00    
     2.0000     7.8552     4.4744     3.2402  0.118E-02  0.167E-02   0.00       0.00       1.00       1.00    
     2.0000     7.8334     4.4628     3.2327  0.118E-02  0.167E-02   0.00       0.00       1.00       1.00    
     2.0000     7.7783     4.4335     3.2137  0.118E-02  0.167E-02   0.00       0.00       1.00       1.00    
     5.0000     7.7100     4.3975     3.1906  0.118E-02  0.167E-02   0.00       0.00       1.00       1.00    
     5.0000     7.6276     4.3544     3.1630  0.118E-02  0.167E-02   0.00       0.00       1.00       1.00    
     5.0000     7.5653     4.3221     3.1424  0.118E-02  0.167E-02   0.00       0.00       1.00       1.00    
     5.0000     7.5416     4.3098     3.1347  0.118E-02  0.167E-02   0.00       0.00       1.00       1.00    
     5.0000     7.5517     4.3150     3.1380  0.118E-02  0.167E-02   0.00       0.00       1.00       1.00    
     5.0000     7.5812     4.3303     3.1476  0.118E-02  0.167E-02   0.00       0.00       1.00       1.00    
     5.0000     7.6198     4.3503     3.1604  0.118E-02  0.167E-02   0.00       0.00       1.00       1.00    
     5.0000     7.6458     4.3639     3.1690  0.118E-02  0.167E-02   0.00       0.00       1.00       1.00    
     5.0000     7.6520     4.3671     3.1711  0.118E-02  0.167E-02   0.00       0.00       1.00       1.00    
     5.0000     7.6683     4.3757     3.1765  0.118E-02  0.167E-02   0.00       0.00       1.00       1.00    
    10.0000     7.6841     4.3839     3.1818  0.118E-02  0.167E-02   0.00       0.00       1.00       1.00    
    10.0000     7.7027     4.3937     3.1881  0.118E-02  0.167E-02   0.00       0.00       1.00       1.00    
    10.0000     7.7278     4.4069     3.1966  0.862E-02  0.131E-01   0.00       0.00       1.00       1.00    
    10.0000     7.7541     4.4208     3.2055  0.862E-02  0.131E-01   0.00       0.00       1.00       1.00    
    10.0000     7.7801     4.4345     3.2143  0.855E-02  0.131E-01   0.00       0.00       1.00       1.00    
    10.0000     7.8105     4.4506     3.2248  0.847E-02  0.131E-01   0.00       0.00       1.00       1.00    
    10.0000     7.8397     4.4662     3.2348  0.847E-02  0.131E-01   0.00       0.00       1.00       1.00    
    10.0000     7.8667     4.4806     3.2442  0.833E-02  0.130E-01   0.00       0.00       1.00       1.00    
    10.0000     7.8936     4.4950     3.2535  0.826E-02  0.129E-01   0.00       0.00       1.00       1.00    
    10.0000     7.9191     4.5087     3.2625  0.813E-02  0.128E-01   0.00       0.00       1.00       1.00    
    10.0000     7.9427     4.5214     3.2707  0.806E-02  0.126E-01   0.00       0.00       1.00       1.00    
    10.0000     7.9796     4.5415     3.2838  0.474E-02  0.746E-02   0.00       0.00       1.00       1.00    
    10.0000     8.0280     4.5679     3.3010  0.472E-02  0.741E-02   0.00       0.00       1.00       1.00    
    10.0000     8.0745     4.5935     3.3176  0.469E-02  0.741E-02   0.00       0.00       1.00       1.00    
    10.0000     8.1182     4.6179     3.3334  0.467E-02  0.735E-02   0.00       0.00       1.00       1.00    
    10.0000     8.1590     4.6407     3.3482  0.465E-02  0.735E-02   0.00       0.00       1.00       1.00    
    10.0000     8.1965     4.6619     3.3620  0.463E-02  0.730E-02   0.00       0.00       1.00       1.00    
    10.0000     8.2322     4.6822     3.3751  0.461E-02  0.730E-02   0.00       0.00       1.00       1.00    
    10.0000     8.2644     4.7007     3.3870  0.459E-02  0.725E-02   0.00       0.00       1.00       1.00    
    10.0000     8.2948     4.7182     3.3983  0.455E-02  0.725E-02   0.00       0.00       1.00       1.00    
    10.0000     8.3228     4.7345     3.4087  0.452E-02  0.719E-02   0.00       0.00       1.00       1.00    
    10.0000     8.3494     4.7501     3.4187  0.450E-02  0.714E-02   0.00       0.00       1.00       1.00    
    10.0000     8.3742     4.7648     3.4280  0.448E-02  0.714E-02   0.00       0.00       1.00       1.00    
    10.0000     8.3969     4.7783     3.4365  0.446E-02  0.709E-02   0.00       0.00       1.00       1.00    
    10.0000     8.4182     4.7910     3.4446  0.442E-02  0.704E-02   0.00       0.00       1.00       1.00    
    10.0000     8.4384     4.8032     3.4523  0.441E-02  0.704E-02   0.00       0.00       1.00       1.00    
    10.0000     8.4567     4.8143     3.4592  0.439E-02  0.699E-02   0.00       0.00       1.00       1.00    
    10.0000     8.4747     4.8253     3.4661  0.435E-02  0.694E-02   0.00       0.00       1.00       1.00    
    10.0000     8.4900     4.8346     3.4719  0.433E-02  0.690E-02   0.00       0.00       1.00       1.00    
    10.0000     8.5080     4.8442     3.4530  0.431E-02  0.690E-02   0.00       0.00       1.00       1.00    
    10.0000     8.5411     4.8615     3.4655  0.427E-02  0.685E-02   0.00       0.00       1.00       1.00    
    10.0000     8.9802     5.0911     3.6311  0.388E-02  0.613E-02   0.00       0.00       1.00       1.00    
    10.0000     9.0208     5.1123     3.6464  0.388E-02  0.613E-02   0.00       0.00       1.00       1.00    
    10.0000     9.0615     5.1336     3.6618  0.386E-02  0.610E-02   0.00       0.00       1.00       1.00    
    10.0000     9.1017     5.1546     3.6769  0.386E-02  0.610E-02   0.00       0.00       1.00       1.00    
    10.0000     9.1422     5.1758     3.6922  0.385E-02  0.606E-02   0.00       0.00       1.00       1.00    
    10.0000     9.1828     5.1970     3.7075  0.385E-02  0.606E-02   0.00       0.00       1.00       1.00    
    10.0000     9.2231     5.2181     3.7227  0.383E-02  0.606E-02   0.00       0.00       1.00       1.00    
    10.0000     9.2639     5.2394     3.7381  0.383E-02  0.602E-02   0.00       0.00       1.00       1.00    
    10.0000     9.3040     5.2604     3.7532  0.383E-02  0.602E-02   0.00       0.00       1.00       1.00    
    10.0000     9.3446     5.2816     3.7685  0.382E-02  0.599E-02   0.00       0.00       1.00       1.00    
    10.0000     9.3853     5.3029     3.7839  0.382E-02  0.599E-02   0.00       0.00       1.00       1.00    
    10.0000     9.4261     5.3242     3.7993  0.380E-02  0.599E-02   0.00       0.00       1.00       1.00    
    10.0000     9.4666     5.3454     3.8146  0.380E-02  0.595E-02   0.00       0.00       1.00       1.00    
    10.0000     9.5077     5.3669     3.8301  0.380E-02  0.595E-02   0.00       0.00       1.00       1.00    
    10.0000     9.5487     5.3883     3.8455  0.379E-02  0.592E-02   0.00       0.00       1.00       1.00    
    10.0000     9.5890     5.4094     3.8607  0.379E-02  0.592E-02   0.00       0.00       1.00       1.00    
     0.0000     9.6296     5.4306     3.8760  0.377E-02  0.592E-02   0.00       0.00       1.00       1.00    
