MODEL.01
 
ISOTROPIC
KGS
SPHERICAL EARTH
1-D
CONSTANT VELOCITY
LINE08
LINE09
LINE10
LINE11
      H(KM)   VP(KM/S)   VS(KM/S) RHO(GM/CC)     QP         QS       ETAP       ETAS      FREFP      FREFS    
     2.0000     5.8788     3.4603     2.6912  0.118E-02  0.167E-02   0.00       0.00       1.00       1.00    
     2.0000     5.8900     3.4662     2.6935  0.118E-02  0.167E-02   0.00       0.00       1.00       1.00    
     2.0000     5.9100     3.4767     2.6976  0.118E-02  0.167E-02   0.00       0.00       1.00       1.00    
     2.0000     5.9360     3.4904     2.7031  0.118E-02  0.167E-02   0.00       0.00       1.00       1.00    
     2.0000     5.9653     3.5058     2.7092  0.118E-02  0.167E-02   0.00       0.00       1.00       1.00    
     2.0000     5.9956     3.5217     2.7157  0.118E-02  0.167E-02   0.00       0.00       1.00       1.00    
     2.0000     6.0297     3.5395     2.7231  0.118E-02  0.167E-02   0.00       0.00       1.00       1.00    
     2.0000     6.0688     3.5599     2.7316  0.118E-02  0.167E-02   0.00       0.00       1.00       1.00    
     2.0000     6.1173     3.5850     2.7423  0.118E-02  0.167E-02   0.00       0.00       1.00       1.00    
     2.0000     6.1771     3.6160     2.7558  0.118E-02  0.167E-02   0.00       0.00       1.00       1.00    
     2.0000     6.2927     3.6755     2.7826  0.118E-02  0.167E-02   0.00       0.00       1.00       1.00    
     2.0000     6.4301     3.7456     2.8157  0.118E-02  0.167E-02   0.00       0.00       1.00       1.00    
     2.0000     6.5864     3.8250     2.8550  0.118E-02  0.167E-02   0.00       0.00       1.00       1.00    
     2.0000     6.7570     3.9113     2.9001  0.118E-02  0.167E-02   0.00       0.00       1.00       1.00    
     2.0000     6.9342     4.0007     2.9492  0.118E-02  0.167E-02   0.00       0.00       1.00       1.00    
     2.0000     7.1097     4.0893     3.0001  0.118E-02  0.167E-02   0.00       0.00       1.00       1.00    
     2.0000     7.2760     4.1737     3.0504  0.118E-02  0.167E-02   0.00       0.00       1.00       1.00    
     2.0000     7.4255     4.2500     3.0972  0.118E-02  0.167E-02   0.00       0.00       1.00       1.00    
     2.0000     7.5524     4.3154     3.1382  0.118E-02  0.167E-02   0.00       0.00       1.00       1.00    
     2.0000     7.6525     4.3674     3.1713  0.118E-02  0.167E-02   0.00       0.00       1.00       1.00    
     2.0000     7.7240     4.4049     3.1953  0.118E-02  0.167E-02   0.00       0.00       1.00       1.00    
     2.0000     7.7656     4.4268     3.2094  0.118E-02  0.167E-02   0.00       0.00       1.00       1.00    
     2.0000     7.7775     4.4331     3.2135  0.118E-02  0.167E-02   0.00       0.00       1.00       1.00    
     2.0000     7.7620     4.4249     3.2082  0.118E-02  0.167E-02   0.00       0.00       1.00       1.00    
     2.0000     7.7214     4.4035     3.1944  0.118E-02  0.167E-02   0.00       0.00       1.00       1.00    
     5.0000     7.6713     4.3772     3.1775  0.118E-02  0.167E-02   0.00       0.00       1.00       1.00    
     5.0000     7.6138     4.3473     3.1584  0.118E-02  0.167E-02   0.00       0.00       1.00       1.00    
     5.0000     7.5748     4.3270     3.1455  0.118E-02  0.167E-02   0.00       0.00       1.00       1.00    
     5.0000     7.5662     4.3225     3.1427  0.118E-02  0.167E-02   0.00       0.00       1.00       1.00    
     5.0000     7.5826     4.3310     3.1481  0.118E-02  0.167E-02   0.00       0.00       1.00       1.00    
     5.0000     7.6110     4.3458     3.1575  0.118E-02  0.167E-02   0.00       0.00       1.00       1.00    
     5.0000     7.6460     4.3640     3.1691  0.118E-02  0.167E-02   0.00       0.00       1.00       1.00    
     5.0000     7.6684     4.3757     3.1766  0.118E-02  0.167E-02   0.00       0.00       1.00       1.00    
     5.0000     7.6734     4.3783     3.1782  0.118E-02  0.167E-02   0.00       0.00       1.00       1.00    
     5.0000     7.6879     4.3859     3.1831  0.118E-02  0.167E-02   0.00       0.00       1.00       1.00    
    10.0000     7.7012     4.3929     3.1876  0.118E-02  0.167E-02   0.00       0.00       1.00       1.00    
    10.0000     7.7164     4.4009     3.1927  0.118E-02  0.167E-02   0.00       0.00       1.00       1.00    
    10.0000     7.7376     4.4120     3.1999  0.862E-02  0.131E-01   0.00       0.00       1.00       1.00    
    10.0000     7.7594     4.4235     3.2073  0.862E-02  0.131E-01   0.00       0.00       1.00       1.00    
    10.0000     7.7800     4.4344     3.2143  0.855E-02  0.131E-01   0.00       0.00       1.00       1.00    
    10.0000     7.8053     4.4478     3.2230  0.847E-02  0.131E-01   0.00       0.00       1.00       1.00    
    10.0000     7.8292     4.4605     3.2312  0.847E-02  0.131E-01   0.00       0.00       1.00       1.00    
    10.0000     7.8510     4.4722     3.2388  0.833E-02  0.130E-01   0.00       0.00       1.00       1.00    
    10.0000     7.8734     4.4841     3.2465  0.826E-02  0.129E-01   0.00       0.00       1.00       1.00    
    10.0000     7.8945     4.4955     3.2539  0.813E-02  0.128E-01   0.00       0.00       1.00       1.00    
    10.0000     7.9141     4.5060     3.2607  0.806E-02  0.126E-01   0.00       0.00       1.00       1.00    
    10.0000     7.9478     4.5242     3.2725  0.474E-02  0.746E-02   0.00       0.00       1.00       1.00    
    10.0000     7.9936     4.5491     3.2887  0.472E-02  0.741E-02   0.00       0.00       1.00       1.00    
    10.0000     8.0379     4.5734     3.3045  0.469E-02  0.741E-02   0.00       0.00       1.00       1.00    
    10.0000     8.0804     4.5968     3.3198  0.467E-02  0.735E-02   0.00       0.00       1.00       1.00    
    10.0000     8.1206     4.6192     3.3343  0.465E-02  0.735E-02   0.00       0.00       1.00       1.00    
    10.0000     8.1578     4.6400     3.3478  0.463E-02  0.730E-02   0.00       0.00       1.00       1.00    
    10.0000     8.1937     4.6603     3.3609  0.461E-02  0.730E-02   0.00       0.00       1.00       1.00    
    10.0000     8.2269     4.6792     3.3731  0.459E-02  0.725E-02   0.00       0.00       1.00       1.00    
    10.0000     8.2587     4.6974     3.3849  0.455E-02  0.725E-02   0.00       0.00       1.00       1.00    
    10.0000     8.2887     4.7147     3.3960  0.452E-02  0.719E-02   0.00       0.00       1.00       1.00    
    10.0000     8.3178     4.7316     3.4068  0.450E-02  0.714E-02   0.00       0.00       1.00       1.00    
    10.0000     8.3451     4.7476     3.4170  0.448E-02  0.714E-02   0.00       0.00       1.00       1.00    
    10.0000     8.3712     4.7630     3.4268  0.446E-02  0.709E-02   0.00       0.00       1.00       1.00    
    10.0000     8.3961     4.7778     3.4363  0.442E-02  0.704E-02   0.00       0.00       1.00       1.00    
    10.0000     8.4201     4.7922     3.4453  0.441E-02  0.704E-02   0.00       0.00       1.00       1.00    
    10.0000     8.4425     4.8057     3.4538  0.439E-02  0.699E-02   0.00       0.00       1.00       1.00    
    10.0000     8.4648     4.8193     3.4623  0.435E-02  0.694E-02   0.00       0.00       1.00       1.00    
    10.0000     8.4850     4.8316     3.4700  0.433E-02  0.690E-02   0.00       0.00       1.00       1.00    
    10.0000     8.5080     4.8442     3.4530  0.431E-02  0.690E-02   0.00       0.00       1.00       1.00    
    10.0000     8.5411     4.8615     3.4655  0.427E-02  0.685E-02   0.00       0.00       1.00       1.00    
    10.0000     8.9802     5.0911     3.6311  0.388E-02  0.613E-02   0.00       0.00       1.00       1.00    
    10.0000     9.0208     5.1123     3.6464  0.388E-02  0.613E-02   0.00       0.00       1.00       1.00    
    10.0000     9.0615     5.1336     3.6618  0.386E-02  0.610E-02   0.00       0.00       1.00       1.00    
    10.0000     9.1017     5.1546     3.6769  0.386E-02  0.610E-02   0.00       0.00       1.00       1.00    
    10.0000     9.1422     5.1758     3.6922  0.385E-02  0.606E-02   0.00       0.00       1.00       1.00    
    10.0000     9.1828     5.1970     3.7075  0.385E-02  0.606E-02   0.00       0.00       1.00       1.00    
    10.0000     9.2231     5.2181     3.7227  0.383E-02  0.606E-02   0.00       0.00       1.00       1.00    
    10.0000     9.2639     5.2394     3.7381  0.383E-02  0.602E-02   0.00       0.00       1.00       1.00    
    10.0000     9.3040     5.2604     3.7532  0.383E-02  0.602E-02   0.00       0.00       1.00       1.00    
    10.0000     9.3446     5.2816     3.7685  0.382E-02  0.599E-02   0.00       0.00       1.00       1.00    
    10.0000     9.3853     5.3029     3.7839  0.382E-02  0.599E-02   0.00       0.00       1.00       1.00    
    10.0000     9.4261     5.3242     3.7993  0.380E-02  0.599E-02   0.00       0.00       1.00       1.00    
    10.0000     9.4666     5.3454     3.8146  0.380E-02  0.595E-02   0.00       0.00       1.00       1.00    
    10.0000     9.5077     5.3669     3.8301  0.380E-02  0.595E-02   0.00       0.00       1.00       1.00    
    10.0000     9.5487     5.3883     3.8455  0.379E-02  0.592E-02   0.00       0.00       1.00       1.00    
    10.0000     9.5890     5.4094     3.8607  0.379E-02  0.592E-02   0.00       0.00       1.00       1.00    
     0.0000     9.6296     5.4306     3.8760  0.377E-02  0.592E-02   0.00       0.00       1.00       1.00    
