MODEL.01
 
ISOTROPIC
KGS
SPHERICAL EARTH
1-D
CONSTANT VELOCITY
LINE08
LINE09
LINE10
LINE11
      H(KM)   VP(KM/S)   VS(KM/S) RHO(GM/CC)     QP         QS       ETAP       ETAS      FREFP      FREFS    
     2.0000     5.8288     3.4338     2.6810  0.118E-02  0.167E-02   0.00       0.00       1.00       1.00    
     2.0000     5.8454     3.4426     2.6843  0.118E-02  0.167E-02   0.00       0.00       1.00       1.00    
     2.0000     5.8825     3.4622     2.6920  0.118E-02  0.167E-02   0.00       0.00       1.00       1.00    
     2.0000     5.9380     3.4915     2.7035  0.118E-02  0.167E-02   0.00       0.00       1.00       1.00    
     2.0000     6.0023     3.5252     2.7172  0.118E-02  0.167E-02   0.00       0.00       1.00       1.00    
     2.0000     6.0609     3.5557     2.7298  0.118E-02  0.167E-02   0.00       0.00       1.00       1.00    
     2.0000     6.1082     3.5803     2.7403  0.118E-02  0.167E-02   0.00       0.00       1.00       1.00    
     2.0000     6.1417     3.5977     2.7478  0.118E-02  0.167E-02   0.00       0.00       1.00       1.00    
     2.0000     6.1670     3.6108     2.7535  0.118E-02  0.167E-02   0.00       0.00       1.00       1.00    
     2.0000     6.1937     3.6245     2.7596  0.118E-02  0.167E-02   0.00       0.00       1.00       1.00    
     2.0000     6.2510     3.6540     2.7728  0.118E-02  0.167E-02   0.00       0.00       1.00       1.00    
     2.0000     6.3362     3.6977     2.7929  0.118E-02  0.167E-02   0.00       0.00       1.00       1.00    
     2.0000     6.4558     3.7587     2.8220  0.118E-02  0.167E-02   0.00       0.00       1.00       1.00    
     2.0000     6.6112     3.8376     2.8615  0.118E-02  0.167E-02   0.00       0.00       1.00       1.00    
     2.0000     6.7959     3.9309     2.9107  0.118E-02  0.167E-02   0.00       0.00       1.00       1.00    
     2.0000     7.0004     4.0341     2.9682  0.118E-02  0.167E-02   0.00       0.00       1.00       1.00    
     2.0000     7.2131     4.1417     3.0311  0.118E-02  0.167E-02   0.00       0.00       1.00       1.00    
     2.0000     7.4172     4.2458     3.0946  0.118E-02  0.167E-02   0.00       0.00       1.00       1.00    
     2.0000     7.6027     4.3415     3.1547  0.118E-02  0.167E-02   0.00       0.00       1.00       1.00    
     2.0000     7.7561     4.4218     3.2062  0.118E-02  0.167E-02   0.00       0.00       1.00       1.00    
     2.0000     7.8718     4.4833     3.2460  0.118E-02  0.167E-02   0.00       0.00       1.00       1.00    
     2.0000     7.9437     4.5220     3.2711  0.118E-02  0.167E-02   0.00       0.00       1.00       1.00    
     2.0000     7.9695     4.5360     3.2802  0.118E-02  0.167E-02   0.00       0.00       1.00       1.00    
     2.0000     7.9495     4.5251     3.2731  0.118E-02  0.167E-02   0.00       0.00       1.00       1.00    
     2.0000     7.8834     4.4895     3.2500  0.118E-02  0.167E-02   0.00       0.00       1.00       1.00    
     5.0000     7.7957     4.4427     3.2197  0.118E-02  0.167E-02   0.00       0.00       1.00       1.00    
     5.0000     7.6777     4.3806     3.1797  0.118E-02  0.167E-02   0.00       0.00       1.00       1.00    
     5.0000     7.5776     4.3285     3.1465  0.118E-02  0.167E-02   0.00       0.00       1.00       1.00    
     5.0000     7.5249     4.3011     3.1292  0.118E-02  0.167E-02   0.00       0.00       1.00       1.00    
     5.0000     7.5186     4.2979     3.1272  0.118E-02  0.167E-02   0.00       0.00       1.00       1.00    
     5.0000     7.5434     4.3107     3.1353  0.118E-02  0.167E-02   0.00       0.00       1.00       1.00    
     5.0000     7.5833     4.3314     3.1483  0.118E-02  0.167E-02   0.00       0.00       1.00       1.00    
     5.0000     7.6125     4.3466     3.1580  0.118E-02  0.167E-02   0.00       0.00       1.00       1.00    
     5.0000     7.6203     4.3506     3.1606  0.118E-02  0.167E-02   0.00       0.00       1.00       1.00    
     5.0000     7.6388     4.3602     3.1667  0.118E-02  0.167E-02   0.00       0.00       1.00       1.00    
    10.0000     7.6574     4.3700     3.1729  0.118E-02  0.167E-02   0.00       0.00       1.00       1.00    
    10.0000     7.6806     4.3821     3.1807  0.118E-02  0.167E-02   0.00       0.00       1.00       1.00    
    10.0000     7.7113     4.3982     3.1910  0.862E-02  0.131E-01   0.00       0.00       1.00       1.00    
    10.0000     7.7443     4.4156     3.2022  0.862E-02  0.131E-01   0.00       0.00       1.00       1.00    
    10.0000     7.7776     4.4332     3.2135  0.855E-02  0.131E-01   0.00       0.00       1.00       1.00    
    10.0000     7.8158     4.4534     3.2266  0.847E-02  0.131E-01   0.00       0.00       1.00       1.00    
    10.0000     7.8532     4.4733     3.2395  0.847E-02  0.131E-01   0.00       0.00       1.00       1.00    
    10.0000     7.8874     4.4917     3.2514  0.833E-02  0.130E-01   0.00       0.00       1.00       1.00    
    10.0000     7.9215     4.5100     3.2633  0.826E-02  0.129E-01   0.00       0.00       1.00       1.00    
    10.0000     7.9539     4.5275     3.2747  0.813E-02  0.128E-01   0.00       0.00       1.00       1.00    
    10.0000     7.9832     4.5435     3.2851  0.806E-02  0.126E-01   0.00       0.00       1.00       1.00    
    10.0000     8.0257     4.5667     3.3002  0.474E-02  0.746E-02   0.00       0.00       1.00       1.00    
    10.0000     8.0780     4.5955     3.3189  0.472E-02  0.741E-02   0.00       0.00       1.00       1.00    
    10.0000     8.1280     4.6233     3.3370  0.469E-02  0.741E-02   0.00       0.00       1.00       1.00    
    10.0000     8.1743     4.6493     3.3538  0.467E-02  0.735E-02   0.00       0.00       1.00       1.00    
    10.0000     8.2162     4.6730     3.3692  0.465E-02  0.735E-02   0.00       0.00       1.00       1.00    
    10.0000     8.2544     4.6949     3.3833  0.463E-02  0.730E-02   0.00       0.00       1.00       1.00    
    10.0000     8.2898     4.7153     3.3964  0.461E-02  0.730E-02   0.00       0.00       1.00       1.00    
    10.0000     8.3211     4.7335     3.4081  0.459E-02  0.725E-02   0.00       0.00       1.00       1.00    
    10.0000     8.3492     4.7500     3.4186  0.455E-02  0.725E-02   0.00       0.00       1.00       1.00    
    10.0000     8.3746     4.7650     3.4281  0.452E-02  0.719E-02   0.00       0.00       1.00       1.00    
    10.0000     8.3981     4.7790     3.4370  0.450E-02  0.714E-02   0.00       0.00       1.00       1.00    
    10.0000     8.4188     4.7914     3.4448  0.448E-02  0.714E-02   0.00       0.00       1.00       1.00    
    10.0000     8.4368     4.8022     3.4517  0.446E-02  0.709E-02   0.00       0.00       1.00       1.00    
    10.0000     8.4532     4.8122     3.4579  0.442E-02  0.704E-02   0.00       0.00       1.00       1.00    
    10.0000     8.4673     4.8207     3.4633  0.441E-02  0.704E-02   0.00       0.00       1.00       1.00    
    10.0000     8.4792     4.8280     3.4678  0.439E-02  0.699E-02   0.00       0.00       1.00       1.00    
    10.0000     8.4902     4.8347     3.4720  0.435E-02  0.694E-02   0.00       0.00       1.00       1.00    
    10.0000     8.4980     4.8395     3.4750  0.433E-02  0.690E-02   0.00       0.00       1.00       1.00    
    10.0000     8.5080     4.8442     3.4530  0.431E-02  0.690E-02   0.00       0.00       1.00       1.00    
    10.0000     8.5411     4.8615     3.4655  0.427E-02  0.685E-02   0.00       0.00       1.00       1.00    
    10.0000     8.9802     5.0911     3.6311  0.388E-02  0.613E-02   0.00       0.00       1.00       1.00    
    10.0000     9.0208     5.1123     3.6464  0.388E-02  0.613E-02   0.00       0.00       1.00       1.00    
    10.0000     9.0615     5.1336     3.6618  0.386E-02  0.610E-02   0.00       0.00       1.00       1.00    
    10.0000     9.1017     5.1546     3.6769  0.386E-02  0.610E-02   0.00       0.00       1.00       1.00    
    10.0000     9.1422     5.1758     3.6922  0.385E-02  0.606E-02   0.00       0.00       1.00       1.00    
    10.0000     9.1828     5.1970     3.7075  0.385E-02  0.606E-02   0.00       0.00       1.00       1.00    
    10.0000     9.2231     5.2181     3.7227  0.383E-02  0.606E-02   0.00       0.00       1.00       1.00    
    10.0000     9.2639     5.2394     3.7381  0.383E-02  0.602E-02   0.00       0.00       1.00       1.00    
    10.0000     9.3040     5.2604     3.7532  0.383E-02  0.602E-02   0.00       0.00       1.00       1.00    
    10.0000     9.3446     5.2816     3.7685  0.382E-02  0.599E-02   0.00       0.00       1.00       1.00    
    10.0000     9.3853     5.3029     3.7839  0.382E-02  0.599E-02   0.00       0.00       1.00       1.00    
    10.0000     9.4261     5.3242     3.7993  0.380E-02  0.599E-02   0.00       0.00       1.00       1.00    
    10.0000     9.4666     5.3454     3.8146  0.380E-02  0.595E-02   0.00       0.00       1.00       1.00    
    10.0000     9.5077     5.3669     3.8301  0.380E-02  0.595E-02   0.00       0.00       1.00       1.00    
    10.0000     9.5487     5.3883     3.8455  0.379E-02  0.592E-02   0.00       0.00       1.00       1.00    
    10.0000     9.5890     5.4094     3.8607  0.379E-02  0.592E-02   0.00       0.00       1.00       1.00    
     0.0000     9.6296     5.4306     3.8760  0.377E-02  0.592E-02   0.00       0.00       1.00       1.00    
