MODEL.01
 
ISOTROPIC
KGS
SPHERICAL EARTH
1-D
CONSTANT VELOCITY
LINE08
LINE09
LINE10
LINE11
      H(KM)   VP(KM/S)   VS(KM/S) RHO(GM/CC)     QP         QS       ETAP       ETAS      FREFP      FREFS    
     2.0000     5.8509     3.4455     2.6855  0.118E-02  0.167E-02   0.00       0.00       1.00       1.00    
     2.0000     5.8663     3.4537     2.6886  0.118E-02  0.167E-02   0.00       0.00       1.00       1.00    
     2.0000     5.8992     3.4710     2.6954  0.118E-02  0.167E-02   0.00       0.00       1.00       1.00    
     2.0000     5.9460     3.4957     2.7052  0.118E-02  0.167E-02   0.00       0.00       1.00       1.00    
     2.0000     5.9993     3.5236     2.7165  0.118E-02  0.167E-02   0.00       0.00       1.00       1.00    
     2.0000     6.0470     3.5485     2.7268  0.118E-02  0.167E-02   0.00       0.00       1.00       1.00    
     2.0000     6.0867     3.5692     2.7355  0.118E-02  0.167E-02   0.00       0.00       1.00       1.00    
     2.0000     6.1176     3.5852     2.7424  0.118E-02  0.167E-02   0.00       0.00       1.00       1.00    
     2.0000     6.1454     3.5996     2.7486  0.118E-02  0.167E-02   0.00       0.00       1.00       1.00    
     2.0000     6.1782     3.6166     2.7560  0.118E-02  0.167E-02   0.00       0.00       1.00       1.00    
     2.0000     6.2488     3.6529     2.7723  0.118E-02  0.167E-02   0.00       0.00       1.00       1.00    
     2.0000     6.3474     3.7035     2.7956  0.118E-02  0.167E-02   0.00       0.00       1.00       1.00    
     2.0000     6.4786     3.7704     2.8277  0.118E-02  0.167E-02   0.00       0.00       1.00       1.00    
     2.0000     6.6415     3.8529     2.8694  0.118E-02  0.167E-02   0.00       0.00       1.00       1.00    
     2.0000     6.8285     3.9474     2.9197  0.118E-02  0.167E-02   0.00       0.00       1.00       1.00    
     2.0000     7.0301     4.0491     2.9768  0.118E-02  0.167E-02   0.00       0.00       1.00       1.00    
     2.0000     7.2352     4.1530     3.0379  0.118E-02  0.167E-02   0.00       0.00       1.00       1.00    
     2.0000     7.4291     4.2518     3.0984  0.118E-02  0.167E-02   0.00       0.00       1.00       1.00    
     2.0000     7.6021     4.3412     3.1545  0.118E-02  0.167E-02   0.00       0.00       1.00       1.00    
     2.0000     7.7435     4.4151     3.2019  0.118E-02  0.167E-02   0.00       0.00       1.00       1.00    
     2.0000     7.8483     4.4707     3.2378  0.118E-02  0.167E-02   0.00       0.00       1.00       1.00    
     2.0000     7.9116     4.5047     3.2598  0.118E-02  0.167E-02   0.00       0.00       1.00       1.00    
     2.0000     7.9318     4.5156     3.2669  0.118E-02  0.167E-02   0.00       0.00       1.00       1.00    
     2.0000     7.9095     4.5036     3.2591  0.118E-02  0.167E-02   0.00       0.00       1.00       1.00    
     2.0000     7.8456     4.4693     3.2369  0.118E-02  0.167E-02   0.00       0.00       1.00       1.00    
     5.0000     7.7632     4.4255     3.2086  0.118E-02  0.167E-02   0.00       0.00       1.00       1.00    
     5.0000     7.6566     4.3695     3.1726  0.118E-02  0.167E-02   0.00       0.00       1.00       1.00    
     5.0000     7.5696     4.3243     3.1438  0.118E-02  0.167E-02   0.00       0.00       1.00       1.00    
     5.0000     7.5273     4.3024     3.1300  0.118E-02  0.167E-02   0.00       0.00       1.00       1.00    
     5.0000     7.5278     4.3026     3.1302  0.118E-02  0.167E-02   0.00       0.00       1.00       1.00    
     5.0000     7.5549     4.3167     3.1390  0.118E-02  0.167E-02   0.00       0.00       1.00       1.00    
     5.0000     7.5950     4.3374     3.1522  0.118E-02  0.167E-02   0.00       0.00       1.00       1.00    
     5.0000     7.6236     4.3523     3.1616  0.118E-02  0.167E-02   0.00       0.00       1.00       1.00    
     5.0000     7.6308     4.3561     3.1640  0.118E-02  0.167E-02   0.00       0.00       1.00       1.00    
     5.0000     7.6487     4.3654     3.1700  0.118E-02  0.167E-02   0.00       0.00       1.00       1.00    
    10.0000     7.6665     4.3747     3.1759  0.118E-02  0.167E-02   0.00       0.00       1.00       1.00    
    10.0000     7.6882     4.3861     3.1832  0.118E-02  0.167E-02   0.00       0.00       1.00       1.00    
    10.0000     7.7171     4.4012     3.1929  0.862E-02  0.131E-01   0.00       0.00       1.00       1.00    
    10.0000     7.7477     4.4174     3.2033  0.862E-02  0.131E-01   0.00       0.00       1.00       1.00    
    10.0000     7.7789     4.4338     3.2139  0.855E-02  0.131E-01   0.00       0.00       1.00       1.00    
    10.0000     7.8145     4.4527     3.2262  0.847E-02  0.131E-01   0.00       0.00       1.00       1.00    
    10.0000     7.8492     4.4712     3.2381  0.847E-02  0.131E-01   0.00       0.00       1.00       1.00    
    10.0000     7.8810     4.4882     3.2492  0.833E-02  0.130E-01   0.00       0.00       1.00       1.00    
    10.0000     7.9126     4.5052     3.2602  0.826E-02  0.129E-01   0.00       0.00       1.00       1.00    
    10.0000     7.9427     4.5215     3.2707  0.813E-02  0.128E-01   0.00       0.00       1.00       1.00    
    10.0000     7.9700     4.5363     3.2804  0.806E-02  0.126E-01   0.00       0.00       1.00       1.00    
    10.0000     8.0108     4.5585     3.2949  0.474E-02  0.746E-02   0.00       0.00       1.00       1.00    
    10.0000     8.0616     4.5864     3.3130  0.472E-02  0.741E-02   0.00       0.00       1.00       1.00    
    10.0000     8.1104     4.6135     3.3306  0.469E-02  0.741E-02   0.00       0.00       1.00       1.00    
    10.0000     8.1558     4.6389     3.3471  0.467E-02  0.735E-02   0.00       0.00       1.00       1.00    
    10.0000     8.1972     4.6622     3.3622  0.465E-02  0.735E-02   0.00       0.00       1.00       1.00    
    10.0000     8.2352     4.6839     3.3762  0.463E-02  0.730E-02   0.00       0.00       1.00       1.00    
    10.0000     8.2706     4.7042     3.3893  0.461E-02  0.730E-02   0.00       0.00       1.00       1.00    
    10.0000     8.3021     4.7225     3.4010  0.459E-02  0.725E-02   0.00       0.00       1.00       1.00    
    10.0000     8.3309     4.7393     3.4117  0.455E-02  0.725E-02   0.00       0.00       1.00       1.00    
    10.0000     8.3572     4.7547     3.4216  0.452E-02  0.719E-02   0.00       0.00       1.00       1.00    
    10.0000     8.3817     4.7692     3.4308  0.450E-02  0.714E-02   0.00       0.00       1.00       1.00    
    10.0000     8.4039     4.7824     3.4392  0.448E-02  0.714E-02   0.00       0.00       1.00       1.00    
    10.0000     8.4233     4.7941     3.4466  0.446E-02  0.709E-02   0.00       0.00       1.00       1.00    
    10.0000     8.4413     4.8050     3.4534  0.442E-02  0.704E-02   0.00       0.00       1.00       1.00    
    10.0000     8.4574     4.8147     3.4595  0.441E-02  0.704E-02   0.00       0.00       1.00       1.00    
    10.0000     8.4714     4.8233     3.4648  0.439E-02  0.699E-02   0.00       0.00       1.00       1.00    
    10.0000     8.4848     4.8315     3.4700  0.435E-02  0.694E-02   0.00       0.00       1.00       1.00    
    10.0000     8.4951     4.8378     3.4739  0.433E-02  0.690E-02   0.00       0.00       1.00       1.00    
    10.0000     8.5080     4.8442     3.4530  0.431E-02  0.690E-02   0.00       0.00       1.00       1.00    
    10.0000     8.5411     4.8615     3.4655  0.427E-02  0.685E-02   0.00       0.00       1.00       1.00    
    10.0000     8.9802     5.0911     3.6311  0.388E-02  0.613E-02   0.00       0.00       1.00       1.00    
    10.0000     9.0208     5.1123     3.6464  0.388E-02  0.613E-02   0.00       0.00       1.00       1.00    
    10.0000     9.0615     5.1336     3.6618  0.386E-02  0.610E-02   0.00       0.00       1.00       1.00    
    10.0000     9.1017     5.1546     3.6769  0.386E-02  0.610E-02   0.00       0.00       1.00       1.00    
    10.0000     9.1422     5.1758     3.6922  0.385E-02  0.606E-02   0.00       0.00       1.00       1.00    
    10.0000     9.1828     5.1970     3.7075  0.385E-02  0.606E-02   0.00       0.00       1.00       1.00    
    10.0000     9.2231     5.2181     3.7227  0.383E-02  0.606E-02   0.00       0.00       1.00       1.00    
    10.0000     9.2639     5.2394     3.7381  0.383E-02  0.602E-02   0.00       0.00       1.00       1.00    
    10.0000     9.3040     5.2604     3.7532  0.383E-02  0.602E-02   0.00       0.00       1.00       1.00    
    10.0000     9.3446     5.2816     3.7685  0.382E-02  0.599E-02   0.00       0.00       1.00       1.00    
    10.0000     9.3853     5.3029     3.7839  0.382E-02  0.599E-02   0.00       0.00       1.00       1.00    
    10.0000     9.4261     5.3242     3.7993  0.380E-02  0.599E-02   0.00       0.00       1.00       1.00    
    10.0000     9.4666     5.3454     3.8146  0.380E-02  0.595E-02   0.00       0.00       1.00       1.00    
    10.0000     9.5077     5.3669     3.8301  0.380E-02  0.595E-02   0.00       0.00       1.00       1.00    
    10.0000     9.5487     5.3883     3.8455  0.379E-02  0.592E-02   0.00       0.00       1.00       1.00    
    10.0000     9.5890     5.4094     3.8607  0.379E-02  0.592E-02   0.00       0.00       1.00       1.00    
     0.0000     9.6296     5.4306     3.8760  0.377E-02  0.592E-02   0.00       0.00       1.00       1.00    
