# # a_loc, b_loc, m_loc, n_loc, apparent_resistivity, apparent_resistivity_err, apparent_chargeability, apparent_chargeability_err, geometric_factor
2.600000000000000000e+04 2.610000000000000000e+04 2.670000000000000000e+04 2.680000000000000000e+04 1.340594568122710371e+02 6.333517644674222069e+00 4.299999999999999822e+00 2.999999999999999889e-01 -9.473508517374744627e-06
2.600000000000000000e+04 2.610000000000000000e+04 2.680000000000000000e+04 2.690000000000000000e+04 1.266710214544427657e+02 6.333551072722138464e+00 2.399999999999999911e+00 2.999999999999999889e-01 -6.315672344916473548e-06
2.610000000000000000e+04 2.620000000000000000e+04 2.670000000000000000e+04 2.680000000000000000e+04 1.081971648036106615e+02 5.277910478224910662e+00 4.299999999999999822e+00 2.999999999999999889e-01 -1.515761362779952872e-05
2.610000000000000000e+04 2.620000000000000000e+04 2.680000000000000000e+04 2.690000000000000000e+04 1.045030411371246544e+02 5.277931370561852020e+00 2.500000000000000000e+00 2.999999999999999889e-01 -9.473508517374744627e-06
2.610000000000000000e+04 2.620000000000000000e+04 2.690000000000000000e+04 2.700000000000000000e+04 9.975342939537367215e+01 4.750163304541603182e+00 1.000000000000000000e+00 2.999999999999999889e-01 -6.315672344916473548e-06
2.620000000000000000e+04 2.630000000000000000e+04 2.670000000000000000e+04 2.680000000000000000e+04 9.500211999411013153e+01 4.900903015569173071e+00 4.400000000000000355e+00 2.999999999999999889e-01 -2.652582384864920025e-05
2.620000000000000000e+04 2.630000000000000000e+04 2.680000000000000000e+04 2.690000000000000000e+04 9.632186622760460182e+01 4.618171668446795941e+00 2.700000000000000178e+00 2.999999999999999889e-01 -1.515761362779952872e-05
2.620000000000000000e+04 2.630000000000000000e+04 2.690000000000000000e+04 2.700000000000000000e+04 9.289159212188859271e+01 4.222345096449481971e+00 1.600000000000000089e+00 2.999999999999999889e-01 -9.473508517374744627e-06
2.620000000000000000e+04 2.630000000000000000e+04 2.700000000000000000e+04 2.710000000000000000e+04 1.979234710225668152e+02 9.500326609083206364e+00 1.309999999999999964e+01 3.930000000000000160e-01 -6.315672344916473548e-06
2.630000000000000000e+04 2.640000000000000000e+04 2.670000000000000000e+04 2.680000000000000000e+04 9.500194091899510340e+01 4.712397863045392654e+00 4.500000000000000000e+00 2.999999999999999889e-01 -5.305164769729846827e-05
2.630000000000000000e+04 2.640000000000000000e+04 2.680000000000000000e+04 2.690000000000000000e+04 9.801806031138345077e+01 4.900903015569173071e+00 2.600000000000000089e+00 2.999999999999999889e-01 -2.652582384864920025e-05
2.630000000000000000e+04 2.640000000000000000e+04 2.690000000000000000e+04 2.700000000000000000e+04 9.698160503738272098e+01 4.618171668446795941e+00 1.399999999999999911e+00 2.999999999999999889e-01 -1.515761362779952872e-05
2.630000000000000000e+04 2.640000000000000000e+04 2.700000000000000000e+04 2.710000000000000000e+04 2.058393234519122075e+02 1.055586274112370404e+01 1.369999999999999929e+01 4.109999999999999765e-01 -9.473508517374744627e-06
2.630000000000000000e+04 2.640000000000000000e+04 2.710000000000000000e+04 2.720000000000000000e+04 1.630889401225950621e+02 7.916938840902672858e+00 1.130000000000000071e+01 3.390000000000000235e-01 -6.315672344916473548e-06
2.640000000000000000e+04 2.650000000000000000e+04 2.670000000000000000e+04 2.680000000000000000e+04 7.901739800080500231e+01 3.920710587826202076e+00 4.400000000000000355e+00 2.999999999999999889e-01 -1.326291192432460758e-04
2.640000000000000000e+04 2.650000000000000000e+04 2.680000000000000000e+04 2.690000000000000000e+04 8.897007165429700137e+01 4.523901948523576522e+00 2.200000000000000178e+00 2.999999999999999889e-01 -5.305164769729846827e-05
2.640000000000000000e+04 2.650000000000000000e+04 2.690000000000000000e+04 2.700000000000000000e+04 9.387114237513262083e+01 4.523910475910006390e+00 1.399999999999999911e+00 2.999999999999999889e-01 -2.652582384864920025e-05
2.640000000000000000e+04 2.650000000000000000e+04 2.700000000000000000e+04 2.710000000000000000e+04 1.979216429334341285e+02 9.896082146671705715e+00 1.330000000000000071e+01 3.990000000000000213e-01 -1.515761362779952872e-05
2.640000000000000000e+04 2.650000000000000000e+04 2.710000000000000000e+04 2.720000000000000000e+04 1.541155960204060591e+02 7.389103918786591230e+00 1.140000000000000036e+01 3.420000000000000262e-01 -9.473508517374744627e-06
2.640000000000000000e+04 2.650000000000000000e+04 2.720000000000000000e+04 2.730000000000000000e+04 1.931733077180251996e+02 9.500326609083206364e+00 6.700000000000000178e+00 2.999999999999999889e-01 -6.315672344916473548e-06
2.650000000000000000e+04 2.660000000000000000e+04 2.670000000000000000e+04 2.680000000000000000e+04 3.899973855294122416e+01 1.941504625883492707e+00 4.200000000000000178e+00 2.999999999999999889e-01 -5.305164769729844116e-04
2.650000000000000000e+04 2.660000000000000000e+04 2.680000000000000000e+04 2.690000000000000000e+04 5.202481356923230038e+01 2.563541538194055391e+00 1.699999999999999956e+00 2.999999999999999889e-01 -1.326291192432460758e-04
2.650000000000000000e+04 2.660000000000000000e+04 2.690000000000000000e+04 2.700000000000000000e+04 5.899922124532830736e+01 3.015934632349051014e+00 8.000000000000000444e-01 2.999999999999999889e-01 -5.305164769729846827e-05
2.650000000000000000e+04 2.660000000000000000e+04 2.700000000000000000e+04 2.710000000000000000e+04 1.289314485634351684e+02 6.408873174205842460e+00 1.280000000000000071e+01 3.840000000000000080e-01 -2.652582384864920025e-05
2.650000000000000000e+04 2.660000000000000000e+04 2.710000000000000000e+04 2.720000000000000000e+04 1.002802990862733026e+02 5.277910478224910662e+00 1.119999999999999929e+01 3.360000000000000209e-01 -1.515761362779952872e-05
2.650000000000000000e+04 2.660000000000000000e+04 2.720000000000000000e+04 2.730000000000000000e+04 1.277259391675967919e+02 6.333517644674222069e+00 6.000000000000000000e+00 2.999999999999999889e-01 -9.473508517374744627e-06
2.650000000000000000e+04 2.660000000000000000e+04 2.730000000000000000e+04 2.740000000000000000e+04 1.171706948453595487e+02 6.333551072722138464e+00 5.400000000000000355e+00 2.999999999999999889e-01 -6.315672344916473548e-06
2.660000000000000000e+04 2.670000000000000000e+04 2.680000000000000000e+04 2.690000000000000000e+04 6.499328106841049646e+01 3.242124229630686472e+00 4.500000000000000000e+00 2.999999999999999889e-01 -5.305164769729844116e-04
2.660000000000000000e+04 2.670000000000000000e+04 2.690000000000000000e+04 2.700000000000000000e+04 8.097775329471809869e+01 4.071507148896440498e+00 4.000000000000000000e+00 2.999999999999999889e-01 -1.326291192432460758e-04
2.660000000000000000e+04 2.670000000000000000e+04 2.700000000000000000e+04 2.710000000000000000e+04 1.760551841633758272e+02 8.859307982525336911e+00 1.480000000000000071e+01 4.440000000000000058e-01 -5.305164769729846827e-05
2.660000000000000000e+04 2.670000000000000000e+04 2.710000000000000000e+04 2.720000000000000000e+04 1.308164112617309911e+02 6.408873174205842460e+00 1.330000000000000071e+01 3.990000000000000213e-01 -2.652582384864920025e-05
2.660000000000000000e+04 2.670000000000000000e+04 2.720000000000000000e+04 2.730000000000000000e+04 1.609762695858597681e+02 7.916865717337365993e+00 8.300000000000000711e+00 2.999999999999999889e-01 -1.515761362779952872e-05
2.660000000000000000e+04 2.670000000000000000e+04 2.730000000000000000e+04 2.740000000000000000e+04 1.498932509239566002e+02 7.389103918786591230e+00 7.200000000000000178e+00 2.999999999999999889e-01 -9.473508517374744627e-06
2.660000000000000000e+04 2.670000000000000000e+04 2.740000000000000000e+04 2.750000000000000000e+04 1.187540826135400920e+02 6.333551072722138464e+00 3.799999999999999822e+00 2.999999999999999889e-01 -6.315672344916473548e-06
2.670000000000000000e+04 2.680000000000000000e+04 2.690000000000000000e+04 2.700000000000000000e+04 1.029939929691980893e+02 5.145929736564984758e+00 4.099999999999999645e+00 2.999999999999999889e-01 -5.305164769729844116e-04
2.670000000000000000e+04 2.680000000000000000e+04 2.700000000000000000e+04 2.710000000000000000e+04 2.209923602484345793e+02 1.108354723866253266e+01 1.630000000000000071e+01 4.889999999999999902e-01 -1.326291192432460758e-04
2.670000000000000000e+04 2.680000000000000000e+04 2.710000000000000000e+04 2.720000000000000000e+04 1.449533582672762577e+02 7.162844751828996159e+00 1.469999999999999929e+01 4.410000000000000031e-01 -5.305164769729846827e-05
2.670000000000000000e+04 2.680000000000000000e+04 2.720000000000000000e+04 2.730000000000000000e+04 1.681386726879885600e+02 8.293835872501677642e+00 1.180000000000000071e+01 3.539999999999999813e-01 -2.652582384864920025e-05
2.670000000000000000e+04 2.680000000000000000e+04 2.730000000000000000e+04 2.740000000000000000e+04 1.570178367271910815e+02 7.916865717337365993e+00 1.069999999999999929e+01 3.210000000000000075e-01 -1.515761362779952872e-05
2.670000000000000000e+04 2.680000000000000000e+04 2.740000000000000000e+04 2.750000000000000000e+04 1.182256627005854597e+02 6.333517644674222069e+00 7.599999999999999645e+00 2.999999999999999889e-01 -9.473508517374744627e-06
2.680000000000000000e+04 2.690000000000000000e+04 2.700000000000000000e+04 2.710000000000000000e+04 1.730012568578514163e+02 8.651947798840030401e+00 1.390000000000000036e+01 4.169999999999999818e-01 -5.305164769729844116e-04
2.680000000000000000e+04 2.690000000000000000e+04 2.710000000000000000e+04 2.720000000000000000e+04 1.079703377262907935e+02 5.428676198528588515e+00 1.150000000000000000e+01 3.449999999999999734e-01 -1.326291192432460758e-04
2.680000000000000000e+04 2.690000000000000000e+04 2.720000000000000000e+04 2.730000000000000000e+04 1.289312055329219220e+02 6.408861093741733406e+00 1.080000000000000071e+01 3.240000000000000102e-01 -5.305164769729846827e-05
2.680000000000000000e+04 2.690000000000000000e+04 2.730000000000000000e+04 2.740000000000000000e+04 1.259155082461618349e+02 6.408873174205842460e+00 1.059999999999999964e+01 3.180000000000000049e-01 -2.652582384864920025e-05
2.680000000000000000e+04 2.690000000000000000e+04 2.740000000000000000e+04 2.750000000000000000e+04 1.029192543253857508e+02 5.277910478224910662e+00 7.900000000000000355e+00 2.999999999999999889e-01 -1.515761362779952872e-05
2.680000000000000000e+04 2.690000000000000000e+04 2.750000000000000000e+04 2.760000000000000000e+04 6.016841762440510166e+01 3.166758822337111035e+00 4.299999999999999822e+00 2.999999999999999889e-01 -9.473508517374744627e-06
2.690000000000000000e+04 2.700000000000000000e+04 2.710000000000000000e+04 2.720000000000000000e+04 6.900823723649966723e+01 3.449469383851254012e+00 4.099999999999999645e+00 2.999999999999999889e-01 -5.305164769729844116e-04
2.690000000000000000e+04 2.700000000000000000e+04 2.720000000000000000e+04 2.730000000000000000e+04 8.602943809057109092e+01 4.297701990501798797e+00 5.900000000000000355e+00 2.999999999999999889e-01 -1.326291192432460758e-04
2.690000000000000000e+04 2.700000000000000000e+04 2.730000000000000000e+04 2.740000000000000000e+04 9.707539597873507375e+01 4.900893777567207010e+00 7.099999999999999645e+00 2.999999999999999889e-01 -5.305164769729846827e-05
2.690000000000000000e+04 2.700000000000000000e+04 2.740000000000000000e+04 2.750000000000000000e+04 8.218437364569844306e+01 4.146917936250838821e+00 5.700000000000000178e+00 2.999999999999999889e-01 -2.652582384864920025e-05
2.690000000000000000e+04 2.700000000000000000e+04 2.750000000000000000e+04 2.760000000000000000e+04 4.684145549424608390e+01 2.638955239112455331e+00 2.600000000000000089e+00 2.999999999999999889e-01 -1.515761362779952872e-05
2.690000000000000000e+04 2.700000000000000000e+04 2.760000000000000000e+04 2.770000000000000000e+04 4.644579606094429636e+01 2.111172548224740986e+00 2.500000000000000000e+00 2.999999999999999889e-01 -9.473508517374744627e-06
2.700000000000000000e+04 2.710000000000000000e+04 2.720000000000000000e+04 2.730000000000000000e+04 1.290063850441419788e+02 6.446549340312178522e+00 1.450000000000000000e+01 4.349999999999999978e-01 -5.305164769729844116e-04
2.700000000000000000e+04 2.710000000000000000e+04 2.730000000000000000e+04 2.740000000000000000e+04 1.960355293913100923e+02 9.801776469565504968e+00 1.760000000000000142e+01 5.280000000000000249e-01 -1.326291192432460758e-04
2.700000000000000000e+04 2.710000000000000000e+04 2.740000000000000000e+04 2.750000000000000000e+04 1.830295330006830170e+02 9.236299811568967399e+00 1.730000000000000071e+01 5.190000000000000169e-01 -5.305164769729846827e-05
2.700000000000000000e+04 2.710000000000000000e+04 2.750000000000000000e+04 2.760000000000000000e+04 9.688708269240595428e+01 4.900903015569173071e+00 1.480000000000000071e+01 4.440000000000000058e-01 -2.652582384864920025e-05
2.700000000000000000e+04 2.710000000000000000e+04 2.760000000000000000e+04 2.770000000000000000e+04 9.170369455915781032e+01 4.618171668446795941e+00 1.509999999999999964e+01 4.530000000000000138e-01 -1.515761362779952872e-05
2.700000000000000000e+04 2.710000000000000000e+04 2.770000000000000000e+04 2.780000000000000000e+04 9.922510976656280945e+01 5.277931370561852020e+00 1.569999999999999929e+01 4.709999999999999742e-01 -9.473508517374744627e-06
2.710000000000000000e+04 2.720000000000000000e+04 2.730000000000000000e+04 2.740000000000000000e+04 9.200469979550803146e+01 4.599292511801671424e+00 6.500000000000000000e+00 2.999999999999999889e-01 -5.305164769729844116e-04
2.710000000000000000e+04 2.720000000000000000e+04 2.740000000000000000e+04 2.750000000000000000e+04 1.250103491272277694e+02 6.258057284414899613e+00 8.199999999999999289e+00 2.999999999999999889e-01 -1.326291192432460758e-04
2.710000000000000000e+04 2.720000000000000000e+04 2.750000000000000000e+04 2.760000000000000000e+04 6.804702514237546040e+01 3.392926461392682391e+00 8.099999999999999645e+00 2.999999999999999889e-01 -5.305164769729846827e-05
2.710000000000000000e+04 2.720000000000000000e+04 2.760000000000000000e+04 2.770000000000000000e+04 6.408873174205841394e+01 3.015940317273337445e+00 9.099999999999999645e+00 2.999999999999999889e-01 -2.652582384864920025e-05
2.710000000000000000e+04 2.720000000000000000e+04 2.770000000000000000e+04 2.780000000000000000e+04 6.795309740714573365e+01 3.298694048890569164e+00 9.500000000000000000e+00 2.999999999999999889e-01 -1.515761362779952872e-05
2.710000000000000000e+04 2.720000000000000000e+04 2.780000000000000000e+04 2.790000000000000000e+04 8.128014310665250264e+01 4.222345096449481971e+00 1.090000000000000036e+01 3.270000000000000129e-01 -9.473508517374744627e-06
2.720000000000000000e+04 2.730000000000000000e+04 2.740000000000000000e+04 2.750000000000000000e+04 4.450004000762863825e+02 2.224248018002447580e+01 5.000000000000000000e+00 2.999999999999999889e-01 -5.305164769729844116e-04
2.720000000000000000e+04 2.730000000000000000e+04 2.750000000000000000e+04 2.760000000000000000e+04 1.550188647802052060e+02 7.766022895117285607e+00 4.400000000000000355e+00 2.999999999999999889e-01 -1.326291192432460758e-04
2.720000000000000000e+04 2.730000000000000000e+04 2.760000000000000000e+04 2.770000000000000000e+04 9.801787555134414731e+01 4.900893777567207010e+00 4.799999999999999822e+00 2.999999999999999889e-01 -5.305164769729846827e-05
2.720000000000000000e+04 2.730000000000000000e+04 2.770000000000000000e+04 2.780000000000000000e+04 9.990302300967930194e+01 4.900903015569173071e+00 5.799999999999999822e+00 2.999999999999999889e-01 -2.652582384864920025e-05
2.720000000000000000e+04 2.730000000000000000e+04 2.780000000000000000e+04 2.790000000000000000e+04 1.187529857600604828e+02 5.937649288003024495e+00 7.200000000000000178e+00 2.999999999999999889e-01 -1.515761362779952872e-05
2.720000000000000000e+04 2.730000000000000000e+04 2.790000000000000000e+04 2.800000000000000000e+04 1.551711822945184167e+02 7.389103918786591230e+00 9.500000000000000000e+00 2.999999999999999889e-01 -9.473508517374744627e-06
2.730000000000000000e+04 2.740000000000000000e+04 2.750000000000000000e+04 2.760000000000000000e+04 2.670040099576667103e+02 1.334548810801468655e+01 3.299999999999999822e+00 2.999999999999999889e-01 -5.305164769729844116e-04
2.730000000000000000e+04 2.740000000000000000e+04 2.760000000000000000e+04 2.770000000000000000e+04 1.179983090374616665e+02 5.881065881739303336e+00 4.000000000000000000e+00 2.999999999999999889e-01 -1.326291192432460758e-04
2.730000000000000000e+04 2.740000000000000000e+04 2.770000000000000000e+04 2.780000000000000000e+04 9.500194091899510340e+01 4.712397863045392654e+00 4.799999999999999822e+00 2.999999999999999889e-01 -5.305164769729846827e-05
2.730000000000000000e+04 2.740000000000000000e+04 2.780000000000000000e+04 2.790000000000000000e+04 1.130977618977501464e+02 5.654888094887507322e+00 6.299999999999999822e+00 2.999999999999999889e-01 -2.652582384864920025e-05
2.730000000000000000e+04 2.740000000000000000e+04 2.790000000000000000e+04 2.800000000000000000e+04 1.359061948142914673e+02 6.597388097781138327e+00 9.000000000000000000e+00 2.999999999999999889e-01 -1.515761362779952872e-05
2.730000000000000000e+04 2.740000000000000000e+04 2.800000000000000000e+04 2.810000000000000000e+04 2.100616685483616948e+02 1.055586274112370404e+01 1.230000000000000071e+01 3.689999999999999947e-01 -9.473508517374744627e-06
2.740000000000000000e+04 2.750000000000000000e+04 2.760000000000000000e+04 2.770000000000000000e+04 1.969967460690134260e+02 9.858319605214239445e+00 3.799999999999999822e+00 2.999999999999999889e-01 -5.305164769729844116e-04
2.740000000000000000e+04 2.750000000000000000e+04 2.770000000000000000e+04 2.780000000000000000e+04 9.002554695893240932e+01 4.523896832107156207e+00 4.200000000000000178e+00 2.999999999999999889e-01 -1.326291192432460758e-04
2.740000000000000000e+04 2.750000000000000000e+04 2.780000000000000000e+04 2.790000000000000000e+04 9.500194091899510340e+01 4.712397863045392654e+00 4.900000000000000355e+00 2.999999999999999889e-01 -5.305164769729846827e-05
2.740000000000000000e+04 2.750000000000000000e+04 2.790000000000000000e+04 2.800000000000000000e+04 1.138517469770684869e+02 5.654888094887507322e+00 7.400000000000000355e+00 2.999999999999999889e-01 -2.652582384864920025e-05
2.740000000000000000e+04 2.750000000000000000e+04 2.800000000000000000e+04 2.810000000000000000e+04 1.748307845912001426e+02 8.576604527115478049e+00 1.130000000000000071e+01 3.390000000000000235e-01 -1.515761362779952872e-05
2.740000000000000000e+04 2.750000000000000000e+04 2.810000000000000000e+04 2.820000000000000000e+04 1.446153195533947269e+02 7.389103918786591230e+00 1.380000000000000071e+01 4.139999999999999791e-01 -9.473508517374744627e-06
2.750000000000000000e+04 2.760000000000000000e+04 2.770000000000000000e+04 2.780000000000000000e+04 1.219943489195918858e+02 6.107257269769432284e+00 4.099999999999999645e+00 2.999999999999999889e-01 -5.305164769729844116e-04
2.750000000000000000e+04 2.760000000000000000e+04 2.780000000000000000e+04 2.790000000000000000e+04 1.100060913007390297e+02 5.504074479063707059e+00 4.400000000000000355e+00 2.999999999999999889e-01 -1.326291192432460758e-04
2.750000000000000000e+04 2.760000000000000000e+04 2.790000000000000000e+04 2.800000000000000000e+04 1.019762897563022790e+02 5.089389692089023143e+00 5.200000000000000178e+00 2.999999999999999889e-01 -5.305164769729846827e-05
2.750000000000000000e+04 2.760000000000000000e+04 2.800000000000000000e+04 2.810000000000000000e+04 1.500430307843485309e+02 7.539850793183343391e+00 8.900000000000000355e+00 2.999999999999999889e-01 -2.652582384864920025e-05
2.750000000000000000e+04 2.760000000000000000e+04 2.810000000000000000e+04 2.820000000000000000e+04 1.180932469502823636e+02 5.937649288003024495e+00 1.240000000000000036e+01 3.719999999999999973e-01 -1.515761362779952872e-05
2.750000000000000000e+04 2.760000000000000000e+04 2.820000000000000000e+04 2.830000000000000000e+04 1.414485607310576256e+02 7.389103918786591230e+00 1.280000000000000071e+01 3.840000000000000080e-01 -9.473508517374744627e-06
2.760000000000000000e+04 2.770000000000000000e+04 2.780000000000000000e+04 2.790000000000000000e+04 1.920016128082451985e+02 9.594425772569881161e+00 5.000000000000000000e+00 2.999999999999999889e-01 -5.305164769729844116e-04
2.760000000000000000e+04 2.770000000000000000e+04 2.790000000000000000e+04 2.800000000000000000e+04 1.400146069537164806e+02 7.012040089766093054e+00 4.799999999999999822e+00 2.999999999999999889e-01 -1.326291192432460758e-04
2.760000000000000000e+04 2.770000000000000000e+04 2.800000000000000000e+04 2.810000000000000000e+04 1.830295330006830170e+02 9.236299811568967399e+00 7.000000000000000000e+00 2.999999999999999889e-01 -5.305164769729846827e-05
2.760000000000000000e+04 2.770000000000000000e+04 2.810000000000000000e+04 2.820000000000000000e+04 1.259155082461618349e+02 6.408873174205842460e+00 1.069999999999999929e+01 3.210000000000000075e-01 -2.652582384864920025e-05
2.760000000000000000e+04 2.770000000000000000e+04 2.820000000000000000e+04 2.830000000000000000e+04 1.392048888631819921e+02 7.257126907559252160e+00 1.209999999999999964e+01 3.629999999999999893e-01 -1.515761362779952872e-05
2.760000000000000000e+04 2.770000000000000000e+04 2.830000000000000000e+04 2.840000000000000000e+04 1.382818019087204959e+02 7.389103918786591230e+00 1.409999999999999964e+01 4.229999999999999871e-01 -9.473508517374744627e-06
2.770000000000000000e+04 2.780000000000000000e+04 2.790000000000000000e+04 2.800000000000000000e+04 1.229933755717455313e+02 6.144956388718626705e+00 2.799999999999999822e+00 2.999999999999999889e-01 -5.305164769729844116e-04
2.770000000000000000e+04 2.780000000000000000e+04 2.800000000000000000e+04 2.810000000000000000e+04 1.770351626964600769e+02 8.821598822608955004e+00 4.500000000000000000e+00 2.999999999999999889e-01 -1.326291192432460758e-04
2.770000000000000000e+04 2.780000000000000000e+04 2.810000000000000000e+04 2.820000000000000000e+04 1.210143771230056728e+02 6.031869264698102029e+00 8.199999999999999289e+00 2.999999999999999889e-01 -5.305164769729846827e-05
2.770000000000000000e+04 2.780000000000000000e+04 2.820000000000000000e+04 2.830000000000000000e+04 1.368482918962776864e+02 6.785865713865009141e+00 9.699999999999999289e+00 2.999999999999999889e-01 -2.652582384864920025e-05
2.770000000000000000e+04 2.780000000000000000e+04 2.830000000000000000e+04 2.840000000000000000e+04 1.359061948142914673e+02 6.597388097781138327e+00 1.280000000000000071e+01 3.840000000000000080e-01 -1.515761362779952872e-05
2.770000000000000000e+04 2.780000000000000000e+04 2.840000000000000000e+04 2.850000000000000000e+04 1.213924215229225894e+02 6.333517644674222069e+00 1.319999999999999929e+01 3.960000000000000187e-01 -9.473508517374744627e-06
2.780000000000000000e+04 2.790000000000000000e+04 2.800000000000000000e+04 2.810000000000000000e+04 1.910025861560915530e+02 9.556726653620685852e+00 3.500000000000000000e+00 2.999999999999999889e-01 -5.305164769729844116e-04
2.780000000000000000e+04 2.790000000000000000e+04 2.810000000000000000e+04 2.820000000000000000e+04 1.200340626119098886e+02 6.031862442809542202e+00 7.200000000000000178e+00 2.999999999999999889e-01 -1.326291192432460758e-04
2.780000000000000000e+04 2.790000000000000000e+04 2.820000000000000000e+04 2.830000000000000000e+04 1.340205952250109647e+02 6.785852922785364782e+00 8.400000000000000355e+00 2.999999999999999889e-01 -5.305164769729846827e-05
2.780000000000000000e+04 2.790000000000000000e+04 2.830000000000000000e+04 2.840000000000000000e+04 1.319473888807085018e+02 6.785865713865009141e+00 1.169999999999999929e+01 3.509999999999999787e-01 -2.652582384864920025e-05
2.780000000000000000e+04 2.790000000000000000e+04 2.840000000000000000e+04 2.850000000000000000e+04 1.167737693307261537e+02 5.937649288003024495e+00 1.269999999999999929e+01 3.810000000000000053e-01 -1.515761362779952872e-05
2.780000000000000000e+04 2.790000000000000000e+04 2.850000000000000000e+04 2.860000000000000000e+04 9.394717839600095033e+01 4.222345096449481971e+00 1.190000000000000036e+01 3.569999999999999840e-01 -9.473508517374744627e-06
2.790000000000000000e+04 2.800000000000000000e+04 2.810000000000000000e+04 2.820000000000000000e+04 1.730012568578514163e+02 8.651947798840030401e+00 6.900000000000000355e+00 2.999999999999999889e-01 -5.305164769729844116e-04
2.790000000000000000e+04 2.800000000000000000e+04 2.820000000000000000e+04 2.830000000000000000e+04 2.010118159066279873e+02 1.002797131117086415e+01 7.099999999999999645e+00 2.999999999999999889e-01 -1.326291192432460758e-04
2.790000000000000000e+04 2.800000000000000000e+04 2.830000000000000000e+04 2.840000000000000000e+04 1.920773368977301629e+02 9.613291640612601441e+00 1.050000000000000000e+01 3.150000000000000022e-01 -5.305164769729846827e-05
2.790000000000000000e+04 2.800000000000000000e+04 2.840000000000000000e+04 2.850000000000000000e+04 1.621067920534418647e+02 7.916843332842510961e+00 1.230000000000000071e+01 3.689999999999999947e-01 -2.652582384864920025e-05
2.790000000000000000e+04 2.800000000000000000e+04 2.850000000000000000e+04 2.860000000000000000e+04 1.279893290969540800e+02 6.597388097781138327e+00 1.150000000000000000e+01 3.449999999999999734e-01 -1.515761362779952872e-05
2.790000000000000000e+04 2.800000000000000000e+04 2.860000000000000000e+04 2.870000000000000000e+04 2.090060822742493087e+02 1.055586274112370404e+01 1.040000000000000036e+01 3.119999999999999996e-01 -9.473508517374744627e-06
2.800000000000000000e+04 2.810000000000000000e+04 2.820000000000000000e+04 2.830000000000000000e+04 3.379914509389990940e+02 1.690805484871352249e+01 5.299999999999999822e+00 2.999999999999999889e-01 -5.305164769729844116e-04
2.800000000000000000e+04 2.810000000000000000e+04 2.830000000000000000e+04 2.840000000000000000e+04 3.579910359807463465e+02 1.786939248682326919e+01 9.300000000000000711e+00 2.999999999999999889e-01 -1.326291192432460758e-04
2.800000000000000000e+04 2.810000000000000000e+04 2.840000000000000000e+04 2.850000000000000000e+04 2.889642369619434703e+02 1.451418541817980667e+01 1.230000000000000071e+01 3.689999999999999947e-01 -5.305164769729846827e-05
2.800000000000000000e+04 2.810000000000000000e+04 2.850000000000000000e+04 2.860000000000000000e+04 2.269495088748186333e+02 1.130977618977501464e+01 1.159999999999999964e+01 3.479999999999999760e-01 -2.652582384864920025e-05
2.800000000000000000e+04 2.810000000000000000e+04 2.860000000000000000e+04 2.870000000000000000e+04 3.701134722855218797e+02 1.847268667378718376e+01 1.080000000000000071e+01 3.240000000000000102e-01 -1.515761362779952872e-05
2.800000000000000000e+04 2.810000000000000000e+04 2.870000000000000000e+04 2.880000000000000000e+04 2.501739469646317673e+02 1.266703528934844414e+01 9.800000000000000711e+00 2.999999999999999889e-01 -9.473508517374744627e-06
2.810000000000000000e+04 2.820000000000000000e+04 2.830000000000000000e+04 2.840000000000000000e+04 2.690020632619740013e+02 1.345858546486226892e+01 5.599999999999999645e+00 2.999999999999999889e-01 -5.305164769729844116e-04
2.810000000000000000e+04 2.820000000000000000e+04 2.840000000000000000e+04 2.850000000000000000e+04 2.500206982544555387e+02 1.251611456882979923e+01 9.400000000000000355e+00 2.999999999999999889e-01 -1.326291192432460758e-04
2.810000000000000000e+04 2.820000000000000000e+04 2.850000000000000000e+04 2.860000000000000000e+04 2.169587976146098356e+02 1.093276304226530904e+01 9.000000000000000000e+00 2.999999999999999889e-01 -5.305164769729846827e-05
2.810000000000000000e+04 2.820000000000000000e+04 2.860000000000000000e+04 2.870000000000000000e+04 3.758615620401896535e+02 1.884962698295835892e+01 7.900000000000000355e+00 2.999999999999999889e-01 -2.652582384864920025e-05
2.810000000000000000e+04 2.820000000000000000e+04 2.870000000000000000e+04 2.880000000000000000e+04 2.553189193841300551e+02 1.253503738578416282e+01 7.200000000000000178e+00 2.999999999999999889e-01 -1.515761362779952872e-05
2.810000000000000000e+04 2.820000000000000000e+04 2.880000000000000000e+04 2.890000000000000000e+04 2.470071881422946660e+02 1.266703528934844414e+01 7.000000000000000000e+00 2.999999999999999889e-01 -9.473508517374744627e-06
2.820000000000000000e+04 2.830000000000000000e+04 2.840000000000000000e+04 2.850000000000000000e+04 1.710032035535441253e+02 8.557700001467043904e+00 7.799999999999999822e+00 2.999999999999999889e-01 -5.305164769729844116e-04
2.820000000000000000e+04 2.830000000000000000e+04 2.850000000000000000e+04 2.860000000000000000e+04 1.900036669485005802e+02 9.500183347425029012e+00 7.299999999999999822e+00 2.999999999999999889e-01 -1.326291192432460758e-04
2.820000000000000000e+04 2.830000000000000000e+04 2.860000000000000000e+04 2.870000000000000000e+04 3.890555675730275311e+02 1.941507919574701901e+01 5.900000000000000355e+00 2.999999999999999889e-01 -5.305164769729846827e-05
2.820000000000000000e+04 2.830000000000000000e+04 2.870000000000000000e+04 2.880000000000000000e+04 2.801054569667612100e+02 1.394872396738918496e+01 5.400000000000000355e+00 2.999999999999999889e-01 -2.652582384864920025e-05
2.820000000000000000e+04 2.830000000000000000e+04 2.880000000000000000e+04 2.890000000000000000e+04 2.850071658241451473e+02 1.451425381511850432e+01 5.400000000000000355e+00 2.999999999999999889e-01 -1.515761362779952872e-05
2.820000000000000000e+04 2.830000000000000000e+04 2.890000000000000000e+04 2.900000000000000000e+04 4.032339567109254403e+02 2.005613920813503626e+01 5.299999999999999822e+00 2.999999999999999889e-01 -9.473508517374744627e-06
2.830000000000000000e+04 2.840000000000000000e+04 2.850000000000000000e+04 2.860000000000000000e+04 1.310044383484492698e+02 6.540797137685164131e+00 6.000000000000000000e+00 2.999999999999999889e-01 -5.305164769729844116e-04
2.830000000000000000e+04 2.840000000000000000e+04 2.860000000000000000e+04 2.870000000000000000e+04 3.330342051236218595e+02 1.666301999826136182e+01 5.200000000000000178e+00 2.999999999999999889e-01 -1.326291192432460758e-04
2.830000000000000000e+04 2.840000000000000000e+04 2.870000000000000000e+04 2.880000000000000000e+04 2.669102149628910183e+02 1.338320993104891343e+01 4.099999999999999645e+00 2.999999999999999889e-01 -5.305164769729846827e-05
2.830000000000000000e+04 2.840000000000000000e+04 2.880000000000000000e+04 2.890000000000000000e+04 2.921692182358545438e+02 1.470270904670751833e+01 3.799999999999999822e+00 2.999999999999999889e-01 -2.652582384864920025e-05
2.830000000000000000e+04 2.840000000000000000e+04 2.890000000000000000e+04 2.900000000000000000e+04 4.407055249317800190e+02 2.177138072267775470e+01 4.299999999999999822e+00 2.999999999999999889e-01 -1.515761362779952872e-05
2.830000000000000000e+04 2.840000000000000000e+04 2.900000000000000000e+04 2.910000000000000000e+04 4.401794763048584400e+02 2.216731175635977635e+01 5.599999999999999645e+00 2.999999999999999889e-01 -9.473508517374744627e-06
2.840000000000000000e+04 2.850000000000000000e+04 2.860000000000000000e+04 2.870000000000000000e+04 1.720022302056977708e+02 8.595399120416239214e+00 6.099999999999999645e+00 2.999999999999999889e-01 -5.305164769729844116e-04
2.840000000000000000e+04 2.850000000000000000e+04 2.870000000000000000e+04 2.880000000000000000e+04 1.710033002536505080e+02 8.520005700468477272e+00 4.599999999999999645e+00 2.999999999999999889e-01 -1.326291192432460758e-04
2.840000000000000000e+04 2.850000000000000000e+04 2.880000000000000000e+04 2.890000000000000000e+04 2.099844487773026742e+02 1.055577121322167677e+01 4.000000000000000000e+00 2.999999999999999889e-01 -5.305164769729846827e-05
2.840000000000000000e+04 2.850000000000000000e+04 2.890000000000000000e+04 2.900000000000000000e+04 3.460791514071154893e+02 1.734165682432168865e+01 4.299999999999999822e+00 2.999999999999999889e-01 -2.652582384864920025e-05
2.840000000000000000e+04 2.850000000000000000e+04 2.900000000000000000e+04 2.910000000000000000e+04 3.621966065681844498e+02 1.781294786400907171e+01 5.500000000000000000e+00 2.999999999999999889e-01 -1.515761362779952872e-05
2.840000000000000000e+04 2.850000000000000000e+04 2.910000000000000000e+04 2.920000000000000000e+04 4.908476174622521739e+02 2.427848430458451645e+01 6.799999999999999822e+00 2.999999999999999889e-01 -9.473508517374744627e-06
2.850000000000000000e+04 2.860000000000000000e+04 2.870000000000000000e+04 2.880000000000000000e+04 8.399363701880430710e+01 4.203451762835134886e+00 5.400000000000000355e+00 2.999999999999999889e-01 -5.305164769729844116e-04
2.850000000000000000e+04 2.860000000000000000e+04 2.880000000000000000e+04 2.890000000000000000e+04 1.259905267741843033e+02 6.333455564950019046e+00 4.299999999999999822e+00 2.999999999999999889e-01 -1.326291192432460758e-04
2.850000000000000000e+04 2.860000000000000000e+04 2.890000000000000000e+04 2.900000000000000000e+04 2.299650157166151416e+02 1.149825078583075566e+01 4.299999999999999822e+00 2.999999999999999889e-01 -5.305164769729846827e-05
2.850000000000000000e+04 2.860000000000000000e+04 2.900000000000000000e+04 2.910000000000000000e+04 2.650257553803945143e+02 1.319473888807084982e+01 5.599999999999999645e+00 2.999999999999999889e-01 -2.652582384864920025e-05
2.850000000000000000e+04 2.860000000000000000e+04 2.910000000000000000e+04 2.920000000000000000e+04 3.813290320517497776e+02 1.913242548356529937e+01 7.099999999999999645e+00 2.999999999999999889e-01 -1.515761362779952872e-05
2.860000000000000000e+04 2.870000000000000000e+04 2.880000000000000000e+04 2.890000000000000000e+04 1.409947048699856964e+02 7.049735243499283044e+00 3.100000000000000089e+00 2.999999999999999889e-01 -5.305164769729844116e-04
2.860000000000000000e+04 2.870000000000000000e+04 2.890000000000000000e+04 2.900000000000000000e+04 3.030256894706443518e+02 1.515505438755897494e+01 3.100000000000000089e+00 2.999999999999999889e-01 -1.326291192432460758e-04
2.860000000000000000e+04 2.870000000000000000e+04 2.900000000000000000e+04 2.910000000000000000e+04 3.839661778809385169e+02 1.922658328122520288e+01 3.899999999999999911e+00 2.999999999999999889e-01 -5.305164769729846827e-05
2.860000000000000000e+04 2.870000000000000000e+04 2.910000000000000000e+04 2.920000000000000000e+04 5.979101678994391023e+02 2.978241063307420688e+01 5.400000000000000355e+00 2.999999999999999889e-01 -2.652582384864920025e-05
