0.021219 14.985754
0.480648 14.630291
0.558808 14.561495
0.940398 14.197352
1.069861 14.065354
1.480243 13.633531
1.588070 13.519950
1.930381 13.173111
2.249929 12.888360
2.255198 12.884134
2.677185 -17.614708
2.849588 -17.553249
3.099334 -17.528038
3.428074 -17.631786
3.589658 -17.748333
3.943299 -18.173840
4.044718 -18.342065
4.303258 -18.869337
4.658722 -19.830977
4.887291 -20.593234
5.245084 1.997670
5.294082 2.208306
5.571879 3.473213
5.834444 4.756194
6.229677 6.761619
6.433036 7.781613
6.554980 8.374497
6.981416 10.231277
7.174158 10.901572
7.410067 11.517664
7.547448 11.751350
7.959061 11.767821
8.031424 11.648778
8.310562 10.795816
8.668715 8.686485
8.850265 7.140771
9.056140 4.978963
9.283758 2.072581
9.500742 -1.201441
9.870756 -7.865810
