MODEL.01
 
ISOTROPIC
KGS
SPHERICAL EARTH
1-D
CONSTANT VELOCITY
LINE08
LINE09
LINE10
LINE11
      H(KM)   VP(KM/S)   VS(KM/S) RHO(GM/CC)     QP         QS       ETAP       ETAS      FREFP      FREFS    
     2.0000     5.4743     3.2421     2.6134  0.118E-02  0.167E-02   0.00       0.00       1.00       1.00    
     2.0000     6.0431     3.5465     2.7260  0.118E-02  0.167E-02   0.00       0.00       1.00       1.00    
     2.0000     6.2731     3.6654     2.7779  0.118E-02  0.167E-02   0.00       0.00       1.00       1.00    
     2.0000     6.2577     3.6575     2.7743  0.118E-02  0.167E-02   0.00       0.00       1.00       1.00    
     2.0000     6.0824     3.5669     2.7346  0.118E-02  0.167E-02   0.00       0.00       1.00       1.00    
     2.0000     6.0236     3.5363     2.7217  0.118E-02  0.167E-02   0.00       0.00       1.00       1.00    
     2.0000     5.9615     3.5038     2.7084  0.118E-02  0.167E-02   0.00       0.00       1.00       1.00    
     2.0000     6.0543     3.5523     2.7284  0.118E-02  0.167E-02   0.00       0.00       1.00       1.00    
     2.0000     6.1787     3.6168     2.7561  0.118E-02  0.167E-02   0.00       0.00       1.00       1.00    
     2.0000     6.1822     3.6186     2.7569  0.118E-02  0.167E-02   0.00       0.00       1.00       1.00    
     2.0000     6.2583     3.6578     2.7745  0.118E-02  0.167E-02   0.00       0.00       1.00       1.00    
     2.0000     6.3134     3.6861     2.7875  0.118E-02  0.167E-02   0.00       0.00       1.00       1.00    
     2.0000     6.3640     3.7120     2.7996  0.118E-02  0.167E-02   0.00       0.00       1.00       1.00    
     2.0000     6.3010     3.6797     2.7845  0.118E-02  0.167E-02   0.00       0.00       1.00       1.00    
     2.0000     6.9251     3.9961     2.9466  0.118E-02  0.167E-02   0.00       0.00       1.00       1.00    
     2.0000     7.7129     4.3990     3.1915  0.118E-02  0.167E-02   0.00       0.00       1.00       1.00    
     2.0000     7.8597     4.4768     3.2417  0.118E-02  0.167E-02   0.00       0.00       1.00       1.00    
     2.0000     7.8656     4.4800     3.2438  0.118E-02  0.167E-02   0.00       0.00       1.00       1.00    
     2.0000     7.8939     4.4951     3.2536  0.118E-02  0.167E-02   0.00       0.00       1.00       1.00    
     2.0000     7.8627     4.4784     3.2428  0.118E-02  0.167E-02   0.00       0.00       1.00       1.00    
     2.0000     7.5822     4.3308     3.1480  0.118E-02  0.167E-02   0.00       0.00       1.00       1.00    
     2.0000     7.5888     4.3342     3.1501  0.118E-02  0.167E-02   0.00       0.00       1.00       1.00    
     2.0000     7.7453     4.4161     3.2025  0.118E-02  0.167E-02   0.00       0.00       1.00       1.00    
     2.0000     7.8125     4.4516     3.2254  0.118E-02  0.167E-02   0.00       0.00       1.00       1.00    
     2.0000     7.7623     4.4251     3.2083  0.118E-02  0.167E-02   0.00       0.00       1.00       1.00    
     5.0000     7.7184     4.4019     3.1934  0.118E-02  0.167E-02   0.00       0.00       1.00       1.00    
     5.0000     7.7588     4.4232     3.2071  0.118E-02  0.167E-02   0.00       0.00       1.00       1.00    
     5.0000     7.7926     4.4411     3.2186  0.118E-02  0.167E-02   0.00       0.00       1.00       1.00    
     5.0000     7.7124     4.3988     3.1914  0.118E-02  0.167E-02   0.00       0.00       1.00       1.00    
     5.0000     7.5785     4.3289     3.1467  0.118E-02  0.167E-02   0.00       0.00       1.00       1.00    
     5.0000     7.5326     4.3052     3.1317  0.118E-02  0.167E-02   0.00       0.00       1.00       1.00    
     5.0000     7.5771     4.3282     3.1463  0.118E-02  0.167E-02   0.00       0.00       1.00       1.00    
     5.0000     7.6037     4.3420     3.1550  0.118E-02  0.167E-02   0.00       0.00       1.00       1.00    
     5.0000     7.6060     4.3432     3.1558  0.118E-02  0.167E-02   0.00       0.00       1.00       1.00    
     5.0000     7.6148     4.3478     3.1587  0.118E-02  0.167E-02   0.00       0.00       1.00       1.00    
    10.0000     7.6254     4.3533     3.1623  0.118E-02  0.167E-02   0.00       0.00       1.00       1.00    
    10.0000     7.6441     4.3630     3.1685  0.118E-02  0.167E-02   0.00       0.00       1.00       1.00    
    10.0000     7.6612     4.3720     3.1742  0.862E-02  0.131E-01   0.00       0.00       1.00       1.00    
    10.0000     7.6776     4.3805     3.1797  0.862E-02  0.131E-01   0.00       0.00       1.00       1.00    
    10.0000     7.6908     4.3874     3.1841  0.855E-02  0.131E-01   0.00       0.00       1.00       1.00    
    10.0000     7.7211     4.4034     3.1943  0.847E-02  0.131E-01   0.00       0.00       1.00       1.00    
    10.0000     7.7527     4.4200     3.2050  0.847E-02  0.131E-01   0.00       0.00       1.00       1.00    
    10.0000     7.7768     4.4327     3.2132  0.833E-02  0.130E-01   0.00       0.00       1.00       1.00    
    10.0000     7.8016     4.4459     3.2217  0.826E-02  0.129E-01   0.00       0.00       1.00       1.00    
    10.0000     7.8287     4.4603     3.2310  0.813E-02  0.128E-01   0.00       0.00       1.00       1.00    
    10.0000     7.8545     4.4740     3.2399  0.806E-02  0.126E-01   0.00       0.00       1.00       1.00    
    10.0000     7.8929     4.4946     3.2533  0.474E-02  0.746E-02   0.00       0.00       1.00       1.00    
    10.0000     7.9438     4.5221     3.2711  0.472E-02  0.741E-02   0.00       0.00       1.00       1.00    
    10.0000     7.9924     4.5484     3.2883  0.469E-02  0.741E-02   0.00       0.00       1.00       1.00    
    10.0000     8.0377     4.5733     3.3044  0.467E-02  0.735E-02   0.00       0.00       1.00       1.00    
    10.0000     8.0819     4.5976     3.3203  0.465E-02  0.735E-02   0.00       0.00       1.00       1.00    
    10.0000     8.1231     4.6206     3.3352  0.463E-02  0.730E-02   0.00       0.00       1.00       1.00    
    10.0000     8.1621     4.6425     3.3494  0.461E-02  0.730E-02   0.00       0.00       1.00       1.00    
    10.0000     8.1980     4.6627     3.3625  0.459E-02  0.725E-02   0.00       0.00       1.00       1.00    
    10.0000     8.2333     4.6828     3.3755  0.455E-02  0.725E-02   0.00       0.00       1.00       1.00    
    10.0000     8.2661     4.7017     3.3876  0.452E-02  0.719E-02   0.00       0.00       1.00       1.00    
    10.0000     8.2978     4.7200     3.3994  0.450E-02  0.714E-02   0.00       0.00       1.00       1.00    
    10.0000     8.3280     4.7376     3.4107  0.448E-02  0.714E-02   0.00       0.00       1.00       1.00    
    10.0000     8.3569     4.7545     3.4215  0.446E-02  0.709E-02   0.00       0.00       1.00       1.00    
    10.0000     8.3843     4.7708     3.4318  0.442E-02  0.704E-02   0.00       0.00       1.00       1.00    
    10.0000     8.4102     4.7863     3.4416  0.441E-02  0.704E-02   0.00       0.00       1.00       1.00    
    10.0000     8.4349     4.8011     3.4510  0.439E-02  0.699E-02   0.00       0.00       1.00       1.00    
    10.0000     8.4593     4.8159     3.4602  0.435E-02  0.694E-02   0.00       0.00       1.00       1.00    
    10.0000     8.4826     4.8301     3.4691  0.433E-02  0.690E-02   0.00       0.00       1.00       1.00    
    10.0000     8.5080     4.8442     3.4530  0.431E-02  0.690E-02   0.00       0.00       1.00       1.00    
    10.0000     8.5411     4.8615     3.4655  0.427E-02  0.685E-02   0.00       0.00       1.00       1.00    
    10.0000     8.9802     5.0911     3.6311  0.388E-02  0.613E-02   0.00       0.00       1.00       1.00    
    10.0000     9.0208     5.1123     3.6464  0.388E-02  0.613E-02   0.00       0.00       1.00       1.00    
    10.0000     9.0615     5.1336     3.6618  0.386E-02  0.610E-02   0.00       0.00       1.00       1.00    
    10.0000     9.1017     5.1546     3.6769  0.386E-02  0.610E-02   0.00       0.00       1.00       1.00    
    10.0000     9.1422     5.1758     3.6922  0.385E-02  0.606E-02   0.00       0.00       1.00       1.00    
    10.0000     9.1828     5.1970     3.7075  0.385E-02  0.606E-02   0.00       0.00       1.00       1.00    
    10.0000     9.2231     5.2181     3.7227  0.383E-02  0.606E-02   0.00       0.00       1.00       1.00    
    10.0000     9.2639     5.2394     3.7381  0.383E-02  0.602E-02   0.00       0.00       1.00       1.00    
    10.0000     9.3040     5.2604     3.7532  0.383E-02  0.602E-02   0.00       0.00       1.00       1.00    
    10.0000     9.3446     5.2816     3.7685  0.382E-02  0.599E-02   0.00       0.00       1.00       1.00    
    10.0000     9.3853     5.3029     3.7839  0.382E-02  0.599E-02   0.00       0.00       1.00       1.00    
    10.0000     9.4261     5.3242     3.7993  0.380E-02  0.599E-02   0.00       0.00       1.00       1.00    
    10.0000     9.4666     5.3454     3.8146  0.380E-02  0.595E-02   0.00       0.00       1.00       1.00    
    10.0000     9.5077     5.3669     3.8301  0.380E-02  0.595E-02   0.00       0.00       1.00       1.00    
    10.0000     9.5487     5.3883     3.8455  0.379E-02  0.592E-02   0.00       0.00       1.00       1.00    
    10.0000     9.5890     5.4094     3.8607  0.379E-02  0.592E-02   0.00       0.00       1.00       1.00    
     0.0000     9.6296     5.4306     3.8760  0.377E-02  0.592E-02   0.00       0.00       1.00       1.00    
