MODEL.01
 
ISOTROPIC
KGS
SPHERICAL EARTH
1-D
CONSTANT VELOCITY
LINE08
LINE09
LINE10
LINE11
      H(KM)   VP(KM/S)   VS(KM/S) RHO(GM/CC)     QP         QS       ETAP       ETAS      FREFP      FREFS    
     2.0000     5.5427     3.2797     2.6258  0.118E-02  0.167E-02   0.00       0.00       1.00       1.00    
     2.0000     6.0124     3.5305     2.7193  0.118E-02  0.167E-02   0.00       0.00       1.00       1.00    
     2.0000     6.2246     3.6405     2.7667  0.118E-02  0.167E-02   0.00       0.00       1.00       1.00    
     2.0000     6.2415     3.6492     2.7706  0.118E-02  0.167E-02   0.00       0.00       1.00       1.00    
     2.0000     6.1074     3.5799     2.7401  0.118E-02  0.167E-02   0.00       0.00       1.00       1.00    
     2.0000     6.0466     3.5483     2.7267  0.118E-02  0.167E-02   0.00       0.00       1.00       1.00    
     2.0000     5.9810     3.5140     2.7126  0.118E-02  0.167E-02   0.00       0.00       1.00       1.00    
     2.0000     6.0614     3.5560     2.7300  0.118E-02  0.167E-02   0.00       0.00       1.00       1.00    
     2.0000     6.1783     3.6166     2.7560  0.118E-02  0.167E-02   0.00       0.00       1.00       1.00    
     2.0000     6.1816     3.6183     2.7568  0.118E-02  0.167E-02   0.00       0.00       1.00       1.00    
     2.0000     6.2534     3.6553     2.7733  0.118E-02  0.167E-02   0.00       0.00       1.00       1.00    
     2.0000     6.2754     3.6666     2.7785  0.118E-02  0.167E-02   0.00       0.00       1.00       1.00    
     2.0000     6.3191     3.6890     2.7888  0.118E-02  0.167E-02   0.00       0.00       1.00       1.00    
     2.0000     6.3113     3.6850     2.7869  0.118E-02  0.167E-02   0.00       0.00       1.00       1.00    
     2.0000     6.9083     3.9876     2.9419  0.118E-02  0.167E-02   0.00       0.00       1.00       1.00    
     2.0000     7.6625     4.3726     3.1746  0.118E-02  0.167E-02   0.00       0.00       1.00       1.00    
     2.0000     7.8384     4.4654     3.2344  0.118E-02  0.167E-02   0.00       0.00       1.00       1.00    
     2.0000     7.8650     4.4797     3.2436  0.118E-02  0.167E-02   0.00       0.00       1.00       1.00    
     2.0000     7.9001     4.4985     3.2558  0.118E-02  0.167E-02   0.00       0.00       1.00       1.00    
     2.0000     7.8435     4.4682     3.2362  0.118E-02  0.167E-02   0.00       0.00       1.00       1.00    
     2.0000     7.5831     4.3313     3.1483  0.118E-02  0.167E-02   0.00       0.00       1.00       1.00    
     2.0000     7.5781     4.3287     3.1466  0.118E-02  0.167E-02   0.00       0.00       1.00       1.00    
     2.0000     7.7358     4.4111     3.1993  0.118E-02  0.167E-02   0.00       0.00       1.00       1.00    
     2.0000     7.8166     4.4538     3.2269  0.118E-02  0.167E-02   0.00       0.00       1.00       1.00    
     2.0000     7.7760     4.4323     3.2130  0.118E-02  0.167E-02   0.00       0.00       1.00       1.00    
     5.0000     7.7255     4.4057     3.1958  0.118E-02  0.167E-02   0.00       0.00       1.00       1.00    
     5.0000     7.7625     4.4252     3.2084  0.118E-02  0.167E-02   0.00       0.00       1.00       1.00    
     5.0000     7.7812     4.4351     3.2147  0.118E-02  0.167E-02   0.00       0.00       1.00       1.00    
     5.0000     7.7031     4.3939     3.1882  0.118E-02  0.167E-02   0.00       0.00       1.00       1.00    
     5.0000     7.5929     4.3363     3.1515  0.118E-02  0.167E-02   0.00       0.00       1.00       1.00    
     5.0000     7.5570     4.3178     3.1397  0.118E-02  0.167E-02   0.00       0.00       1.00       1.00    
     5.0000     7.5937     4.3368     3.1518  0.118E-02  0.167E-02   0.00       0.00       1.00       1.00    
     5.0000     7.6163     4.3485     3.1592  0.118E-02  0.167E-02   0.00       0.00       1.00       1.00    
     5.0000     7.6184     4.3496     3.1599  0.118E-02  0.167E-02   0.00       0.00       1.00       1.00    
     5.0000     7.6274     4.3543     3.1629  0.118E-02  0.167E-02   0.00       0.00       1.00       1.00    
    10.0000     7.6375     4.3596     3.1663  0.118E-02  0.167E-02   0.00       0.00       1.00       1.00    
    10.0000     7.6551     4.3687     3.1721  0.118E-02  0.167E-02   0.00       0.00       1.00       1.00    
    10.0000     7.6705     4.3768     3.1773  0.862E-02  0.131E-01   0.00       0.00       1.00       1.00    
    10.0000     7.6841     4.3839     3.1818  0.862E-02  0.131E-01   0.00       0.00       1.00       1.00    
    10.0000     7.6941     4.3892     3.1852  0.855E-02  0.131E-01   0.00       0.00       1.00       1.00    
    10.0000     7.7201     4.4028     3.1940  0.847E-02  0.131E-01   0.00       0.00       1.00       1.00    
    10.0000     7.7469     4.4170     3.2031  0.847E-02  0.131E-01   0.00       0.00       1.00       1.00    
    10.0000     7.7675     4.4278     3.2100  0.833E-02  0.130E-01   0.00       0.00       1.00       1.00    
    10.0000     7.7892     4.4393     3.2175  0.826E-02  0.129E-01   0.00       0.00       1.00       1.00    
    10.0000     7.8124     4.4516     3.2254  0.813E-02  0.128E-01   0.00       0.00       1.00       1.00    
    10.0000     7.8346     4.4634     3.2331  0.806E-02  0.126E-01   0.00       0.00       1.00       1.00    
    10.0000     7.8703     4.4825     3.2454  0.474E-02  0.746E-02   0.00       0.00       1.00       1.00    
    10.0000     7.9191     4.5087     3.2625  0.472E-02  0.741E-02   0.00       0.00       1.00       1.00    
    10.0000     7.9661     4.5341     3.2790  0.469E-02  0.741E-02   0.00       0.00       1.00       1.00    
    10.0000     8.0106     4.5584     3.2948  0.467E-02  0.735E-02   0.00       0.00       1.00       1.00    
    10.0000     8.0541     4.5823     3.3103  0.465E-02  0.735E-02   0.00       0.00       1.00       1.00    
    10.0000     8.0954     4.6051     3.3252  0.463E-02  0.730E-02   0.00       0.00       1.00       1.00    
    10.0000     8.1346     4.6270     3.3394  0.461E-02  0.730E-02   0.00       0.00       1.00       1.00    
    10.0000     8.1712     4.6475     3.3527  0.459E-02  0.725E-02   0.00       0.00       1.00       1.00    
    10.0000     8.2077     4.6682     3.3661  0.455E-02  0.725E-02   0.00       0.00       1.00       1.00    
    10.0000     8.2419     4.6878     3.3787  0.452E-02  0.719E-02   0.00       0.00       1.00       1.00    
    10.0000     8.2755     4.7071     3.3911  0.450E-02  0.714E-02   0.00       0.00       1.00       1.00    
    10.0000     8.3077     4.7257     3.4031  0.448E-02  0.714E-02   0.00       0.00       1.00       1.00    
    10.0000     8.3387     4.7439     3.4147  0.446E-02  0.709E-02   0.00       0.00       1.00       1.00    
    10.0000     8.3688     4.7616     3.4259  0.442E-02  0.704E-02   0.00       0.00       1.00       1.00    
    10.0000     8.3976     4.7787     3.4368  0.441E-02  0.704E-02   0.00       0.00       1.00       1.00    
    10.0000     8.4254     4.7953     3.4473  0.439E-02  0.699E-02   0.00       0.00       1.00       1.00    
    10.0000     8.4528     4.8119     3.4578  0.435E-02  0.694E-02   0.00       0.00       1.00       1.00    
    10.0000     8.4794     4.8281     3.4679  0.433E-02  0.690E-02   0.00       0.00       1.00       1.00    
    10.0000     8.5080     4.8442     3.4530  0.431E-02  0.690E-02   0.00       0.00       1.00       1.00    
    10.0000     8.5411     4.8615     3.4655  0.427E-02  0.685E-02   0.00       0.00       1.00       1.00    
    10.0000     8.9802     5.0911     3.6311  0.388E-02  0.613E-02   0.00       0.00       1.00       1.00    
    10.0000     9.0208     5.1123     3.6464  0.388E-02  0.613E-02   0.00       0.00       1.00       1.00    
    10.0000     9.0615     5.1336     3.6618  0.386E-02  0.610E-02   0.00       0.00       1.00       1.00    
    10.0000     9.1017     5.1546     3.6769  0.386E-02  0.610E-02   0.00       0.00       1.00       1.00    
    10.0000     9.1422     5.1758     3.6922  0.385E-02  0.606E-02   0.00       0.00       1.00       1.00    
    10.0000     9.1828     5.1970     3.7075  0.385E-02  0.606E-02   0.00       0.00       1.00       1.00    
    10.0000     9.2231     5.2181     3.7227  0.383E-02  0.606E-02   0.00       0.00       1.00       1.00    
    10.0000     9.2639     5.2394     3.7381  0.383E-02  0.602E-02   0.00       0.00       1.00       1.00    
    10.0000     9.3040     5.2604     3.7532  0.383E-02  0.602E-02   0.00       0.00       1.00       1.00    
    10.0000     9.3446     5.2816     3.7685  0.382E-02  0.599E-02   0.00       0.00       1.00       1.00    
    10.0000     9.3853     5.3029     3.7839  0.382E-02  0.599E-02   0.00       0.00       1.00       1.00    
    10.0000     9.4261     5.3242     3.7993  0.380E-02  0.599E-02   0.00       0.00       1.00       1.00    
    10.0000     9.4666     5.3454     3.8146  0.380E-02  0.595E-02   0.00       0.00       1.00       1.00    
    10.0000     9.5077     5.3669     3.8301  0.380E-02  0.595E-02   0.00       0.00       1.00       1.00    
    10.0000     9.5487     5.3883     3.8455  0.379E-02  0.592E-02   0.00       0.00       1.00       1.00    
    10.0000     9.5890     5.4094     3.8607  0.379E-02  0.592E-02   0.00       0.00       1.00       1.00    
     0.0000     9.6296     5.4306     3.8760  0.377E-02  0.592E-02   0.00       0.00       1.00       1.00    
