MODEL.01
 
ISOTROPIC
KGS
SPHERICAL EARTH
1-D
CONSTANT VELOCITY
LINE08
LINE09
LINE10
LINE11
      H(KM)   VP(KM/S)   VS(KM/S) RHO(GM/CC)     QP         QS       ETAP       ETAS      FREFP      FREFS    
     2.0000     5.7624     3.3984     2.6677  0.118E-02  0.167E-02   0.00       0.00       1.00       1.00    
     2.0000     5.9839     3.5155     2.7132  0.118E-02  0.167E-02   0.00       0.00       1.00       1.00    
     2.0000     6.1075     3.5800     2.7401  0.118E-02  0.167E-02   0.00       0.00       1.00       1.00    
     2.0000     6.1516     3.6028     2.7500  0.118E-02  0.167E-02   0.00       0.00       1.00       1.00    
     2.0000     6.1116     3.5821     2.7410  0.118E-02  0.167E-02   0.00       0.00       1.00       1.00    
     2.0000     6.0789     3.5651     2.7338  0.118E-02  0.167E-02   0.00       0.00       1.00       1.00    
     2.0000     6.0611     3.5559     2.7299  0.118E-02  0.167E-02   0.00       0.00       1.00       1.00    
     2.0000     6.1161     3.5844     2.7420  0.118E-02  0.167E-02   0.00       0.00       1.00       1.00    
     2.0000     6.2029     3.6293     2.7617  0.118E-02  0.167E-02   0.00       0.00       1.00       1.00    
     2.0000     6.2193     3.6377     2.7654  0.118E-02  0.167E-02   0.00       0.00       1.00       1.00    
     2.0000     6.2636     3.6605     2.7757  0.118E-02  0.167E-02   0.00       0.00       1.00       1.00    
     2.0000     6.2309     3.6437     2.7681  0.118E-02  0.167E-02   0.00       0.00       1.00       1.00    
     2.0000     6.2445     3.6507     2.7713  0.118E-02  0.167E-02   0.00       0.00       1.00       1.00    
     2.0000     6.3603     3.7101     2.7987  0.118E-02  0.167E-02   0.00       0.00       1.00       1.00    
     2.0000     6.8443     3.9553     2.9240  0.118E-02  0.167E-02   0.00       0.00       1.00       1.00    
     2.0000     7.5073     4.2921     3.1235  0.118E-02  0.167E-02   0.00       0.00       1.00       1.00    
     2.0000     7.7809     4.4349     3.2146  0.118E-02  0.167E-02   0.00       0.00       1.00       1.00    
     2.0000     7.8549     4.4743     3.2401  0.118E-02  0.167E-02   0.00       0.00       1.00       1.00    
     2.0000     7.8712     4.4830     3.2457  0.118E-02  0.167E-02   0.00       0.00       1.00       1.00    
     2.0000     7.7714     4.4299     3.2114  0.118E-02  0.167E-02   0.00       0.00       1.00       1.00    
     2.0000     7.5747     4.3269     3.1455  0.118E-02  0.167E-02   0.00       0.00       1.00       1.00    
     2.0000     7.5347     4.3062     3.1324  0.118E-02  0.167E-02   0.00       0.00       1.00       1.00    
     2.0000     7.6420     4.3619     3.1677  0.118E-02  0.167E-02   0.00       0.00       1.00       1.00    
     2.0000     7.7262     4.4061     3.1960  0.118E-02  0.167E-02   0.00       0.00       1.00       1.00    
     2.0000     7.7293     4.4076     3.1971  0.118E-02  0.167E-02   0.00       0.00       1.00       1.00    
     5.0000     7.7073     4.3961     3.1896  0.118E-02  0.167E-02   0.00       0.00       1.00       1.00    
     5.0000     7.7370     4.4117     3.1997  0.118E-02  0.167E-02   0.00       0.00       1.00       1.00    
     5.0000     7.7405     4.4136     3.2009  0.118E-02  0.167E-02   0.00       0.00       1.00       1.00    
     5.0000     7.6915     4.3878     3.1843  0.118E-02  0.167E-02   0.00       0.00       1.00       1.00    
     5.0000     7.6371     4.3594     3.1661  0.118E-02  0.167E-02   0.00       0.00       1.00       1.00    
     5.0000     7.6207     4.3508     3.1607  0.118E-02  0.167E-02   0.00       0.00       1.00       1.00    
     5.0000     7.6409     4.3613     3.1674  0.118E-02  0.167E-02   0.00       0.00       1.00       1.00    
     5.0000     7.6541     4.3682     3.1718  0.118E-02  0.167E-02   0.00       0.00       1.00       1.00    
     5.0000     7.6554     4.3689     3.1722  0.118E-02  0.167E-02   0.00       0.00       1.00       1.00    
     5.0000     7.6645     4.3737     3.1753  0.118E-02  0.167E-02   0.00       0.00       1.00       1.00    
    10.0000     7.6737     4.3785     3.1784  0.118E-02  0.167E-02   0.00       0.00       1.00       1.00    
    10.0000     7.6871     4.3855     3.1828  0.118E-02  0.167E-02   0.00       0.00       1.00       1.00    
    10.0000     7.6992     4.3918     3.1869  0.862E-02  0.131E-01   0.00       0.00       1.00       1.00    
    10.0000     7.7070     4.3959     3.1895  0.862E-02  0.131E-01   0.00       0.00       1.00       1.00    
    10.0000     7.7114     4.3983     3.1910  0.855E-02  0.131E-01   0.00       0.00       1.00       1.00    
    10.0000     7.7268     4.4064     3.1962  0.847E-02  0.131E-01   0.00       0.00       1.00       1.00    
    10.0000     7.7440     4.4154     3.2021  0.847E-02  0.131E-01   0.00       0.00       1.00       1.00    
    10.0000     7.7571     4.4223     3.2065  0.833E-02  0.130E-01   0.00       0.00       1.00       1.00    
    10.0000     7.7719     4.4301     3.2115  0.826E-02  0.129E-01   0.00       0.00       1.00       1.00    
    10.0000     7.7874     4.4383     3.2168  0.813E-02  0.128E-01   0.00       0.00       1.00       1.00    
    10.0000     7.8024     4.4463     3.2220  0.806E-02  0.126E-01   0.00       0.00       1.00       1.00    
    10.0000     7.8326     4.4623     3.2324  0.474E-02  0.746E-02   0.00       0.00       1.00       1.00    
    10.0000     7.8767     4.4859     3.2477  0.472E-02  0.741E-02   0.00       0.00       1.00       1.00    
    10.0000     7.9204     4.5094     3.2629  0.469E-02  0.741E-02   0.00       0.00       1.00       1.00    
    10.0000     7.9627     4.5323     3.2778  0.467E-02  0.735E-02   0.00       0.00       1.00       1.00    
    10.0000     8.0049     4.5553     3.2927  0.465E-02  0.735E-02   0.00       0.00       1.00       1.00    
    10.0000     8.0453     4.5774     3.3072  0.463E-02  0.730E-02   0.00       0.00       1.00       1.00    
    10.0000     8.0850     4.5994     3.3214  0.461E-02  0.730E-02   0.00       0.00       1.00       1.00    
    10.0000     8.1228     4.6204     3.3351  0.459E-02  0.725E-02   0.00       0.00       1.00       1.00    
    10.0000     8.1611     4.6419     3.3490  0.455E-02  0.725E-02   0.00       0.00       1.00       1.00    
    10.0000     8.1980     4.6627     3.3625  0.452E-02  0.719E-02   0.00       0.00       1.00       1.00    
    10.0000     8.2346     4.6836     3.3760  0.450E-02  0.714E-02   0.00       0.00       1.00       1.00    
    10.0000     8.2704     4.7041     3.3892  0.448E-02  0.714E-02   0.00       0.00       1.00       1.00    
    10.0000     8.3057     4.7246     3.4023  0.446E-02  0.709E-02   0.00       0.00       1.00       1.00    
    10.0000     8.3403     4.7448     3.4153  0.442E-02  0.704E-02   0.00       0.00       1.00       1.00    
    10.0000     8.3744     4.7649     3.4281  0.441E-02  0.704E-02   0.00       0.00       1.00       1.00    
    10.0000     8.4077     4.7847     3.4406  0.439E-02  0.699E-02   0.00       0.00       1.00       1.00    
    10.0000     8.4409     4.8047     3.4532  0.435E-02  0.694E-02   0.00       0.00       1.00       1.00    
    10.0000     8.4732     4.8243     3.4655  0.433E-02  0.690E-02   0.00       0.00       1.00       1.00    
    10.0000     8.5080     4.8442     3.4530  0.431E-02  0.690E-02   0.00       0.00       1.00       1.00    
    10.0000     8.5411     4.8615     3.4655  0.427E-02  0.685E-02   0.00       0.00       1.00       1.00    
    10.0000     8.9802     5.0911     3.6311  0.388E-02  0.613E-02   0.00       0.00       1.00       1.00    
    10.0000     9.0208     5.1123     3.6464  0.388E-02  0.613E-02   0.00       0.00       1.00       1.00    
    10.0000     9.0615     5.1336     3.6618  0.386E-02  0.610E-02   0.00       0.00       1.00       1.00    
    10.0000     9.1017     5.1546     3.6769  0.386E-02  0.610E-02   0.00       0.00       1.00       1.00    
    10.0000     9.1422     5.1758     3.6922  0.385E-02  0.606E-02   0.00       0.00       1.00       1.00    
    10.0000     9.1828     5.1970     3.7075  0.385E-02  0.606E-02   0.00       0.00       1.00       1.00    
    10.0000     9.2231     5.2181     3.7227  0.383E-02  0.606E-02   0.00       0.00       1.00       1.00    
    10.0000     9.2639     5.2394     3.7381  0.383E-02  0.602E-02   0.00       0.00       1.00       1.00    
    10.0000     9.3040     5.2604     3.7532  0.383E-02  0.602E-02   0.00       0.00       1.00       1.00    
    10.0000     9.3446     5.2816     3.7685  0.382E-02  0.599E-02   0.00       0.00       1.00       1.00    
    10.0000     9.3853     5.3029     3.7839  0.382E-02  0.599E-02   0.00       0.00       1.00       1.00    
    10.0000     9.4261     5.3242     3.7993  0.380E-02  0.599E-02   0.00       0.00       1.00       1.00    
    10.0000     9.4666     5.3454     3.8146  0.380E-02  0.595E-02   0.00       0.00       1.00       1.00    
    10.0000     9.5077     5.3669     3.8301  0.380E-02  0.595E-02   0.00       0.00       1.00       1.00    
    10.0000     9.5487     5.3883     3.8455  0.379E-02  0.592E-02   0.00       0.00       1.00       1.00    
    10.0000     9.5890     5.4094     3.8607  0.379E-02  0.592E-02   0.00       0.00       1.00       1.00    
     0.0000     9.6296     5.4306     3.8760  0.377E-02  0.592E-02   0.00       0.00       1.00       1.00    
