MODEL.01
 
ISOTROPIC
KGS
SPHERICAL EARTH
1-D
CONSTANT VELOCITY
LINE08
LINE09
LINE10
LINE11
      H(KM)   VP(KM/S)   VS(KM/S) RHO(GM/CC)     QP         QS       ETAP       ETAS      FREFP      FREFS    
     2.0000     5.3858     3.1930     2.5978  0.118E-02  0.167E-02   0.00       0.00       1.00       1.00    
     2.0000     6.1060     3.5792     2.7398  0.118E-02  0.167E-02   0.00       0.00       1.00       1.00    
     2.0000     6.3376     3.6984     2.7932  0.118E-02  0.167E-02   0.00       0.00       1.00       1.00    
     2.0000     6.2544     3.6558     2.7736  0.118E-02  0.167E-02   0.00       0.00       1.00       1.00    
     2.0000     6.0172     3.5330     2.7204  0.118E-02  0.167E-02   0.00       0.00       1.00       1.00    
     2.0000     5.9740     3.5104     2.7111  0.118E-02  0.167E-02   0.00       0.00       1.00       1.00    
     2.0000     5.9501     3.4978     2.7060  0.118E-02  0.167E-02   0.00       0.00       1.00       1.00    
     2.0000     6.0628     3.5567     2.7303  0.118E-02  0.167E-02   0.00       0.00       1.00       1.00    
     2.0000     6.1915     3.6234     2.7591  0.118E-02  0.167E-02   0.00       0.00       1.00       1.00    
     2.0000     6.2000     3.6278     2.7610  0.118E-02  0.167E-02   0.00       0.00       1.00       1.00    
     2.0000     6.2651     3.6613     2.7761  0.118E-02  0.167E-02   0.00       0.00       1.00       1.00    
     2.0000     6.3749     3.7175     2.8022  0.118E-02  0.167E-02   0.00       0.00       1.00       1.00    
     2.0000     6.4313     3.7462     2.8159  0.118E-02  0.167E-02   0.00       0.00       1.00       1.00    
     2.0000     6.2909     3.6745     2.7821  0.118E-02  0.167E-02   0.00       0.00       1.00       1.00    
     2.0000     6.9440     4.0056     2.9520  0.118E-02  0.167E-02   0.00       0.00       1.00       1.00    
     2.0000     7.7823     4.4357     3.2151  0.118E-02  0.167E-02   0.00       0.00       1.00       1.00    
     2.0000     7.8923     4.4943     3.2531  0.118E-02  0.167E-02   0.00       0.00       1.00       1.00    
     2.0000     7.8635     4.4789     3.2431  0.118E-02  0.167E-02   0.00       0.00       1.00       1.00    
     2.0000     7.8619     4.4780     3.2425  0.118E-02  0.167E-02   0.00       0.00       1.00       1.00    
     2.0000     7.8744     4.4847     3.2469  0.118E-02  0.167E-02   0.00       0.00       1.00       1.00    
     2.0000     7.5647     4.3218     3.1422  0.118E-02  0.167E-02   0.00       0.00       1.00       1.00    
     2.0000     7.5925     4.3362     3.1514  0.118E-02  0.167E-02   0.00       0.00       1.00       1.00    
     2.0000     7.7376     4.4120     3.1999  0.118E-02  0.167E-02   0.00       0.00       1.00       1.00    
     2.0000     7.7784     4.4336     3.2138  0.118E-02  0.167E-02   0.00       0.00       1.00       1.00    
     2.0000     7.7186     4.4020     3.1935  0.118E-02  0.167E-02   0.00       0.00       1.00       1.00    
     5.0000     7.6979     4.3912     3.1865  0.118E-02  0.167E-02   0.00       0.00       1.00       1.00    
     5.0000     7.7441     4.4154     3.2021  0.118E-02  0.167E-02   0.00       0.00       1.00       1.00    
     5.0000     7.8113     4.4510     3.2250  0.118E-02  0.167E-02   0.00       0.00       1.00       1.00    
     5.0000     7.7355     4.4109     3.1992  0.118E-02  0.167E-02   0.00       0.00       1.00       1.00    
     5.0000     7.5639     4.3213     3.1420  0.118E-02  0.167E-02   0.00       0.00       1.00       1.00    
     5.0000     7.4976     4.2871     3.1204  0.118E-02  0.167E-02   0.00       0.00       1.00       1.00    
     5.0000     7.5528     4.3156     3.1383  0.118E-02  0.167E-02   0.00       0.00       1.00       1.00    
     5.0000     7.5865     4.3331     3.1494  0.118E-02  0.167E-02   0.00       0.00       1.00       1.00    
     5.0000     7.5893     4.3345     3.1503  0.118E-02  0.167E-02   0.00       0.00       1.00       1.00    
     5.0000     7.5981     4.3391     3.1532  0.118E-02  0.167E-02   0.00       0.00       1.00       1.00    
    10.0000     7.6087     4.3446     3.1567  0.118E-02  0.167E-02   0.00       0.00       1.00       1.00    
    10.0000     7.6290     4.3552     3.1634  0.118E-02  0.167E-02   0.00       0.00       1.00       1.00    
    10.0000     7.6490     4.3656     3.1701  0.862E-02  0.131E-01   0.00       0.00       1.00       1.00    
    10.0000     7.6698     4.3764     3.1770  0.862E-02  0.131E-01   0.00       0.00       1.00       1.00    
    10.0000     7.6884     4.3862     3.1833  0.855E-02  0.131E-01   0.00       0.00       1.00       1.00    
    10.0000     7.7266     4.4063     3.1962  0.847E-02  0.131E-01   0.00       0.00       1.00       1.00    
    10.0000     7.7651     4.4265     3.2092  0.847E-02  0.131E-01   0.00       0.00       1.00       1.00    
    10.0000     7.7951     4.4424     3.2195  0.833E-02  0.130E-01   0.00       0.00       1.00       1.00    
    10.0000     7.8257     4.4587     3.2300  0.826E-02  0.129E-01   0.00       0.00       1.00       1.00    
    10.0000     7.8602     4.4771     3.2419  0.813E-02  0.128E-01   0.00       0.00       1.00       1.00    
    10.0000     7.8923     4.4943     3.2531  0.806E-02  0.126E-01   0.00       0.00       1.00       1.00    
    10.0000     7.9359     4.5178     3.2684  0.474E-02  0.746E-02   0.00       0.00       1.00       1.00    
    10.0000     7.9906     4.5475     3.2877  0.472E-02  0.741E-02   0.00       0.00       1.00       1.00    
    10.0000     8.0420     4.5756     3.3060  0.469E-02  0.741E-02   0.00       0.00       1.00       1.00    
    10.0000     8.0891     4.6017     3.3229  0.467E-02  0.735E-02   0.00       0.00       1.00       1.00    
    10.0000     8.1343     4.6268     3.3393  0.465E-02  0.735E-02   0.00       0.00       1.00       1.00    
    10.0000     8.1756     4.6501     3.3543  0.463E-02  0.730E-02   0.00       0.00       1.00       1.00    
    10.0000     8.2141     4.6718     3.3684  0.461E-02  0.730E-02   0.00       0.00       1.00       1.00    
    10.0000     8.2483     4.6914     3.3810  0.459E-02  0.725E-02   0.00       0.00       1.00       1.00    
    10.0000     8.2815     4.7105     3.3933  0.455E-02  0.725E-02   0.00       0.00       1.00       1.00    
    10.0000     8.3116     4.7280     3.4045  0.452E-02  0.719E-02   0.00       0.00       1.00       1.00    
    10.0000     8.3399     4.7446     3.4151  0.450E-02  0.714E-02   0.00       0.00       1.00       1.00    
    10.0000     8.3666     4.7603     3.4251  0.448E-02  0.714E-02   0.00       0.00       1.00       1.00    
    10.0000     8.3912     4.7749     3.4344  0.446E-02  0.709E-02   0.00       0.00       1.00       1.00    
    10.0000     8.4138     4.7884     3.4429  0.442E-02  0.704E-02   0.00       0.00       1.00       1.00    
    10.0000     8.4344     4.8008     3.4508  0.441E-02  0.704E-02   0.00       0.00       1.00       1.00    
    10.0000     8.4535     4.8123     3.4580  0.439E-02  0.699E-02   0.00       0.00       1.00       1.00    
    10.0000     8.4719     4.8235     3.4650  0.435E-02  0.694E-02   0.00       0.00       1.00       1.00    
    10.0000     8.4890     4.8340     3.4716  0.433E-02  0.690E-02   0.00       0.00       1.00       1.00    
    10.0000     8.5080     4.8442     3.4530  0.431E-02  0.690E-02   0.00       0.00       1.00       1.00    
    10.0000     8.5411     4.8615     3.4655  0.427E-02  0.685E-02   0.00       0.00       1.00       1.00    
    10.0000     8.9802     5.0911     3.6311  0.388E-02  0.613E-02   0.00       0.00       1.00       1.00    
    10.0000     9.0208     5.1123     3.6464  0.388E-02  0.613E-02   0.00       0.00       1.00       1.00    
    10.0000     9.0615     5.1336     3.6618  0.386E-02  0.610E-02   0.00       0.00       1.00       1.00    
    10.0000     9.1017     5.1546     3.6769  0.386E-02  0.610E-02   0.00       0.00       1.00       1.00    
    10.0000     9.1422     5.1758     3.6922  0.385E-02  0.606E-02   0.00       0.00       1.00       1.00    
    10.0000     9.1828     5.1970     3.7075  0.385E-02  0.606E-02   0.00       0.00       1.00       1.00    
    10.0000     9.2231     5.2181     3.7227  0.383E-02  0.606E-02   0.00       0.00       1.00       1.00    
    10.0000     9.2639     5.2394     3.7381  0.383E-02  0.602E-02   0.00       0.00       1.00       1.00    
    10.0000     9.3040     5.2604     3.7532  0.383E-02  0.602E-02   0.00       0.00       1.00       1.00    
    10.0000     9.3446     5.2816     3.7685  0.382E-02  0.599E-02   0.00       0.00       1.00       1.00    
    10.0000     9.3853     5.3029     3.7839  0.382E-02  0.599E-02   0.00       0.00       1.00       1.00    
    10.0000     9.4261     5.3242     3.7993  0.380E-02  0.599E-02   0.00       0.00       1.00       1.00    
    10.0000     9.4666     5.3454     3.8146  0.380E-02  0.595E-02   0.00       0.00       1.00       1.00    
    10.0000     9.5077     5.3669     3.8301  0.380E-02  0.595E-02   0.00       0.00       1.00       1.00    
    10.0000     9.5487     5.3883     3.8455  0.379E-02  0.592E-02   0.00       0.00       1.00       1.00    
    10.0000     9.5890     5.4094     3.8607  0.379E-02  0.592E-02   0.00       0.00       1.00       1.00    
     0.0000     9.6296     5.4306     3.8760  0.377E-02  0.592E-02   0.00       0.00       1.00       1.00    
