MODEL.01
 
ISOTROPIC
KGS
SPHERICAL EARTH
1-D
CONSTANT VELOCITY
LINE08
LINE09
LINE10
LINE11
      H(KM)   VP(KM/S)   VS(KM/S) RHO(GM/CC)     QP         QS       ETAP       ETAS      FREFP      FREFS    
     2.0000     6.1627     3.6085     2.7525  0.118E-02  0.167E-02   0.00       0.00       1.00       1.00    
     2.0000     6.1809     3.6180     2.7567  0.118E-02  0.167E-02   0.00       0.00       1.00       1.00    
     2.0000     6.1974     3.6264     2.7604  0.118E-02  0.167E-02   0.00       0.00       1.00       1.00    
     2.0000     6.2066     3.6312     2.7625  0.118E-02  0.167E-02   0.00       0.00       1.00       1.00    
     2.0000     6.2200     3.6381     2.7656  0.118E-02  0.167E-02   0.00       0.00       1.00       1.00    
     2.0000     6.2365     3.6466     2.7694  0.118E-02  0.167E-02   0.00       0.00       1.00       1.00    
     2.0000     6.2547     3.6559     2.7736  0.118E-02  0.167E-02   0.00       0.00       1.00       1.00    
     2.0000     6.2743     3.6660     2.7782  0.118E-02  0.167E-02   0.00       0.00       1.00       1.00    
     2.0000     6.2979     3.6781     2.7838  0.118E-02  0.167E-02   0.00       0.00       1.00       1.00    
     2.0000     6.3260     3.6925     2.7904  0.118E-02  0.167E-02   0.00       0.00       1.00       1.00    
     2.0000     6.3765     3.7183     2.8026  0.118E-02  0.167E-02   0.00       0.00       1.00       1.00    
     2.0000     6.4261     3.7436     2.8147  0.118E-02  0.167E-02   0.00       0.00       1.00       1.00    
     2.0000     6.4965     3.7794     2.8322  0.118E-02  0.167E-02   0.00       0.00       1.00       1.00    
     2.0000     6.5967     3.8303     2.8577  0.118E-02  0.167E-02   0.00       0.00       1.00       1.00    
     2.0000     6.7338     3.8996     2.8939  0.118E-02  0.167E-02   0.00       0.00       1.00       1.00    
     2.0000     6.8862     3.9765     2.9357  0.118E-02  0.167E-02   0.00       0.00       1.00       1.00    
     2.0000     7.0233     4.0457     2.9748  0.118E-02  0.167E-02   0.00       0.00       1.00       1.00    
     2.0000     7.1473     4.1084     3.0113  0.118E-02  0.167E-02   0.00       0.00       1.00       1.00    
     2.0000     7.2599     4.1655     3.0454  0.118E-02  0.167E-02   0.00       0.00       1.00       1.00    
     2.0000     7.3533     4.2131     3.0744  0.118E-02  0.167E-02   0.00       0.00       1.00       1.00    
     2.0000     7.4266     4.2506     3.0976  0.118E-02  0.167E-02   0.00       0.00       1.00       1.00    
     2.0000     7.4871     4.2817     3.1170  0.118E-02  0.167E-02   0.00       0.00       1.00       1.00    
     2.0000     7.5402     4.3091     3.1342  0.118E-02  0.167E-02   0.00       0.00       1.00       1.00    
     2.0000     7.5837     4.3316     3.1485  0.118E-02  0.167E-02   0.00       0.00       1.00       1.00    
     2.0000     7.6193     4.3501     3.1602  0.118E-02  0.167E-02   0.00       0.00       1.00       1.00    
     5.0000     7.6483     4.3652     3.1699  0.118E-02  0.167E-02   0.00       0.00       1.00       1.00    
     5.0000     7.6960     4.3902     3.1858  0.118E-02  0.167E-02   0.00       0.00       1.00       1.00    
     5.0000     7.7372     4.4118     3.1998  0.118E-02  0.167E-02   0.00       0.00       1.00       1.00    
     5.0000     7.7663     4.4272     3.2096  0.118E-02  0.167E-02   0.00       0.00       1.00       1.00    
     5.0000     7.7852     4.4372     3.2161  0.118E-02  0.167E-02   0.00       0.00       1.00       1.00    
     5.0000     7.7962     4.4430     3.2199  0.118E-02  0.167E-02   0.00       0.00       1.00       1.00    
     5.0000     7.8107     4.4507     3.2248  0.118E-02  0.167E-02   0.00       0.00       1.00       1.00    
     5.0000     7.8177     4.4544     3.2272  0.118E-02  0.167E-02   0.00       0.00       1.00       1.00    
     5.0000     7.8177     4.4544     3.2272  0.118E-02  0.167E-02   0.00       0.00       1.00       1.00    
     5.0000     7.8249     4.4583     3.2297  0.118E-02  0.167E-02   0.00       0.00       1.00       1.00    
    10.0000     7.8303     4.4611     3.2316  0.118E-02  0.167E-02   0.00       0.00       1.00       1.00    
    10.0000     7.8354     4.4639     3.2334  0.118E-02  0.167E-02   0.00       0.00       1.00       1.00    
    10.0000     7.8427     4.4678     3.2359  0.862E-02  0.131E-01   0.00       0.00       1.00       1.00    
    10.0000     7.8478     4.4705     3.2377  0.862E-02  0.131E-01   0.00       0.00       1.00       1.00    
    10.0000     7.8508     4.4721     3.2387  0.855E-02  0.131E-01   0.00       0.00       1.00       1.00    
    10.0000     7.8580     4.4759     3.2412  0.847E-02  0.131E-01   0.00       0.00       1.00       1.00    
    10.0000     7.8646     4.4795     3.2435  0.847E-02  0.131E-01   0.00       0.00       1.00       1.00    
    10.0000     7.8696     4.4821     3.2452  0.833E-02  0.130E-01   0.00       0.00       1.00       1.00    
    10.0000     7.8760     4.4855     3.2474  0.826E-02  0.129E-01   0.00       0.00       1.00       1.00    
    10.0000     7.8823     4.4889     3.2496  0.813E-02  0.128E-01   0.00       0.00       1.00       1.00    
    10.0000     7.8884     4.4922     3.2517  0.806E-02  0.126E-01   0.00       0.00       1.00       1.00    
    10.0000     7.9102     4.5039     3.2593  0.474E-02  0.746E-02   0.00       0.00       1.00       1.00    
    10.0000     7.9462     4.5234     3.2720  0.472E-02  0.741E-02   0.00       0.00       1.00       1.00    
    10.0000     7.9823     4.5430     3.2847  0.469E-02  0.741E-02   0.00       0.00       1.00       1.00    
    10.0000     8.0180     4.5624     3.2974  0.467E-02  0.735E-02   0.00       0.00       1.00       1.00    
    10.0000     8.0536     4.5820     3.3101  0.465E-02  0.735E-02   0.00       0.00       1.00       1.00    
    10.0000     8.0881     4.6011     3.3226  0.463E-02  0.730E-02   0.00       0.00       1.00       1.00    
    10.0000     8.1220     4.6200     3.3348  0.461E-02  0.730E-02   0.00       0.00       1.00       1.00    
    10.0000     8.1552     4.6385     3.3469  0.459E-02  0.725E-02   0.00       0.00       1.00       1.00    
    10.0000     8.1886     4.6574     3.3591  0.455E-02  0.725E-02   0.00       0.00       1.00       1.00    
    10.0000     8.2213     4.6760     3.3711  0.452E-02  0.719E-02   0.00       0.00       1.00       1.00    
    10.0000     8.2543     4.6948     3.3832  0.450E-02  0.714E-02   0.00       0.00       1.00       1.00    
    10.0000     8.2864     4.7134     3.3952  0.448E-02  0.714E-02   0.00       0.00       1.00       1.00    
    10.0000     8.3187     4.7321     3.4072  0.446E-02  0.709E-02   0.00       0.00       1.00       1.00    
    10.0000     8.3503     4.7507     3.4190  0.442E-02  0.704E-02   0.00       0.00       1.00       1.00    
    10.0000     8.3820     4.7694     3.4309  0.441E-02  0.704E-02   0.00       0.00       1.00       1.00    
    10.0000     8.4131     4.7880     3.4427  0.439E-02  0.699E-02   0.00       0.00       1.00       1.00    
    10.0000     8.4444     4.8068     3.4545  0.435E-02  0.694E-02   0.00       0.00       1.00       1.00    
    10.0000     8.4748     4.8254     3.4662  0.433E-02  0.690E-02   0.00       0.00       1.00       1.00    
    10.0000     8.5080     4.8442     3.4530  0.431E-02  0.690E-02   0.00       0.00       1.00       1.00    
    10.0000     8.5411     4.8615     3.4655  0.427E-02  0.685E-02   0.00       0.00       1.00       1.00    
    10.0000     8.9802     5.0911     3.6311  0.388E-02  0.613E-02   0.00       0.00       1.00       1.00    
    10.0000     9.0208     5.1123     3.6464  0.388E-02  0.613E-02   0.00       0.00       1.00       1.00    
    10.0000     9.0615     5.1336     3.6618  0.386E-02  0.610E-02   0.00       0.00       1.00       1.00    
    10.0000     9.1017     5.1546     3.6769  0.386E-02  0.610E-02   0.00       0.00       1.00       1.00    
    10.0000     9.1422     5.1758     3.6922  0.385E-02  0.606E-02   0.00       0.00       1.00       1.00    
    10.0000     9.1828     5.1970     3.7075  0.385E-02  0.606E-02   0.00       0.00       1.00       1.00    
    10.0000     9.2231     5.2181     3.7227  0.383E-02  0.606E-02   0.00       0.00       1.00       1.00    
    10.0000     9.2639     5.2394     3.7381  0.383E-02  0.602E-02   0.00       0.00       1.00       1.00    
    10.0000     9.3040     5.2604     3.7532  0.383E-02  0.602E-02   0.00       0.00       1.00       1.00    
    10.0000     9.3446     5.2816     3.7685  0.382E-02  0.599E-02   0.00       0.00       1.00       1.00    
    10.0000     9.3853     5.3029     3.7839  0.382E-02  0.599E-02   0.00       0.00       1.00       1.00    
    10.0000     9.4261     5.3242     3.7993  0.380E-02  0.599E-02   0.00       0.00       1.00       1.00    
    10.0000     9.4666     5.3454     3.8146  0.380E-02  0.595E-02   0.00       0.00       1.00       1.00    
    10.0000     9.5077     5.3669     3.8301  0.380E-02  0.595E-02   0.00       0.00       1.00       1.00    
    10.0000     9.5487     5.3883     3.8455  0.379E-02  0.592E-02   0.00       0.00       1.00       1.00    
    10.0000     9.5890     5.4094     3.8607  0.379E-02  0.592E-02   0.00       0.00       1.00       1.00    
     0.0000     9.6296     5.4306     3.8760  0.377E-02  0.592E-02   0.00       0.00       1.00       1.00    
