MODEL.01
 
ISOTROPIC
KGS
SPHERICAL EARTH
1-D
CONSTANT VELOCITY
LINE08
LINE09
LINE10
LINE11
      H(KM)   VP(KM/S)   VS(KM/S) RHO(GM/CC)     QP         QS       ETAP       ETAS      FREFP      FREFS    
     2.0000     5.3981     3.1998     2.5999  0.118E-02  0.167E-02   0.00       0.00       1.00       1.00    
     2.0000     6.0953     3.5736     2.7374  0.118E-02  0.167E-02   0.00       0.00       1.00       1.00    
     2.0000     6.3286     3.6939     2.7911  0.118E-02  0.167E-02   0.00       0.00       1.00       1.00    
     2.0000     6.2567     3.6570     2.7741  0.118E-02  0.167E-02   0.00       0.00       1.00       1.00    
     2.0000     6.0286     3.5389     2.7228  0.118E-02  0.167E-02   0.00       0.00       1.00       1.00    
     2.0000     5.9823     3.5147     2.7129  0.118E-02  0.167E-02   0.00       0.00       1.00       1.00    
     2.0000     5.9503     3.4979     2.7061  0.118E-02  0.167E-02   0.00       0.00       1.00       1.00    
     2.0000     6.0601     3.5553     2.7297  0.118E-02  0.167E-02   0.00       0.00       1.00       1.00    
     2.0000     6.1888     3.6220     2.7584  0.118E-02  0.167E-02   0.00       0.00       1.00       1.00    
     2.0000     6.1961     3.6258     2.7601  0.118E-02  0.167E-02   0.00       0.00       1.00       1.00    
     2.0000     6.2643     3.6609     2.7759  0.118E-02  0.167E-02   0.00       0.00       1.00       1.00    
     2.0000     6.3657     3.7128     2.8000  0.118E-02  0.167E-02   0.00       0.00       1.00       1.00    
     2.0000     6.4213     3.7412     2.8135  0.118E-02  0.167E-02   0.00       0.00       1.00       1.00    
     2.0000     6.2921     3.6751     2.7824  0.118E-02  0.167E-02   0.00       0.00       1.00       1.00    
     2.0000     6.9417     4.0045     2.9513  0.118E-02  0.167E-02   0.00       0.00       1.00       1.00    
     2.0000     7.7725     4.4304     3.2118  0.118E-02  0.167E-02   0.00       0.00       1.00       1.00    
     2.0000     7.8875     4.4917     3.2514  0.118E-02  0.167E-02   0.00       0.00       1.00       1.00    
     2.0000     7.8639     4.4790     3.2432  0.118E-02  0.167E-02   0.00       0.00       1.00       1.00    
     2.0000     7.8679     4.4812     3.2446  0.118E-02  0.167E-02   0.00       0.00       1.00       1.00    
     2.0000     7.8737     4.4843     3.2466  0.118E-02  0.167E-02   0.00       0.00       1.00       1.00    
     2.0000     7.5687     4.3238     3.1435  0.118E-02  0.167E-02   0.00       0.00       1.00       1.00    
     2.0000     7.5929     4.3364     3.1515  0.118E-02  0.167E-02   0.00       0.00       1.00       1.00    
     2.0000     7.7402     4.4134     3.2008  0.118E-02  0.167E-02   0.00       0.00       1.00       1.00    
     2.0000     7.7850     4.4371     3.2160  0.118E-02  0.167E-02   0.00       0.00       1.00       1.00    
     2.0000     7.7266     4.4062     3.1962  0.118E-02  0.167E-02   0.00       0.00       1.00       1.00    
     5.0000     7.7019     4.3932     3.1878  0.118E-02  0.167E-02   0.00       0.00       1.00       1.00    
     5.0000     7.7469     4.4169     3.2030  0.118E-02  0.167E-02   0.00       0.00       1.00       1.00    
     5.0000     7.8081     4.4493     3.2240  0.118E-02  0.167E-02   0.00       0.00       1.00       1.00    
     5.0000     7.7313     4.4087     3.1978  0.118E-02  0.167E-02   0.00       0.00       1.00       1.00    
     5.0000     7.5655     4.3221     3.1425  0.118E-02  0.167E-02   0.00       0.00       1.00       1.00    
     5.0000     7.5027     4.2897     3.1220  0.118E-02  0.167E-02   0.00       0.00       1.00       1.00    
     5.0000     7.5564     4.3174     3.1395  0.118E-02  0.167E-02   0.00       0.00       1.00       1.00    
     5.0000     7.5890     4.3343     3.1502  0.118E-02  0.167E-02   0.00       0.00       1.00       1.00    
     5.0000     7.5915     4.3357     3.1510  0.118E-02  0.167E-02   0.00       0.00       1.00       1.00    
     5.0000     7.6004     4.3403     3.1540  0.118E-02  0.167E-02   0.00       0.00       1.00       1.00    
    10.0000     7.6109     4.3458     3.1575  0.118E-02  0.167E-02   0.00       0.00       1.00       1.00    
    10.0000     7.6313     4.3563     3.1642  0.118E-02  0.167E-02   0.00       0.00       1.00       1.00    
    10.0000     7.6506     4.3664     3.1706  0.862E-02  0.131E-01   0.00       0.00       1.00       1.00    
    10.0000     7.6707     4.3769     3.1774  0.862E-02  0.131E-01   0.00       0.00       1.00       1.00    
    10.0000     7.6884     4.3862     3.1833  0.855E-02  0.131E-01   0.00       0.00       1.00       1.00    
    10.0000     7.7255     4.4057     3.1958  0.847E-02  0.131E-01   0.00       0.00       1.00       1.00    
    10.0000     7.7629     4.4254     3.2085  0.847E-02  0.131E-01   0.00       0.00       1.00       1.00    
    10.0000     7.7920     4.4408     3.2184  0.833E-02  0.130E-01   0.00       0.00       1.00       1.00    
    10.0000     7.8217     4.4565     3.2286  0.826E-02  0.129E-01   0.00       0.00       1.00       1.00    
    10.0000     7.8549     4.4743     3.2401  0.813E-02  0.128E-01   0.00       0.00       1.00       1.00    
    10.0000     7.8859     4.4909     3.2509  0.806E-02  0.126E-01   0.00       0.00       1.00       1.00    
    10.0000     7.9287     4.5139     3.2658  0.474E-02  0.746E-02   0.00       0.00       1.00       1.00    
    10.0000     7.9828     4.5432     3.2849  0.472E-02  0.741E-02   0.00       0.00       1.00       1.00    
    10.0000     8.0337     4.5711     3.3030  0.469E-02  0.741E-02   0.00       0.00       1.00       1.00    
    10.0000     8.0805     4.5969     3.3198  0.467E-02  0.735E-02   0.00       0.00       1.00       1.00    
    10.0000     8.1255     4.6219     3.3361  0.465E-02  0.735E-02   0.00       0.00       1.00       1.00    
    10.0000     8.1668     4.6451     3.3511  0.463E-02  0.730E-02   0.00       0.00       1.00       1.00    
    10.0000     8.2055     4.6669     3.3652  0.461E-02  0.730E-02   0.00       0.00       1.00       1.00    
    10.0000     8.2399     4.6866     3.3779  0.459E-02  0.725E-02   0.00       0.00       1.00       1.00    
    10.0000     8.2733     4.7058     3.3903  0.455E-02  0.725E-02   0.00       0.00       1.00       1.00    
    10.0000     8.3040     4.7236     3.4017  0.452E-02  0.719E-02   0.00       0.00       1.00       1.00    
    10.0000     8.3329     4.7404     3.4125  0.450E-02  0.714E-02   0.00       0.00       1.00       1.00    
    10.0000     8.3601     4.7565     3.4227  0.448E-02  0.714E-02   0.00       0.00       1.00       1.00    
    10.0000     8.3854     4.7715     3.4322  0.446E-02  0.709E-02   0.00       0.00       1.00       1.00    
    10.0000     8.4088     4.7854     3.4411  0.442E-02  0.704E-02   0.00       0.00       1.00       1.00    
    10.0000     8.4304     4.7984     3.4492  0.441E-02  0.704E-02   0.00       0.00       1.00       1.00    
    10.0000     8.4502     4.8104     3.4568  0.439E-02  0.699E-02   0.00       0.00       1.00       1.00    
    10.0000     8.4696     4.8222     3.4642  0.435E-02  0.694E-02   0.00       0.00       1.00       1.00    
    10.0000     8.4880     4.8334     3.4712  0.433E-02  0.690E-02   0.00       0.00       1.00       1.00    
    10.0000     8.5080     4.8442     3.4530  0.431E-02  0.690E-02   0.00       0.00       1.00       1.00    
    10.0000     8.5411     4.8615     3.4655  0.427E-02  0.685E-02   0.00       0.00       1.00       1.00    
    10.0000     8.9802     5.0911     3.6311  0.388E-02  0.613E-02   0.00       0.00       1.00       1.00    
    10.0000     9.0208     5.1123     3.6464  0.388E-02  0.613E-02   0.00       0.00       1.00       1.00    
    10.0000     9.0615     5.1336     3.6618  0.386E-02  0.610E-02   0.00       0.00       1.00       1.00    
    10.0000     9.1017     5.1546     3.6769  0.386E-02  0.610E-02   0.00       0.00       1.00       1.00    
    10.0000     9.1422     5.1758     3.6922  0.385E-02  0.606E-02   0.00       0.00       1.00       1.00    
    10.0000     9.1828     5.1970     3.7075  0.385E-02  0.606E-02   0.00       0.00       1.00       1.00    
    10.0000     9.2231     5.2181     3.7227  0.383E-02  0.606E-02   0.00       0.00       1.00       1.00    
    10.0000     9.2639     5.2394     3.7381  0.383E-02  0.602E-02   0.00       0.00       1.00       1.00    
    10.0000     9.3040     5.2604     3.7532  0.383E-02  0.602E-02   0.00       0.00       1.00       1.00    
    10.0000     9.3446     5.2816     3.7685  0.382E-02  0.599E-02   0.00       0.00       1.00       1.00    
    10.0000     9.3853     5.3029     3.7839  0.382E-02  0.599E-02   0.00       0.00       1.00       1.00    
    10.0000     9.4261     5.3242     3.7993  0.380E-02  0.599E-02   0.00       0.00       1.00       1.00    
    10.0000     9.4666     5.3454     3.8146  0.380E-02  0.595E-02   0.00       0.00       1.00       1.00    
    10.0000     9.5077     5.3669     3.8301  0.380E-02  0.595E-02   0.00       0.00       1.00       1.00    
    10.0000     9.5487     5.3883     3.8455  0.379E-02  0.592E-02   0.00       0.00       1.00       1.00    
    10.0000     9.5890     5.4094     3.8607  0.379E-02  0.592E-02   0.00       0.00       1.00       1.00    
     0.0000     9.6296     5.4306     3.8760  0.377E-02  0.592E-02   0.00       0.00       1.00       1.00    
