MODEL.01
 
ISOTROPIC
KGS
SPHERICAL EARTH
1-D
CONSTANT VELOCITY
LINE08
LINE09
LINE10
LINE11
      H(KM)   VP(KM/S)   VS(KM/S) RHO(GM/CC)     QP         QS       ETAP       ETAS      FREFP      FREFS    
     2.0000     5.4190     3.2115     2.6036  0.118E-02  0.167E-02   0.00       0.00       1.00       1.00    
     2.0000     6.0787     3.5650     2.7338  0.118E-02  0.167E-02   0.00       0.00       1.00       1.00    
     2.0000     6.3134     3.6860     2.7874  0.118E-02  0.167E-02   0.00       0.00       1.00       1.00    
     2.0000     6.2594     3.6583     2.7747  0.118E-02  0.167E-02   0.00       0.00       1.00       1.00    
     2.0000     6.0465     3.5482     2.7267  0.118E-02  0.167E-02   0.00       0.00       1.00       1.00    
     2.0000     5.9955     3.5216     2.7157  0.118E-02  0.167E-02   0.00       0.00       1.00       1.00    
     2.0000     5.9518     3.4987     2.7064  0.118E-02  0.167E-02   0.00       0.00       1.00       1.00    
     2.0000     6.0565     3.5535     2.7289  0.118E-02  0.167E-02   0.00       0.00       1.00       1.00    
     2.0000     6.1848     3.6199     2.7575  0.118E-02  0.167E-02   0.00       0.00       1.00       1.00    
     2.0000     6.1907     3.6230     2.7589  0.118E-02  0.167E-02   0.00       0.00       1.00       1.00    
     2.0000     6.2626     3.6600     2.7755  0.118E-02  0.167E-02   0.00       0.00       1.00       1.00    
     2.0000     6.3505     3.7050     2.7963  0.118E-02  0.167E-02   0.00       0.00       1.00       1.00    
     2.0000     6.4048     3.7328     2.8095  0.118E-02  0.167E-02   0.00       0.00       1.00       1.00    
     2.0000     6.2943     3.6763     2.7829  0.118E-02  0.167E-02   0.00       0.00       1.00       1.00    
     2.0000     6.9376     4.0024     2.9502  0.118E-02  0.167E-02   0.00       0.00       1.00       1.00    
     2.0000     7.7560     4.4217     3.2061  0.118E-02  0.167E-02   0.00       0.00       1.00       1.00    
     2.0000     7.8797     4.4875     3.2487  0.118E-02  0.167E-02   0.00       0.00       1.00       1.00    
     2.0000     7.8646     4.4794     3.2434  0.118E-02  0.167E-02   0.00       0.00       1.00       1.00    
     2.0000     7.8773     4.4862     3.2479  0.118E-02  0.167E-02   0.00       0.00       1.00       1.00    
     2.0000     7.8721     4.4834     3.2461  0.118E-02  0.167E-02   0.00       0.00       1.00       1.00    
     2.0000     7.5744     4.3268     3.1454  0.118E-02  0.167E-02   0.00       0.00       1.00       1.00    
     2.0000     7.5931     4.3365     3.1516  0.118E-02  0.167E-02   0.00       0.00       1.00       1.00    
     2.0000     7.7436     4.4152     3.2019  0.118E-02  0.167E-02   0.00       0.00       1.00       1.00    
     2.0000     7.7953     4.4425     3.2196  0.118E-02  0.167E-02   0.00       0.00       1.00       1.00    
     2.0000     7.7391     4.4128     3.2004  0.118E-02  0.167E-02   0.00       0.00       1.00       1.00    
     5.0000     7.7078     4.3964     3.1898  0.118E-02  0.167E-02   0.00       0.00       1.00       1.00    
     5.0000     7.7513     4.4192     3.2045  0.118E-02  0.167E-02   0.00       0.00       1.00       1.00    
     5.0000     7.8033     4.4468     3.2223  0.118E-02  0.167E-02   0.00       0.00       1.00       1.00    
     5.0000     7.7250     4.4054     3.1956  0.118E-02  0.167E-02   0.00       0.00       1.00       1.00    
     5.0000     7.5685     4.3237     3.1435  0.118E-02  0.167E-02   0.00       0.00       1.00       1.00    
     5.0000     7.5111     4.2941     3.1248  0.118E-02  0.167E-02   0.00       0.00       1.00       1.00    
     5.0000     7.5623     4.3205     3.1414  0.118E-02  0.167E-02   0.00       0.00       1.00       1.00    
     5.0000     7.5930     4.3364     3.1515  0.118E-02  0.167E-02   0.00       0.00       1.00       1.00    
     5.0000     7.5955     4.3377     3.1524  0.118E-02  0.167E-02   0.00       0.00       1.00       1.00    
     5.0000     7.6044     4.3423     3.1553  0.118E-02  0.167E-02   0.00       0.00       1.00       1.00    
    10.0000     7.6150     4.3478     3.1588  0.118E-02  0.167E-02   0.00       0.00       1.00       1.00    
    10.0000     7.6347     4.3581     3.1653  0.118E-02  0.167E-02   0.00       0.00       1.00       1.00    
    10.0000     7.6535     4.3679     3.1716  0.862E-02  0.131E-01   0.00       0.00       1.00       1.00    
    10.0000     7.6723     4.3778     3.1779  0.862E-02  0.131E-01   0.00       0.00       1.00       1.00    
    10.0000     7.6888     4.3864     3.1834  0.855E-02  0.131E-01   0.00       0.00       1.00       1.00    
    10.0000     7.7238     4.4048     3.1952  0.847E-02  0.131E-01   0.00       0.00       1.00       1.00    
    10.0000     7.7595     4.4236     3.2073  0.847E-02  0.131E-01   0.00       0.00       1.00       1.00    
    10.0000     7.7870     4.4381     3.2167  0.833E-02  0.130E-01   0.00       0.00       1.00       1.00    
    10.0000     7.8152     4.4531     3.2264  0.826E-02  0.129E-01   0.00       0.00       1.00       1.00    
    10.0000     7.8466     4.4698     3.2372  0.813E-02  0.128E-01   0.00       0.00       1.00       1.00    
    10.0000     7.8758     4.4855     3.2474  0.806E-02  0.126E-01   0.00       0.00       1.00       1.00    
    10.0000     7.9174     4.5078     3.2619  0.474E-02  0.746E-02   0.00       0.00       1.00       1.00    
    10.0000     7.9705     4.5365     3.2805  0.472E-02  0.741E-02   0.00       0.00       1.00       1.00    
    10.0000     8.0206     4.5639     3.2983  0.469E-02  0.741E-02   0.00       0.00       1.00       1.00    
    10.0000     8.0670     4.5894     3.3149  0.467E-02  0.735E-02   0.00       0.00       1.00       1.00    
    10.0000     8.1116     4.6142     3.3310  0.465E-02  0.735E-02   0.00       0.00       1.00       1.00    
    10.0000     8.1530     4.6373     3.3460  0.463E-02  0.730E-02   0.00       0.00       1.00       1.00    
    10.0000     8.1918     4.6592     3.3602  0.461E-02  0.730E-02   0.00       0.00       1.00       1.00    
    10.0000     8.2267     4.6790     3.3730  0.459E-02  0.725E-02   0.00       0.00       1.00       1.00    
    10.0000     8.2607     4.6985     3.3856  0.455E-02  0.725E-02   0.00       0.00       1.00       1.00    
    10.0000     8.2920     4.7166     3.3972  0.452E-02  0.719E-02   0.00       0.00       1.00       1.00    
    10.0000     8.3218     4.7339     3.4083  0.450E-02  0.714E-02   0.00       0.00       1.00       1.00    
    10.0000     8.3499     4.7505     3.4189  0.448E-02  0.714E-02   0.00       0.00       1.00       1.00    
    10.0000     8.3763     4.7661     3.4288  0.446E-02  0.709E-02   0.00       0.00       1.00       1.00    
    10.0000     8.4009     4.7807     3.4381  0.442E-02  0.704E-02   0.00       0.00       1.00       1.00    
    10.0000     8.4240     4.7945     3.4468  0.441E-02  0.704E-02   0.00       0.00       1.00       1.00    
    10.0000     8.4454     4.8074     3.4549  0.439E-02  0.699E-02   0.00       0.00       1.00       1.00    
    10.0000     8.4662     4.8201     3.4629  0.435E-02  0.694E-02   0.00       0.00       1.00       1.00    
    10.0000     8.4864     4.8325     3.4706  0.433E-02  0.690E-02   0.00       0.00       1.00       1.00    
    10.0000     8.5080     4.8442     3.4530  0.431E-02  0.690E-02   0.00       0.00       1.00       1.00    
    10.0000     8.5411     4.8615     3.4655  0.427E-02  0.685E-02   0.00       0.00       1.00       1.00    
    10.0000     8.9802     5.0911     3.6311  0.388E-02  0.613E-02   0.00       0.00       1.00       1.00    
    10.0000     9.0208     5.1123     3.6464  0.388E-02  0.613E-02   0.00       0.00       1.00       1.00    
    10.0000     9.0615     5.1336     3.6618  0.386E-02  0.610E-02   0.00       0.00       1.00       1.00    
    10.0000     9.1017     5.1546     3.6769  0.386E-02  0.610E-02   0.00       0.00       1.00       1.00    
    10.0000     9.1422     5.1758     3.6922  0.385E-02  0.606E-02   0.00       0.00       1.00       1.00    
    10.0000     9.1828     5.1970     3.7075  0.385E-02  0.606E-02   0.00       0.00       1.00       1.00    
    10.0000     9.2231     5.2181     3.7227  0.383E-02  0.606E-02   0.00       0.00       1.00       1.00    
    10.0000     9.2639     5.2394     3.7381  0.383E-02  0.602E-02   0.00       0.00       1.00       1.00    
    10.0000     9.3040     5.2604     3.7532  0.383E-02  0.602E-02   0.00       0.00       1.00       1.00    
    10.0000     9.3446     5.2816     3.7685  0.382E-02  0.599E-02   0.00       0.00       1.00       1.00    
    10.0000     9.3853     5.3029     3.7839  0.382E-02  0.599E-02   0.00       0.00       1.00       1.00    
    10.0000     9.4261     5.3242     3.7993  0.380E-02  0.599E-02   0.00       0.00       1.00       1.00    
    10.0000     9.4666     5.3454     3.8146  0.380E-02  0.595E-02   0.00       0.00       1.00       1.00    
    10.0000     9.5077     5.3669     3.8301  0.380E-02  0.595E-02   0.00       0.00       1.00       1.00    
    10.0000     9.5487     5.3883     3.8455  0.379E-02  0.592E-02   0.00       0.00       1.00       1.00    
    10.0000     9.5890     5.4094     3.8607  0.379E-02  0.592E-02   0.00       0.00       1.00       1.00    
     0.0000     9.6296     5.4306     3.8760  0.377E-02  0.592E-02   0.00       0.00       1.00       1.00    
