MODEL.01
 
ISOTROPIC
KGS
SPHERICAL EARTH
1-D
CONSTANT VELOCITY
LINE08
LINE09
LINE10
LINE11
      H(KM)   VP(KM/S)   VS(KM/S) RHO(GM/CC)     QP         QS       ETAP       ETAS      FREFP      FREFS    
     2.0000     5.5604     3.2893     2.6291  0.118E-02  0.167E-02   0.00       0.00       1.00       1.00    
     2.0000     6.0063     3.5273     2.7180  0.118E-02  0.167E-02   0.00       0.00       1.00       1.00    
     2.0000     6.2127     3.6343     2.7639  0.118E-02  0.167E-02   0.00       0.00       1.00       1.00    
     2.0000     6.2355     3.6460     2.7692  0.118E-02  0.167E-02   0.00       0.00       1.00       1.00    
     2.0000     6.1109     3.5817     2.7409  0.118E-02  0.167E-02   0.00       0.00       1.00       1.00    
     2.0000     6.0507     3.5504     2.7276  0.118E-02  0.167E-02   0.00       0.00       1.00       1.00    
     2.0000     5.9866     3.5170     2.7138  0.118E-02  0.167E-02   0.00       0.00       1.00       1.00    
     2.0000     6.0644     3.5576     2.7306  0.118E-02  0.167E-02   0.00       0.00       1.00       1.00    
     2.0000     6.1790     3.6170     2.7562  0.118E-02  0.167E-02   0.00       0.00       1.00       1.00    
     2.0000     6.1827     3.6189     2.7571  0.118E-02  0.167E-02   0.00       0.00       1.00       1.00    
     2.0000     6.2525     3.6548     2.7731  0.118E-02  0.167E-02   0.00       0.00       1.00       1.00    
     2.0000     6.2673     3.6624     2.7766  0.118E-02  0.167E-02   0.00       0.00       1.00       1.00    
     2.0000     6.3089     3.6838     2.7864  0.118E-02  0.167E-02   0.00       0.00       1.00       1.00    
     2.0000     6.3144     3.6866     2.7877  0.118E-02  0.167E-02   0.00       0.00       1.00       1.00    
     2.0000     6.9039     3.9854     2.9407  0.118E-02  0.167E-02   0.00       0.00       1.00       1.00    
     2.0000     7.6502     4.3662     3.1705  0.118E-02  0.167E-02   0.00       0.00       1.00       1.00    
     2.0000     7.8336     4.4629     3.2327  0.118E-02  0.167E-02   0.00       0.00       1.00       1.00    
     2.0000     7.8647     4.4795     3.2435  0.118E-02  0.167E-02   0.00       0.00       1.00       1.00    
     2.0000     7.8998     4.4983     3.2557  0.118E-02  0.167E-02   0.00       0.00       1.00       1.00    
     2.0000     7.8378     4.4651     3.2342  0.118E-02  0.167E-02   0.00       0.00       1.00       1.00    
     2.0000     7.5825     4.3310     3.1481  0.118E-02  0.167E-02   0.00       0.00       1.00       1.00    
     2.0000     7.5750     4.3271     3.1456  0.118E-02  0.167E-02   0.00       0.00       1.00       1.00    
     2.0000     7.7318     4.4090     3.1979  0.118E-02  0.167E-02   0.00       0.00       1.00       1.00    
     2.0000     7.8151     4.4531     3.2264  0.118E-02  0.167E-02   0.00       0.00       1.00       1.00    
     2.0000     7.7774     4.4331     3.2134  0.118E-02  0.167E-02   0.00       0.00       1.00       1.00    
     5.0000     7.7267     4.4063     3.1962  0.118E-02  0.167E-02   0.00       0.00       1.00       1.00    
     5.0000     7.7628     4.4253     3.2085  0.118E-02  0.167E-02   0.00       0.00       1.00       1.00    
     5.0000     7.7784     4.4336     3.2138  0.118E-02  0.167E-02   0.00       0.00       1.00       1.00    
     5.0000     7.7014     4.3930     3.1877  0.118E-02  0.167E-02   0.00       0.00       1.00       1.00    
     5.0000     7.5965     4.3383     3.1527  0.118E-02  0.167E-02   0.00       0.00       1.00       1.00    
     5.0000     7.5628     4.3208     3.1416  0.118E-02  0.167E-02   0.00       0.00       1.00       1.00    
     5.0000     7.5978     4.3389     3.1531  0.118E-02  0.167E-02   0.00       0.00       1.00       1.00    
     5.0000     7.6193     4.3501     3.1602  0.118E-02  0.167E-02   0.00       0.00       1.00       1.00    
     5.0000     7.6215     4.3512     3.1609  0.118E-02  0.167E-02   0.00       0.00       1.00       1.00    
     5.0000     7.6305     4.3559     3.1639  0.118E-02  0.167E-02   0.00       0.00       1.00       1.00    
    10.0000     7.6405     4.3611     3.1673  0.118E-02  0.167E-02   0.00       0.00       1.00       1.00    
    10.0000     7.6577     4.3701     3.1730  0.118E-02  0.167E-02   0.00       0.00       1.00       1.00    
    10.0000     7.6728     4.3780     3.1780  0.862E-02  0.131E-01   0.00       0.00       1.00       1.00    
    10.0000     7.6857     4.3848     3.1824  0.862E-02  0.131E-01   0.00       0.00       1.00       1.00    
    10.0000     7.6951     4.3897     3.1855  0.855E-02  0.131E-01   0.00       0.00       1.00       1.00    
    10.0000     7.7200     4.4028     3.1939  0.847E-02  0.131E-01   0.00       0.00       1.00       1.00    
    10.0000     7.7459     4.4164     3.2027  0.847E-02  0.131E-01   0.00       0.00       1.00       1.00    
    10.0000     7.7655     4.4268     3.2094  0.833E-02  0.130E-01   0.00       0.00       1.00       1.00    
    10.0000     7.7865     4.4379     3.2166  0.826E-02  0.129E-01   0.00       0.00       1.00       1.00    
    10.0000     7.8091     4.4498     3.2243  0.813E-02  0.128E-01   0.00       0.00       1.00       1.00    
    10.0000     7.8304     4.4612     3.2316  0.806E-02  0.126E-01   0.00       0.00       1.00       1.00    
    10.0000     7.8655     4.4799     3.2438  0.474E-02  0.746E-02   0.00       0.00       1.00       1.00    
    10.0000     7.9139     4.5059     3.2606  0.472E-02  0.741E-02   0.00       0.00       1.00       1.00    
    10.0000     7.9605     4.5311     3.2770  0.469E-02  0.741E-02   0.00       0.00       1.00       1.00    
    10.0000     8.0048     4.5552     3.2927  0.467E-02  0.735E-02   0.00       0.00       1.00       1.00    
    10.0000     8.0482     4.5790     3.3082  0.465E-02  0.735E-02   0.00       0.00       1.00       1.00    
    10.0000     8.0894     4.6018     3.3230  0.463E-02  0.730E-02   0.00       0.00       1.00       1.00    
    10.0000     8.1287     4.6237     3.3372  0.461E-02  0.730E-02   0.00       0.00       1.00       1.00    
    10.0000     8.1654     4.6443     3.3506  0.459E-02  0.725E-02   0.00       0.00       1.00       1.00    
    10.0000     8.2022     4.6651     3.3640  0.455E-02  0.725E-02   0.00       0.00       1.00       1.00    
    10.0000     8.2368     4.6848     3.3768  0.452E-02  0.719E-02   0.00       0.00       1.00       1.00    
    10.0000     8.2708     4.7043     3.3893  0.450E-02  0.714E-02   0.00       0.00       1.00       1.00    
    10.0000     8.3033     4.7232     3.4015  0.448E-02  0.714E-02   0.00       0.00       1.00       1.00    
    10.0000     8.3349     4.7416     3.4132  0.446E-02  0.709E-02   0.00       0.00       1.00       1.00    
    10.0000     8.3654     4.7596     3.4247  0.442E-02  0.704E-02   0.00       0.00       1.00       1.00    
    10.0000     8.3948     4.7771     3.4358  0.441E-02  0.704E-02   0.00       0.00       1.00       1.00    
    10.0000     8.4232     4.7941     3.4465  0.439E-02  0.699E-02   0.00       0.00       1.00       1.00    
    10.0000     8.4514     4.8111     3.4572  0.435E-02  0.694E-02   0.00       0.00       1.00       1.00    
    10.0000     8.4787     4.8277     3.4676  0.433E-02  0.690E-02   0.00       0.00       1.00       1.00    
    10.0000     8.5080     4.8442     3.4530  0.431E-02  0.690E-02   0.00       0.00       1.00       1.00    
    10.0000     8.5411     4.8615     3.4655  0.427E-02  0.685E-02   0.00       0.00       1.00       1.00    
    10.0000     8.9802     5.0911     3.6311  0.388E-02  0.613E-02   0.00       0.00       1.00       1.00    
    10.0000     9.0208     5.1123     3.6464  0.388E-02  0.613E-02   0.00       0.00       1.00       1.00    
    10.0000     9.0615     5.1336     3.6618  0.386E-02  0.610E-02   0.00       0.00       1.00       1.00    
    10.0000     9.1017     5.1546     3.6769  0.386E-02  0.610E-02   0.00       0.00       1.00       1.00    
    10.0000     9.1422     5.1758     3.6922  0.385E-02  0.606E-02   0.00       0.00       1.00       1.00    
    10.0000     9.1828     5.1970     3.7075  0.385E-02  0.606E-02   0.00       0.00       1.00       1.00    
    10.0000     9.2231     5.2181     3.7227  0.383E-02  0.606E-02   0.00       0.00       1.00       1.00    
    10.0000     9.2639     5.2394     3.7381  0.383E-02  0.602E-02   0.00       0.00       1.00       1.00    
    10.0000     9.3040     5.2604     3.7532  0.383E-02  0.602E-02   0.00       0.00       1.00       1.00    
    10.0000     9.3446     5.2816     3.7685  0.382E-02  0.599E-02   0.00       0.00       1.00       1.00    
    10.0000     9.3853     5.3029     3.7839  0.382E-02  0.599E-02   0.00       0.00       1.00       1.00    
    10.0000     9.4261     5.3242     3.7993  0.380E-02  0.599E-02   0.00       0.00       1.00       1.00    
    10.0000     9.4666     5.3454     3.8146  0.380E-02  0.595E-02   0.00       0.00       1.00       1.00    
    10.0000     9.5077     5.3669     3.8301  0.380E-02  0.595E-02   0.00       0.00       1.00       1.00    
    10.0000     9.5487     5.3883     3.8455  0.379E-02  0.592E-02   0.00       0.00       1.00       1.00    
    10.0000     9.5890     5.4094     3.8607  0.379E-02  0.592E-02   0.00       0.00       1.00       1.00    
     0.0000     9.6296     5.4306     3.8760  0.377E-02  0.592E-02   0.00       0.00       1.00       1.00    
