MODEL.01
 
ISOTROPIC
KGS
SPHERICAL EARTH
1-D
CONSTANT VELOCITY
LINE08
LINE09
LINE10
LINE11
      H(KM)   VP(KM/S)   VS(KM/S) RHO(GM/CC)     QP         QS       ETAP       ETAS      FREFP      FREFS    
     2.0000     5.4635     3.2361     2.6115  0.118E-02  0.167E-02   0.00       0.00       1.00       1.00    
     2.0000     6.0492     3.5497     2.7273  0.118E-02  0.167E-02   0.00       0.00       1.00       1.00    
     2.0000     6.2810     3.6694     2.7798  0.118E-02  0.167E-02   0.00       0.00       1.00       1.00    
     2.0000     6.2590     3.6581     2.7746  0.118E-02  0.167E-02   0.00       0.00       1.00       1.00    
     2.0000     6.0765     3.5639     2.7333  0.118E-02  0.167E-02   0.00       0.00       1.00       1.00    
     2.0000     6.0188     3.5338     2.7207  0.118E-02  0.167E-02   0.00       0.00       1.00       1.00    
     2.0000     5.9591     3.5025     2.7079  0.118E-02  0.167E-02   0.00       0.00       1.00       1.00    
     2.0000     6.0541     3.5522     2.7284  0.118E-02  0.167E-02   0.00       0.00       1.00       1.00    
     2.0000     6.1795     3.6172     2.7563  0.118E-02  0.167E-02   0.00       0.00       1.00       1.00    
     2.0000     6.1833     3.6192     2.7572  0.118E-02  0.167E-02   0.00       0.00       1.00       1.00    
     2.0000     6.2592     3.6583     2.7747  0.118E-02  0.167E-02   0.00       0.00       1.00       1.00    
     2.0000     6.3203     3.6896     2.7891  0.118E-02  0.167E-02   0.00       0.00       1.00       1.00    
     2.0000     6.3718     3.7159     2.8014  0.118E-02  0.167E-02   0.00       0.00       1.00       1.00    
     2.0000     6.2997     3.6790     2.7842  0.118E-02  0.167E-02   0.00       0.00       1.00       1.00    
     2.0000     6.9277     3.9974     2.9474  0.118E-02  0.167E-02   0.00       0.00       1.00       1.00    
     2.0000     7.7212     4.4034     3.1943  0.118E-02  0.167E-02   0.00       0.00       1.00       1.00    
     2.0000     7.8635     4.4789     3.2431  0.118E-02  0.167E-02   0.00       0.00       1.00       1.00    
     2.0000     7.8657     4.4800     3.2438  0.118E-02  0.167E-02   0.00       0.00       1.00       1.00    
     2.0000     7.8916     4.4939     3.2529  0.118E-02  0.167E-02   0.00       0.00       1.00       1.00    
     2.0000     7.8652     4.4797     3.2437  0.118E-02  0.167E-02   0.00       0.00       1.00       1.00    
     2.0000     7.5815     4.3304     3.1477  0.118E-02  0.167E-02   0.00       0.00       1.00       1.00    
     2.0000     7.5902     4.3349     3.1506  0.118E-02  0.167E-02   0.00       0.00       1.00       1.00    
     2.0000     7.7459     4.4164     3.2027  0.118E-02  0.167E-02   0.00       0.00       1.00       1.00    
     2.0000     7.8102     4.4504     3.2247  0.118E-02  0.167E-02   0.00       0.00       1.00       1.00    
     2.0000     7.7589     4.4233     3.2071  0.118E-02  0.167E-02   0.00       0.00       1.00       1.00    
     5.0000     7.7168     4.4011     3.1928  0.118E-02  0.167E-02   0.00       0.00       1.00       1.00    
     5.0000     7.7577     4.4226     3.2067  0.118E-02  0.167E-02   0.00       0.00       1.00       1.00    
     5.0000     7.7946     4.4421     3.2193  0.118E-02  0.167E-02   0.00       0.00       1.00       1.00    
     5.0000     7.7145     4.3999     3.1921  0.118E-02  0.167E-02   0.00       0.00       1.00       1.00    
     5.0000     7.5764     4.3278     3.1460  0.118E-02  0.167E-02   0.00       0.00       1.00       1.00    
     5.0000     7.5286     4.3031     3.1304  0.118E-02  0.167E-02   0.00       0.00       1.00       1.00    
     5.0000     7.5743     4.3267     3.1454  0.118E-02  0.167E-02   0.00       0.00       1.00       1.00    
     5.0000     7.6016     4.3409     3.1544  0.118E-02  0.167E-02   0.00       0.00       1.00       1.00    
     5.0000     7.6040     4.3421     3.1551  0.118E-02  0.167E-02   0.00       0.00       1.00       1.00    
     5.0000     7.6128     4.3467     3.1581  0.118E-02  0.167E-02   0.00       0.00       1.00       1.00    
    10.0000     7.6234     4.3522     3.1616  0.118E-02  0.167E-02   0.00       0.00       1.00       1.00    
    10.0000     7.6422     4.3620     3.1678  0.118E-02  0.167E-02   0.00       0.00       1.00       1.00    
    10.0000     7.6597     4.3712     3.1737  0.862E-02  0.131E-01   0.00       0.00       1.00       1.00    
    10.0000     7.6765     4.3799     3.1793  0.862E-02  0.131E-01   0.00       0.00       1.00       1.00    
    10.0000     7.6902     4.3871     3.1839  0.855E-02  0.131E-01   0.00       0.00       1.00       1.00    
    10.0000     7.7215     4.4036     3.1944  0.847E-02  0.131E-01   0.00       0.00       1.00       1.00    
    10.0000     7.7538     4.4206     3.2054  0.847E-02  0.131E-01   0.00       0.00       1.00       1.00    
    10.0000     7.7785     4.4336     3.2138  0.833E-02  0.130E-01   0.00       0.00       1.00       1.00    
    10.0000     7.8040     4.4471     3.2225  0.826E-02  0.129E-01   0.00       0.00       1.00       1.00    
    10.0000     7.8318     4.4619     3.2321  0.813E-02  0.128E-01   0.00       0.00       1.00       1.00    
    10.0000     7.8581     4.4760     3.2412  0.806E-02  0.126E-01   0.00       0.00       1.00       1.00    
    10.0000     7.8971     4.4969     3.2548  0.474E-02  0.746E-02   0.00       0.00       1.00       1.00    
    10.0000     7.9485     4.5246     3.2728  0.472E-02  0.741E-02   0.00       0.00       1.00       1.00    
    10.0000     7.9972     4.5511     3.2900  0.469E-02  0.741E-02   0.00       0.00       1.00       1.00    
    10.0000     8.0428     4.5761     3.3063  0.467E-02  0.735E-02   0.00       0.00       1.00       1.00    
    10.0000     8.0870     4.6005     3.3221  0.465E-02  0.735E-02   0.00       0.00       1.00       1.00    
    10.0000     8.1284     4.6235     3.3371  0.463E-02  0.730E-02   0.00       0.00       1.00       1.00    
    10.0000     8.1674     4.6454     3.3513  0.461E-02  0.730E-02   0.00       0.00       1.00       1.00    
    10.0000     8.2030     4.6655     3.3643  0.459E-02  0.725E-02   0.00       0.00       1.00       1.00    
    10.0000     8.2380     4.6855     3.3772  0.455E-02  0.725E-02   0.00       0.00       1.00       1.00    
    10.0000     8.2707     4.7043     3.3893  0.452E-02  0.719E-02   0.00       0.00       1.00       1.00    
    10.0000     8.3020     4.7224     3.4010  0.450E-02  0.714E-02   0.00       0.00       1.00       1.00    
    10.0000     8.3318     4.7398     3.4121  0.448E-02  0.714E-02   0.00       0.00       1.00       1.00    
    10.0000     8.3602     4.7565     3.4227  0.446E-02  0.709E-02   0.00       0.00       1.00       1.00    
    10.0000     8.3872     4.7725     3.4329  0.442E-02  0.704E-02   0.00       0.00       1.00       1.00    
    10.0000     8.4127     4.7877     3.4425  0.441E-02  0.704E-02   0.00       0.00       1.00       1.00    
    10.0000     8.4367     4.8022     3.4516  0.439E-02  0.699E-02   0.00       0.00       1.00       1.00    
    10.0000     8.4606     4.8166     3.4607  0.435E-02  0.694E-02   0.00       0.00       1.00       1.00    
    10.0000     8.4832     4.8305     3.4693  0.433E-02  0.690E-02   0.00       0.00       1.00       1.00    
    10.0000     8.5080     4.8442     3.4530  0.431E-02  0.690E-02   0.00       0.00       1.00       1.00    
    10.0000     8.5411     4.8615     3.4655  0.427E-02  0.685E-02   0.00       0.00       1.00       1.00    
    10.0000     8.9802     5.0911     3.6311  0.388E-02  0.613E-02   0.00       0.00       1.00       1.00    
    10.0000     9.0208     5.1123     3.6464  0.388E-02  0.613E-02   0.00       0.00       1.00       1.00    
    10.0000     9.0615     5.1336     3.6618  0.386E-02  0.610E-02   0.00       0.00       1.00       1.00    
    10.0000     9.1017     5.1546     3.6769  0.386E-02  0.610E-02   0.00       0.00       1.00       1.00    
    10.0000     9.1422     5.1758     3.6922  0.385E-02  0.606E-02   0.00       0.00       1.00       1.00    
    10.0000     9.1828     5.1970     3.7075  0.385E-02  0.606E-02   0.00       0.00       1.00       1.00    
    10.0000     9.2231     5.2181     3.7227  0.383E-02  0.606E-02   0.00       0.00       1.00       1.00    
    10.0000     9.2639     5.2394     3.7381  0.383E-02  0.602E-02   0.00       0.00       1.00       1.00    
    10.0000     9.3040     5.2604     3.7532  0.383E-02  0.602E-02   0.00       0.00       1.00       1.00    
    10.0000     9.3446     5.2816     3.7685  0.382E-02  0.599E-02   0.00       0.00       1.00       1.00    
    10.0000     9.3853     5.3029     3.7839  0.382E-02  0.599E-02   0.00       0.00       1.00       1.00    
    10.0000     9.4261     5.3242     3.7993  0.380E-02  0.599E-02   0.00       0.00       1.00       1.00    
    10.0000     9.4666     5.3454     3.8146  0.380E-02  0.595E-02   0.00       0.00       1.00       1.00    
    10.0000     9.5077     5.3669     3.8301  0.380E-02  0.595E-02   0.00       0.00       1.00       1.00    
    10.0000     9.5487     5.3883     3.8455  0.379E-02  0.592E-02   0.00       0.00       1.00       1.00    
    10.0000     9.5890     5.4094     3.8607  0.379E-02  0.592E-02   0.00       0.00       1.00       1.00    
     0.0000     9.6296     5.4306     3.8760  0.377E-02  0.592E-02   0.00       0.00       1.00       1.00    
