MODEL.01
 
ISOTROPIC
KGS
SPHERICAL EARTH
1-D
CONSTANT VELOCITY
LINE08
LINE09
LINE10
LINE11
      H(KM)   VP(KM/S)   VS(KM/S) RHO(GM/CC)     QP         QS       ETAP       ETAS      FREFP      FREFS    
     2.0000     5.6526     3.3394     2.6464  0.118E-02  0.167E-02   0.00       0.00       1.00       1.00    
     2.0000     5.9855     3.5164     2.7135  0.118E-02  0.167E-02   0.00       0.00       1.00       1.00    
     2.0000     6.1558     3.6050     2.7510  0.118E-02  0.167E-02   0.00       0.00       1.00       1.00    
     2.0000     6.1959     3.6257     2.7601  0.118E-02  0.167E-02   0.00       0.00       1.00       1.00    
     2.0000     6.1154     3.5841     2.7419  0.118E-02  0.167E-02   0.00       0.00       1.00       1.00    
     2.0000     6.0639     3.5573     2.7305  0.118E-02  0.167E-02   0.00       0.00       1.00       1.00    
     2.0000     6.0180     3.5334     2.7205  0.118E-02  0.167E-02   0.00       0.00       1.00       1.00    
     2.0000     6.0846     3.5681     2.7351  0.118E-02  0.167E-02   0.00       0.00       1.00       1.00    
     2.0000     6.1870     3.6211     2.7580  0.118E-02  0.167E-02   0.00       0.00       1.00       1.00    
     2.0000     6.1948     3.6251     2.7598  0.118E-02  0.167E-02   0.00       0.00       1.00       1.00    
     2.0000     6.2512     3.6541     2.7728  0.118E-02  0.167E-02   0.00       0.00       1.00       1.00    
     2.0000     6.2363     3.6465     2.7694  0.118E-02  0.167E-02   0.00       0.00       1.00       1.00    
     2.0000     6.2666     3.6621     2.7764  0.118E-02  0.167E-02   0.00       0.00       1.00       1.00    
     2.0000     6.3345     3.6968     2.7925  0.118E-02  0.167E-02   0.00       0.00       1.00       1.00    
     2.0000     6.8807     3.9737     2.9342  0.118E-02  0.167E-02   0.00       0.00       1.00       1.00    
     2.0000     7.5887     4.3342     3.1501  0.118E-02  0.167E-02   0.00       0.00       1.00       1.00    
     2.0000     7.8124     4.4516     3.2254  0.118E-02  0.167E-02   0.00       0.00       1.00       1.00    
     2.0000     7.8631     4.4786     3.2429  0.118E-02  0.167E-02   0.00       0.00       1.00       1.00    
     2.0000     7.8911     4.4936     3.2527  0.118E-02  0.167E-02   0.00       0.00       1.00       1.00    
     2.0000     7.8061     4.4483     3.2233  0.118E-02  0.167E-02   0.00       0.00       1.00       1.00    
     2.0000     7.5782     4.3288     3.1467  0.118E-02  0.167E-02   0.00       0.00       1.00       1.00    
     2.0000     7.5577     4.3181     3.1399  0.118E-02  0.167E-02   0.00       0.00       1.00       1.00    
     2.0000     7.7009     4.3927     3.1875  0.118E-02  0.167E-02   0.00       0.00       1.00       1.00    
     2.0000     7.7918     4.4407     3.2183  0.118E-02  0.167E-02   0.00       0.00       1.00       1.00    
     2.0000     7.7719     4.4301     3.2115  0.118E-02  0.167E-02   0.00       0.00       1.00       1.00    
     5.0000     7.7276     4.4068     3.1965  0.118E-02  0.167E-02   0.00       0.00       1.00       1.00    
     5.0000     7.7590     4.4233     3.2071  0.118E-02  0.167E-02   0.00       0.00       1.00       1.00    
     5.0000     7.7635     4.4257     3.2087  0.118E-02  0.167E-02   0.00       0.00       1.00       1.00    
     5.0000     7.6957     4.3900     3.1857  0.118E-02  0.167E-02   0.00       0.00       1.00       1.00    
     5.0000     7.6157     4.3482     3.1590  0.118E-02  0.167E-02   0.00       0.00       1.00       1.00    
     5.0000     7.5905     4.3351     3.1507  0.118E-02  0.167E-02   0.00       0.00       1.00       1.00    
     5.0000     7.6173     4.3491     3.1596  0.118E-02  0.167E-02   0.00       0.00       1.00       1.00    
     5.0000     7.6346     4.3580     3.1653  0.118E-02  0.167E-02   0.00       0.00       1.00       1.00    
     5.0000     7.6362     4.3589     3.1658  0.118E-02  0.167E-02   0.00       0.00       1.00       1.00    
     5.0000     7.6454     4.3637     3.1689  0.118E-02  0.167E-02   0.00       0.00       1.00       1.00    
    10.0000     7.6551     4.3688     3.1721  0.118E-02  0.167E-02   0.00       0.00       1.00       1.00    
    10.0000     7.6706     4.3768     3.1773  0.118E-02  0.167E-02   0.00       0.00       1.00       1.00    
    10.0000     7.6840     4.3839     3.1818  0.862E-02  0.131E-01   0.00       0.00       1.00       1.00    
    10.0000     7.6941     4.3892     3.1852  0.862E-02  0.131E-01   0.00       0.00       1.00       1.00    
    10.0000     7.7010     4.3928     3.1875  0.855E-02  0.131E-01   0.00       0.00       1.00       1.00    
    10.0000     7.7210     4.4033     3.1943  0.847E-02  0.131E-01   0.00       0.00       1.00       1.00    
    10.0000     7.7424     4.4146     3.2015  0.847E-02  0.131E-01   0.00       0.00       1.00       1.00    
    10.0000     7.7586     4.4231     3.2070  0.833E-02  0.130E-01   0.00       0.00       1.00       1.00    
    10.0000     7.7761     4.4324     3.2130  0.826E-02  0.129E-01   0.00       0.00       1.00       1.00    
    10.0000     7.7951     4.4424     3.2195  0.813E-02  0.128E-01   0.00       0.00       1.00       1.00    
    10.0000     7.8132     4.4520     3.2257  0.806E-02  0.126E-01   0.00       0.00       1.00       1.00    
    10.0000     7.8455     4.4692     3.2368  0.474E-02  0.746E-02   0.00       0.00       1.00       1.00    
    10.0000     7.8919     4.4941     3.2529  0.472E-02  0.741E-02   0.00       0.00       1.00       1.00    
    10.0000     7.9371     4.5184     3.2688  0.469E-02  0.741E-02   0.00       0.00       1.00       1.00    
    10.0000     7.9804     4.5419     3.2840  0.467E-02  0.735E-02   0.00       0.00       1.00       1.00    
    10.0000     8.0233     4.5653     3.2993  0.465E-02  0.735E-02   0.00       0.00       1.00       1.00    
    10.0000     8.0641     4.5878     3.3139  0.463E-02  0.730E-02   0.00       0.00       1.00       1.00    
    10.0000     8.1038     4.6098     3.3282  0.461E-02  0.730E-02   0.00       0.00       1.00       1.00    
    10.0000     8.1413     4.6307     3.3418  0.459E-02  0.725E-02   0.00       0.00       1.00       1.00    
    10.0000     8.1789     4.6519     3.3555  0.455E-02  0.725E-02   0.00       0.00       1.00       1.00    
    10.0000     8.2148     4.6723     3.3687  0.452E-02  0.719E-02   0.00       0.00       1.00       1.00    
    10.0000     8.2503     4.6926     3.3818  0.450E-02  0.714E-02   0.00       0.00       1.00       1.00    
    10.0000     8.2848     4.7124     3.3945  0.448E-02  0.714E-02   0.00       0.00       1.00       1.00    
    10.0000     8.3185     4.7320     3.4071  0.446E-02  0.709E-02   0.00       0.00       1.00       1.00    
    10.0000     8.3513     4.7513     3.4194  0.442E-02  0.704E-02   0.00       0.00       1.00       1.00    
    10.0000     8.3833     4.7702     3.4314  0.441E-02  0.704E-02   0.00       0.00       1.00       1.00    
    10.0000     8.4144     4.7888     3.4432  0.439E-02  0.699E-02   0.00       0.00       1.00       1.00    
    10.0000     8.4456     4.8075     3.4550  0.435E-02  0.694E-02   0.00       0.00       1.00       1.00    
    10.0000     8.4755     4.8258     3.4664  0.433E-02  0.690E-02   0.00       0.00       1.00       1.00    
    10.0000     8.5080     4.8442     3.4530  0.431E-02  0.690E-02   0.00       0.00       1.00       1.00    
    10.0000     8.5411     4.8615     3.4655  0.427E-02  0.685E-02   0.00       0.00       1.00       1.00    
    10.0000     8.9802     5.0911     3.6311  0.388E-02  0.613E-02   0.00       0.00       1.00       1.00    
    10.0000     9.0208     5.1123     3.6464  0.388E-02  0.613E-02   0.00       0.00       1.00       1.00    
    10.0000     9.0615     5.1336     3.6618  0.386E-02  0.610E-02   0.00       0.00       1.00       1.00    
    10.0000     9.1017     5.1546     3.6769  0.386E-02  0.610E-02   0.00       0.00       1.00       1.00    
    10.0000     9.1422     5.1758     3.6922  0.385E-02  0.606E-02   0.00       0.00       1.00       1.00    
    10.0000     9.1828     5.1970     3.7075  0.385E-02  0.606E-02   0.00       0.00       1.00       1.00    
    10.0000     9.2231     5.2181     3.7227  0.383E-02  0.606E-02   0.00       0.00       1.00       1.00    
    10.0000     9.2639     5.2394     3.7381  0.383E-02  0.602E-02   0.00       0.00       1.00       1.00    
    10.0000     9.3040     5.2604     3.7532  0.383E-02  0.602E-02   0.00       0.00       1.00       1.00    
    10.0000     9.3446     5.2816     3.7685  0.382E-02  0.599E-02   0.00       0.00       1.00       1.00    
    10.0000     9.3853     5.3029     3.7839  0.382E-02  0.599E-02   0.00       0.00       1.00       1.00    
    10.0000     9.4261     5.3242     3.7993  0.380E-02  0.599E-02   0.00       0.00       1.00       1.00    
    10.0000     9.4666     5.3454     3.8146  0.380E-02  0.595E-02   0.00       0.00       1.00       1.00    
    10.0000     9.5077     5.3669     3.8301  0.380E-02  0.595E-02   0.00       0.00       1.00       1.00    
    10.0000     9.5487     5.3883     3.8455  0.379E-02  0.592E-02   0.00       0.00       1.00       1.00    
    10.0000     9.5890     5.4094     3.8607  0.379E-02  0.592E-02   0.00       0.00       1.00       1.00    
     0.0000     9.6296     5.4306     3.8760  0.377E-02  0.592E-02   0.00       0.00       1.00       1.00    
