MODEL.01
 
ISOTROPIC
KGS
SPHERICAL EARTH
1-D
CONSTANT VELOCITY
LINE08
LINE09
LINE10
LINE11
      H(KM)   VP(KM/S)   VS(KM/S) RHO(GM/CC)     QP         QS       ETAP       ETAS      FREFP      FREFS    
     2.0000     5.5119     3.2628     2.6202  0.118E-02  0.167E-02   0.00       0.00       1.00       1.00    
     2.0000     6.0248     3.5369     2.7220  0.118E-02  0.167E-02   0.00       0.00       1.00       1.00    
     2.0000     6.2461     3.6515     2.7716  0.118E-02  0.167E-02   0.00       0.00       1.00       1.00    
     2.0000     6.2505     3.6538     2.7727  0.118E-02  0.167E-02   0.00       0.00       1.00       1.00    
     2.0000     6.0985     3.5753     2.7381  0.118E-02  0.167E-02   0.00       0.00       1.00       1.00    
     2.0000     6.0377     3.5437     2.7248  0.118E-02  0.167E-02   0.00       0.00       1.00       1.00    
     2.0000     5.9717     3.5091     2.7106  0.118E-02  0.167E-02   0.00       0.00       1.00       1.00    
     2.0000     6.0571     3.5538     2.7290  0.118E-02  0.167E-02   0.00       0.00       1.00       1.00    
     2.0000     6.1778     3.6163     2.7559  0.118E-02  0.167E-02   0.00       0.00       1.00       1.00    
     2.0000     6.1808     3.6179     2.7566  0.118E-02  0.167E-02   0.00       0.00       1.00       1.00    
     2.0000     6.2554     3.6563     2.7738  0.118E-02  0.167E-02   0.00       0.00       1.00       1.00    
     2.0000     6.2913     3.6747     2.7822  0.118E-02  0.167E-02   0.00       0.00       1.00       1.00    
     2.0000     6.3383     3.6988     2.7934  0.118E-02  0.167E-02   0.00       0.00       1.00       1.00    
     2.0000     6.3063     3.6824     2.7858  0.118E-02  0.167E-02   0.00       0.00       1.00       1.00    
     2.0000     6.9159     3.9915     2.9440  0.118E-02  0.167E-02   0.00       0.00       1.00       1.00    
     2.0000     7.6846     4.3842     3.1820  0.118E-02  0.167E-02   0.00       0.00       1.00       1.00    
     2.0000     7.8472     4.4702     3.2374  0.118E-02  0.167E-02   0.00       0.00       1.00       1.00    
     2.0000     7.8654     4.4799     3.2437  0.118E-02  0.167E-02   0.00       0.00       1.00       1.00    
     2.0000     7.8989     4.4978     3.2554  0.118E-02  0.167E-02   0.00       0.00       1.00       1.00    
     2.0000     7.8530     4.4732     3.2394  0.118E-02  0.167E-02   0.00       0.00       1.00       1.00    
     2.0000     7.5834     4.3314     3.1484  0.118E-02  0.167E-02   0.00       0.00       1.00       1.00    
     2.0000     7.5832     4.3314     3.1483  0.118E-02  0.167E-02   0.00       0.00       1.00       1.00    
     2.0000     7.7413     4.4140     3.2011  0.118E-02  0.167E-02   0.00       0.00       1.00       1.00    
     2.0000     7.8166     4.4539     3.2269  0.118E-02  0.167E-02   0.00       0.00       1.00       1.00    
     2.0000     7.7715     4.4299     3.2114  0.118E-02  0.167E-02   0.00       0.00       1.00       1.00    
     5.0000     7.7229     4.4043     3.1949  0.118E-02  0.167E-02   0.00       0.00       1.00       1.00    
     5.0000     7.7614     4.4246     3.2080  0.118E-02  0.167E-02   0.00       0.00       1.00       1.00    
     5.0000     7.7861     4.4377     3.2164  0.118E-02  0.167E-02   0.00       0.00       1.00       1.00    
     5.0000     7.7066     4.3957     3.1894  0.118E-02  0.167E-02   0.00       0.00       1.00       1.00    
     5.0000     7.5862     4.3329     3.1493  0.118E-02  0.167E-02   0.00       0.00       1.00       1.00    
     5.0000     7.5465     4.3123     3.1363  0.118E-02  0.167E-02   0.00       0.00       1.00       1.00    
     5.0000     7.5863     4.3330     3.1493  0.118E-02  0.167E-02   0.00       0.00       1.00       1.00    
     5.0000     7.6107     4.3456     3.1574  0.118E-02  0.167E-02   0.00       0.00       1.00       1.00    
     5.0000     7.6131     4.3468     3.1582  0.118E-02  0.167E-02   0.00       0.00       1.00       1.00    
     5.0000     7.6219     4.3514     3.1611  0.118E-02  0.167E-02   0.00       0.00       1.00       1.00    
    10.0000     7.6323     4.3569     3.1645  0.118E-02  0.167E-02   0.00       0.00       1.00       1.00    
    10.0000     7.6502     4.3662     3.1705  0.118E-02  0.167E-02   0.00       0.00       1.00       1.00    
    10.0000     7.6664     4.3747     3.1759  0.862E-02  0.131E-01   0.00       0.00       1.00       1.00    
    10.0000     7.6811     4.3824     3.1808  0.862E-02  0.131E-01   0.00       0.00       1.00       1.00    
    10.0000     7.6926     4.3884     3.1847  0.855E-02  0.131E-01   0.00       0.00       1.00       1.00    
    10.0000     7.7204     4.4030     3.1941  0.847E-02  0.131E-01   0.00       0.00       1.00       1.00    
    10.0000     7.7492     4.4182     3.2038  0.847E-02  0.131E-01   0.00       0.00       1.00       1.00    
    10.0000     7.7712     4.4298     3.2113  0.833E-02  0.130E-01   0.00       0.00       1.00       1.00    
    10.0000     7.7944     4.4420     3.2192  0.826E-02  0.129E-01   0.00       0.00       1.00       1.00    
    10.0000     7.8191     4.4552     3.2277  0.813E-02  0.128E-01   0.00       0.00       1.00       1.00    
    10.0000     7.8427     4.4678     3.2359  0.806E-02  0.126E-01   0.00       0.00       1.00       1.00    
    10.0000     7.8796     4.4875     3.2487  0.474E-02  0.746E-02   0.00       0.00       1.00       1.00    
    10.0000     7.9293     4.5142     3.2660  0.472E-02  0.741E-02   0.00       0.00       1.00       1.00    
    10.0000     7.9769     4.5400     3.2828  0.469E-02  0.741E-02   0.00       0.00       1.00       1.00    
    10.0000     8.0218     4.5645     3.2988  0.467E-02  0.735E-02   0.00       0.00       1.00       1.00    
    10.0000     8.0656     4.5886     3.3144  0.465E-02  0.735E-02   0.00       0.00       1.00       1.00    
    10.0000     8.1068     4.6115     3.3293  0.463E-02  0.730E-02   0.00       0.00       1.00       1.00    
    10.0000     8.1459     4.6334     3.3435  0.461E-02  0.730E-02   0.00       0.00       1.00       1.00    
    10.0000     8.1822     4.6538     3.3567  0.459E-02  0.725E-02   0.00       0.00       1.00       1.00    
    10.0000     8.2182     4.6742     3.3699  0.455E-02  0.725E-02   0.00       0.00       1.00       1.00    
    10.0000     8.2520     4.6935     3.3824  0.452E-02  0.719E-02   0.00       0.00       1.00       1.00    
    10.0000     8.2848     4.7124     3.3946  0.450E-02  0.714E-02   0.00       0.00       1.00       1.00    
    10.0000     8.3161     4.7306     3.4062  0.448E-02  0.714E-02   0.00       0.00       1.00       1.00    
    10.0000     8.3462     4.7483     3.4175  0.446E-02  0.709E-02   0.00       0.00       1.00       1.00    
    10.0000     8.3752     4.7654     3.4284  0.442E-02  0.704E-02   0.00       0.00       1.00       1.00    
    10.0000     8.4029     4.7818     3.4388  0.441E-02  0.704E-02   0.00       0.00       1.00       1.00    
    10.0000     8.4293     4.7977     3.4488  0.439E-02  0.699E-02   0.00       0.00       1.00       1.00    
    10.0000     8.4554     4.8135     3.4587  0.435E-02  0.694E-02   0.00       0.00       1.00       1.00    
    10.0000     8.4807     4.8289     3.4684  0.433E-02  0.690E-02   0.00       0.00       1.00       1.00    
    10.0000     8.5080     4.8442     3.4530  0.431E-02  0.690E-02   0.00       0.00       1.00       1.00    
    10.0000     8.5411     4.8615     3.4655  0.427E-02  0.685E-02   0.00       0.00       1.00       1.00    
    10.0000     8.9802     5.0911     3.6311  0.388E-02  0.613E-02   0.00       0.00       1.00       1.00    
    10.0000     9.0208     5.1123     3.6464  0.388E-02  0.613E-02   0.00       0.00       1.00       1.00    
    10.0000     9.0615     5.1336     3.6618  0.386E-02  0.610E-02   0.00       0.00       1.00       1.00    
    10.0000     9.1017     5.1546     3.6769  0.386E-02  0.610E-02   0.00       0.00       1.00       1.00    
    10.0000     9.1422     5.1758     3.6922  0.385E-02  0.606E-02   0.00       0.00       1.00       1.00    
    10.0000     9.1828     5.1970     3.7075  0.385E-02  0.606E-02   0.00       0.00       1.00       1.00    
    10.0000     9.2231     5.2181     3.7227  0.383E-02  0.606E-02   0.00       0.00       1.00       1.00    
    10.0000     9.2639     5.2394     3.7381  0.383E-02  0.602E-02   0.00       0.00       1.00       1.00    
    10.0000     9.3040     5.2604     3.7532  0.383E-02  0.602E-02   0.00       0.00       1.00       1.00    
    10.0000     9.3446     5.2816     3.7685  0.382E-02  0.599E-02   0.00       0.00       1.00       1.00    
    10.0000     9.3853     5.3029     3.7839  0.382E-02  0.599E-02   0.00       0.00       1.00       1.00    
    10.0000     9.4261     5.3242     3.7993  0.380E-02  0.599E-02   0.00       0.00       1.00       1.00    
    10.0000     9.4666     5.3454     3.8146  0.380E-02  0.595E-02   0.00       0.00       1.00       1.00    
    10.0000     9.5077     5.3669     3.8301  0.380E-02  0.595E-02   0.00       0.00       1.00       1.00    
    10.0000     9.5487     5.3883     3.8455  0.379E-02  0.592E-02   0.00       0.00       1.00       1.00    
    10.0000     9.5890     5.4094     3.8607  0.379E-02  0.592E-02   0.00       0.00       1.00       1.00    
     0.0000     9.6296     5.4306     3.8760  0.377E-02  0.592E-02   0.00       0.00       1.00       1.00    
