MODEL.01
 
ISOTROPIC
KGS
SPHERICAL EARTH
1-D
CONSTANT VELOCITY
LINE08
LINE09
LINE10
LINE11
      H(KM)   VP(KM/S)   VS(KM/S) RHO(GM/CC)     QP         QS       ETAP       ETAS      FREFP      FREFS    
     2.0000     5.4859     3.2485     2.6155  0.118E-02  0.167E-02   0.00       0.00       1.00       1.00    
     2.0000     6.0370     3.5433     2.7246  0.118E-02  0.167E-02   0.00       0.00       1.00       1.00    
     2.0000     6.2647     3.6611     2.7760  0.118E-02  0.167E-02   0.00       0.00       1.00       1.00    
     2.0000     6.2560     3.6566     2.7739  0.118E-02  0.167E-02   0.00       0.00       1.00       1.00    
     2.0000     6.0881     3.5699     2.7358  0.118E-02  0.167E-02   0.00       0.00       1.00       1.00    
     2.0000     6.0284     3.5388     2.7228  0.118E-02  0.167E-02   0.00       0.00       1.00       1.00    
     2.0000     5.9644     3.5053     2.7091  0.118E-02  0.167E-02   0.00       0.00       1.00       1.00    
     2.0000     6.0548     3.5526     2.7285  0.118E-02  0.167E-02   0.00       0.00       1.00       1.00    
     2.0000     6.1782     3.6165     2.7560  0.118E-02  0.167E-02   0.00       0.00       1.00       1.00    
     2.0000     6.1815     3.6182     2.7568  0.118E-02  0.167E-02   0.00       0.00       1.00       1.00    
     2.0000     6.2573     3.6573     2.7742  0.118E-02  0.167E-02   0.00       0.00       1.00       1.00    
     2.0000     6.3062     3.6824     2.7857  0.118E-02  0.167E-02   0.00       0.00       1.00       1.00    
     2.0000     6.3558     3.7078     2.7976  0.118E-02  0.167E-02   0.00       0.00       1.00       1.00    
     2.0000     6.3026     3.6805     2.7849  0.118E-02  0.167E-02   0.00       0.00       1.00       1.00    
     2.0000     6.9223     3.9947     2.9459  0.118E-02  0.167E-02   0.00       0.00       1.00       1.00    
     2.0000     7.7040     4.3944     3.1885  0.118E-02  0.167E-02   0.00       0.00       1.00       1.00    
     2.0000     7.8557     4.4747     3.2404  0.118E-02  0.167E-02   0.00       0.00       1.00       1.00    
     2.0000     7.8656     4.4800     3.2438  0.118E-02  0.167E-02   0.00       0.00       1.00       1.00    
     2.0000     7.8958     4.4962     3.2543  0.118E-02  0.167E-02   0.00       0.00       1.00       1.00    
     2.0000     7.8599     4.4769     3.2418  0.118E-02  0.167E-02   0.00       0.00       1.00       1.00    
     2.0000     7.5827     4.3311     3.1481  0.118E-02  0.167E-02   0.00       0.00       1.00       1.00    
     2.0000     7.5873     4.3334     3.1496  0.118E-02  0.167E-02   0.00       0.00       1.00       1.00    
     2.0000     7.7443     4.4156     3.2022  0.118E-02  0.167E-02   0.00       0.00       1.00       1.00    
     2.0000     7.8143     4.4526     3.2261  0.118E-02  0.167E-02   0.00       0.00       1.00       1.00    
     2.0000     7.7655     4.4268     3.2094  0.118E-02  0.167E-02   0.00       0.00       1.00       1.00    
     5.0000     7.7200     4.4027     3.1939  0.118E-02  0.167E-02   0.00       0.00       1.00       1.00    
     5.0000     7.7598     4.4237     3.2074  0.118E-02  0.167E-02   0.00       0.00       1.00       1.00    
     5.0000     7.7906     4.4400     3.2180  0.118E-02  0.167E-02   0.00       0.00       1.00       1.00    
     5.0000     7.7104     4.3977     3.1907  0.118E-02  0.167E-02   0.00       0.00       1.00       1.00    
     5.0000     7.5807     4.3301     3.1475  0.118E-02  0.167E-02   0.00       0.00       1.00       1.00    
     5.0000     7.5370     4.3074     3.1332  0.118E-02  0.167E-02   0.00       0.00       1.00       1.00    
     5.0000     7.5800     4.3297     3.1472  0.118E-02  0.167E-02   0.00       0.00       1.00       1.00    
     5.0000     7.6058     4.3431     3.1558  0.118E-02  0.167E-02   0.00       0.00       1.00       1.00    
     5.0000     7.6082     4.3443     3.1565  0.118E-02  0.167E-02   0.00       0.00       1.00       1.00    
     5.0000     7.6170     4.3489     3.1595  0.118E-02  0.167E-02   0.00       0.00       1.00       1.00    
    10.0000     7.6276     4.3544     3.1630  0.118E-02  0.167E-02   0.00       0.00       1.00       1.00    
    10.0000     7.6461     4.3640     3.1691  0.118E-02  0.167E-02   0.00       0.00       1.00       1.00    
    10.0000     7.6628     4.3728     3.1747  0.862E-02  0.131E-01   0.00       0.00       1.00       1.00    
    10.0000     7.6787     4.3811     3.1800  0.862E-02  0.131E-01   0.00       0.00       1.00       1.00    
    10.0000     7.6913     4.3877     3.1842  0.855E-02  0.131E-01   0.00       0.00       1.00       1.00    
    10.0000     7.7209     4.4032     3.1942  0.847E-02  0.131E-01   0.00       0.00       1.00       1.00    
    10.0000     7.7515     4.4194     3.2046  0.847E-02  0.131E-01   0.00       0.00       1.00       1.00    
    10.0000     7.7750     4.4318     3.2126  0.833E-02  0.130E-01   0.00       0.00       1.00       1.00    
    10.0000     7.7992     4.4446     3.2209  0.826E-02  0.129E-01   0.00       0.00       1.00       1.00    
    10.0000     7.8256     4.4586     3.2300  0.813E-02  0.128E-01   0.00       0.00       1.00       1.00    
    10.0000     7.8506     4.4720     3.2386  0.806E-02  0.126E-01   0.00       0.00       1.00       1.00    
    10.0000     7.8885     4.4923     3.2518  0.474E-02  0.746E-02   0.00       0.00       1.00       1.00    
    10.0000     7.9391     4.5195     3.2695  0.472E-02  0.741E-02   0.00       0.00       1.00       1.00    
    10.0000     7.9873     4.5457     3.2865  0.469E-02  0.741E-02   0.00       0.00       1.00       1.00    
    10.0000     8.0325     4.5704     3.3026  0.467E-02  0.735E-02   0.00       0.00       1.00       1.00    
    10.0000     8.0766     4.5947     3.3184  0.465E-02  0.735E-02   0.00       0.00       1.00       1.00    
    10.0000     8.1179     4.6176     3.3333  0.463E-02  0.730E-02   0.00       0.00       1.00       1.00    
    10.0000     8.1569     4.6395     3.3475  0.461E-02  0.730E-02   0.00       0.00       1.00       1.00    
    10.0000     8.1928     4.6598     3.3606  0.459E-02  0.725E-02   0.00       0.00       1.00       1.00    
    10.0000     8.2283     4.6800     3.3736  0.455E-02  0.725E-02   0.00       0.00       1.00       1.00    
    10.0000     8.2615     4.6990     3.3859  0.452E-02  0.719E-02   0.00       0.00       1.00       1.00    
    10.0000     8.2936     4.7175     3.3978  0.450E-02  0.714E-02   0.00       0.00       1.00       1.00    
    10.0000     8.3241     4.7353     3.4092  0.448E-02  0.714E-02   0.00       0.00       1.00       1.00    
    10.0000     8.3534     4.7525     3.4202  0.446E-02  0.709E-02   0.00       0.00       1.00       1.00    
    10.0000     8.3813     4.7690     3.4307  0.442E-02  0.704E-02   0.00       0.00       1.00       1.00    
    10.0000     8.4078     4.7848     3.4407  0.441E-02  0.704E-02   0.00       0.00       1.00       1.00    
    10.0000     8.4332     4.8000     3.4503  0.439E-02  0.699E-02   0.00       0.00       1.00       1.00    
    10.0000     8.4580     4.8151     3.4597  0.435E-02  0.694E-02   0.00       0.00       1.00       1.00    
    10.0000     8.4819     4.8297     3.4689  0.433E-02  0.690E-02   0.00       0.00       1.00       1.00    
    10.0000     8.5080     4.8442     3.4530  0.431E-02  0.690E-02   0.00       0.00       1.00       1.00    
    10.0000     8.5411     4.8615     3.4655  0.427E-02  0.685E-02   0.00       0.00       1.00       1.00    
    10.0000     8.9802     5.0911     3.6311  0.388E-02  0.613E-02   0.00       0.00       1.00       1.00    
    10.0000     9.0208     5.1123     3.6464  0.388E-02  0.613E-02   0.00       0.00       1.00       1.00    
    10.0000     9.0615     5.1336     3.6618  0.386E-02  0.610E-02   0.00       0.00       1.00       1.00    
    10.0000     9.1017     5.1546     3.6769  0.386E-02  0.610E-02   0.00       0.00       1.00       1.00    
    10.0000     9.1422     5.1758     3.6922  0.385E-02  0.606E-02   0.00       0.00       1.00       1.00    
    10.0000     9.1828     5.1970     3.7075  0.385E-02  0.606E-02   0.00       0.00       1.00       1.00    
    10.0000     9.2231     5.2181     3.7227  0.383E-02  0.606E-02   0.00       0.00       1.00       1.00    
    10.0000     9.2639     5.2394     3.7381  0.383E-02  0.602E-02   0.00       0.00       1.00       1.00    
    10.0000     9.3040     5.2604     3.7532  0.383E-02  0.602E-02   0.00       0.00       1.00       1.00    
    10.0000     9.3446     5.2816     3.7685  0.382E-02  0.599E-02   0.00       0.00       1.00       1.00    
    10.0000     9.3853     5.3029     3.7839  0.382E-02  0.599E-02   0.00       0.00       1.00       1.00    
    10.0000     9.4261     5.3242     3.7993  0.380E-02  0.599E-02   0.00       0.00       1.00       1.00    
    10.0000     9.4666     5.3454     3.8146  0.380E-02  0.595E-02   0.00       0.00       1.00       1.00    
    10.0000     9.5077     5.3669     3.8301  0.380E-02  0.595E-02   0.00       0.00       1.00       1.00    
    10.0000     9.5487     5.3883     3.8455  0.379E-02  0.592E-02   0.00       0.00       1.00       1.00    
    10.0000     9.5890     5.4094     3.8607  0.379E-02  0.592E-02   0.00       0.00       1.00       1.00    
     0.0000     9.6296     5.4306     3.8760  0.377E-02  0.592E-02   0.00       0.00       1.00       1.00    
