MODEL.01
 
ISOTROPIC
KGS
SPHERICAL EARTH
1-D
CONSTANT VELOCITY
LINE08
LINE09
LINE10
LINE11
      H(KM)   VP(KM/S)   VS(KM/S) RHO(GM/CC)     QP         QS       ETAP       ETAS      FREFP      FREFS    
     2.0000     5.6013     3.3117     2.6367  0.118E-02  0.167E-02   0.00       0.00       1.00       1.00    
     2.0000     5.9950     3.5214     2.7156  0.118E-02  0.167E-02   0.00       0.00       1.00       1.00    
     2.0000     6.1863     3.6207     2.7579  0.118E-02  0.167E-02   0.00       0.00       1.00       1.00    
     2.0000     6.2190     3.6376     2.7654  0.118E-02  0.167E-02   0.00       0.00       1.00       1.00    
     2.0000     6.1152     3.5840     2.7419  0.118E-02  0.167E-02   0.00       0.00       1.00       1.00    
     2.0000     6.0579     3.5542     2.7292  0.118E-02  0.167E-02   0.00       0.00       1.00       1.00    
     2.0000     6.0002     3.5241     2.7167  0.118E-02  0.167E-02   0.00       0.00       1.00       1.00    
     2.0000     6.0727     3.5619     2.7324  0.118E-02  0.167E-02   0.00       0.00       1.00       1.00    
     2.0000     6.1820     3.6185     2.7569  0.118E-02  0.167E-02   0.00       0.00       1.00       1.00    
     2.0000     6.1870     3.6211     2.7580  0.118E-02  0.167E-02   0.00       0.00       1.00       1.00    
     2.0000     6.2511     3.6541     2.7728  0.118E-02  0.167E-02   0.00       0.00       1.00       1.00    
     2.0000     6.2511     3.6541     2.7728  0.118E-02  0.167E-02   0.00       0.00       1.00       1.00    
     2.0000     6.2877     3.6729     2.7814  0.118E-02  0.167E-02   0.00       0.00       1.00       1.00    
     2.0000     6.3226     3.6908     2.7896  0.118E-02  0.167E-02   0.00       0.00       1.00       1.00    
     2.0000     6.8937     3.9803     2.9378  0.118E-02  0.167E-02   0.00       0.00       1.00       1.00    
     2.0000     7.6225     4.3518     3.1613  0.118E-02  0.167E-02   0.00       0.00       1.00       1.00    
     2.0000     7.8236     4.4576     3.2293  0.118E-02  0.167E-02   0.00       0.00       1.00       1.00    
     2.0000     7.8641     4.4791     3.2433  0.118E-02  0.167E-02   0.00       0.00       1.00       1.00    
     2.0000     7.8972     4.4969     3.2548  0.118E-02  0.167E-02   0.00       0.00       1.00       1.00    
     2.0000     7.8237     4.4576     3.2293  0.118E-02  0.167E-02   0.00       0.00       1.00       1.00    
     2.0000     7.5806     4.3300     3.1474  0.118E-02  0.167E-02   0.00       0.00       1.00       1.00    
     2.0000     7.5674     4.3231     3.1431  0.118E-02  0.167E-02   0.00       0.00       1.00       1.00    
     2.0000     7.7198     4.4027     3.1939  0.118E-02  0.167E-02   0.00       0.00       1.00       1.00    
     2.0000     7.8080     4.4493     3.2239  0.118E-02  0.167E-02   0.00       0.00       1.00       1.00    
     2.0000     7.7777     4.4332     3.2135  0.118E-02  0.167E-02   0.00       0.00       1.00       1.00    
     5.0000     7.7282     4.4071     3.1967  0.118E-02  0.167E-02   0.00       0.00       1.00       1.00    
     5.0000     7.7622     4.4250     3.2083  0.118E-02  0.167E-02   0.00       0.00       1.00       1.00    
     5.0000     7.7719     4.4302     3.2116  0.118E-02  0.167E-02   0.00       0.00       1.00       1.00    
     5.0000     7.6984     4.3914     3.1866  0.118E-02  0.167E-02   0.00       0.00       1.00       1.00    
     5.0000     7.6051     4.3427     3.1555  0.118E-02  0.167E-02   0.00       0.00       1.00       1.00    
     5.0000     7.5756     4.3274     3.1458  0.118E-02  0.167E-02   0.00       0.00       1.00       1.00    
     5.0000     7.6067     4.3436     3.1561  0.118E-02  0.167E-02   0.00       0.00       1.00       1.00    
     5.0000     7.6261     4.3537     3.1625  0.118E-02  0.167E-02   0.00       0.00       1.00       1.00    
     5.0000     7.6281     4.3547     3.1632  0.118E-02  0.167E-02   0.00       0.00       1.00       1.00    
     5.0000     7.6371     4.3594     3.1661  0.118E-02  0.167E-02   0.00       0.00       1.00       1.00    
    10.0000     7.6472     4.3646     3.1695  0.118E-02  0.167E-02   0.00       0.00       1.00       1.00    
    10.0000     7.6635     4.3732     3.1749  0.118E-02  0.167E-02   0.00       0.00       1.00       1.00    
    10.0000     7.6779     4.3807     3.1797  0.862E-02  0.131E-01   0.00       0.00       1.00       1.00    
    10.0000     7.6894     4.3867     3.1836  0.862E-02  0.131E-01   0.00       0.00       1.00       1.00    
    10.0000     7.6976     4.3910     3.1864  0.855E-02  0.131E-01   0.00       0.00       1.00       1.00    
    10.0000     7.7202     4.4029     3.1940  0.847E-02  0.131E-01   0.00       0.00       1.00       1.00    
    10.0000     7.7441     4.4154     3.2021  0.847E-02  0.131E-01   0.00       0.00       1.00       1.00    
    10.0000     7.7619     4.4248     3.2081  0.833E-02  0.130E-01   0.00       0.00       1.00       1.00    
    10.0000     7.7812     4.4351     3.2147  0.826E-02  0.129E-01   0.00       0.00       1.00       1.00    
    10.0000     7.8020     4.4461     3.2218  0.813E-02  0.128E-01   0.00       0.00       1.00       1.00    
    10.0000     7.8218     4.4566     3.2287  0.806E-02  0.126E-01   0.00       0.00       1.00       1.00    
    10.0000     7.8555     4.4746     3.2403  0.474E-02  0.746E-02   0.00       0.00       1.00       1.00    
    10.0000     7.9031     4.5001     3.2569  0.472E-02  0.741E-02   0.00       0.00       1.00       1.00    
    10.0000     7.9489     4.5248     3.2729  0.469E-02  0.741E-02   0.00       0.00       1.00       1.00    
    10.0000     7.9928     4.5487     3.2884  0.467E-02  0.735E-02   0.00       0.00       1.00       1.00    
    10.0000     8.0359     4.5723     3.3038  0.465E-02  0.735E-02   0.00       0.00       1.00       1.00    
    10.0000     8.0770     4.5949     3.3185  0.463E-02  0.730E-02   0.00       0.00       1.00       1.00    
    10.0000     8.1166     4.6169     3.3328  0.461E-02  0.730E-02   0.00       0.00       1.00       1.00    
    10.0000     8.1536     4.6376     3.3463  0.459E-02  0.725E-02   0.00       0.00       1.00       1.00    
    10.0000     8.1908     4.6586     3.3599  0.455E-02  0.725E-02   0.00       0.00       1.00       1.00    
    10.0000     8.2260     4.6787     3.3728  0.452E-02  0.719E-02   0.00       0.00       1.00       1.00    
    10.0000     8.2608     4.6986     3.3856  0.450E-02  0.714E-02   0.00       0.00       1.00       1.00    
    10.0000     8.2943     4.7179     3.3981  0.448E-02  0.714E-02   0.00       0.00       1.00       1.00    
    10.0000     8.3269     4.7369     3.4102  0.446E-02  0.709E-02   0.00       0.00       1.00       1.00    
    10.0000     8.3585     4.7555     3.4221  0.442E-02  0.704E-02   0.00       0.00       1.00       1.00    
    10.0000     8.3893     4.7737     3.4337  0.441E-02  0.704E-02   0.00       0.00       1.00       1.00    
    10.0000     8.4190     4.7915     3.4449  0.439E-02  0.699E-02   0.00       0.00       1.00       1.00    
    10.0000     8.4485     4.8093     3.4561  0.435E-02  0.694E-02   0.00       0.00       1.00       1.00    
    10.0000     8.4771     4.8268     3.4670  0.433E-02  0.690E-02   0.00       0.00       1.00       1.00    
    10.0000     8.5080     4.8442     3.4530  0.431E-02  0.690E-02   0.00       0.00       1.00       1.00    
    10.0000     8.5411     4.8615     3.4655  0.427E-02  0.685E-02   0.00       0.00       1.00       1.00    
    10.0000     8.9802     5.0911     3.6311  0.388E-02  0.613E-02   0.00       0.00       1.00       1.00    
    10.0000     9.0208     5.1123     3.6464  0.388E-02  0.613E-02   0.00       0.00       1.00       1.00    
    10.0000     9.0615     5.1336     3.6618  0.386E-02  0.610E-02   0.00       0.00       1.00       1.00    
    10.0000     9.1017     5.1546     3.6769  0.386E-02  0.610E-02   0.00       0.00       1.00       1.00    
    10.0000     9.1422     5.1758     3.6922  0.385E-02  0.606E-02   0.00       0.00       1.00       1.00    
    10.0000     9.1828     5.1970     3.7075  0.385E-02  0.606E-02   0.00       0.00       1.00       1.00    
    10.0000     9.2231     5.2181     3.7227  0.383E-02  0.606E-02   0.00       0.00       1.00       1.00    
    10.0000     9.2639     5.2394     3.7381  0.383E-02  0.602E-02   0.00       0.00       1.00       1.00    
    10.0000     9.3040     5.2604     3.7532  0.383E-02  0.602E-02   0.00       0.00       1.00       1.00    
    10.0000     9.3446     5.2816     3.7685  0.382E-02  0.599E-02   0.00       0.00       1.00       1.00    
    10.0000     9.3853     5.3029     3.7839  0.382E-02  0.599E-02   0.00       0.00       1.00       1.00    
    10.0000     9.4261     5.3242     3.7993  0.380E-02  0.599E-02   0.00       0.00       1.00       1.00    
    10.0000     9.4666     5.3454     3.8146  0.380E-02  0.595E-02   0.00       0.00       1.00       1.00    
    10.0000     9.5077     5.3669     3.8301  0.380E-02  0.595E-02   0.00       0.00       1.00       1.00    
    10.0000     9.5487     5.3883     3.8455  0.379E-02  0.592E-02   0.00       0.00       1.00       1.00    
    10.0000     9.5890     5.4094     3.8607  0.379E-02  0.592E-02   0.00       0.00       1.00       1.00    
     0.0000     9.6296     5.4306     3.8760  0.377E-02  0.592E-02   0.00       0.00       1.00       1.00    
