MODEL.01
 
ISOTROPIC
KGS
SPHERICAL EARTH
1-D
CONSTANT VELOCITY
LINE08
LINE09
LINE10
LINE11
      H(KM)   VP(KM/S)   VS(KM/S) RHO(GM/CC)     QP         QS       ETAP       ETAS      FREFP      FREFS    
     2.0000     5.5798     3.2999     2.6327  0.118E-02  0.167E-02   0.00       0.00       1.00       1.00    
     2.0000     6.0005     3.5242     2.7168  0.118E-02  0.167E-02   0.00       0.00       1.00       1.00    
     2.0000     6.1999     3.6277     2.7610  0.118E-02  0.167E-02   0.00       0.00       1.00       1.00    
     2.0000     6.2279     3.6422     2.7674  0.118E-02  0.167E-02   0.00       0.00       1.00       1.00    
     2.0000     6.1135     3.5831     2.7415  0.118E-02  0.167E-02   0.00       0.00       1.00       1.00    
     2.0000     6.0544     3.5524     2.7284  0.118E-02  0.167E-02   0.00       0.00       1.00       1.00    
     2.0000     5.9929     3.5203     2.7151  0.118E-02  0.167E-02   0.00       0.00       1.00       1.00    
     2.0000     6.0682     3.5595     2.7314  0.118E-02  0.167E-02   0.00       0.00       1.00       1.00    
     2.0000     6.1803     3.6176     2.7565  0.118E-02  0.167E-02   0.00       0.00       1.00       1.00    
     2.0000     6.1845     3.6198     2.7575  0.118E-02  0.167E-02   0.00       0.00       1.00       1.00    
     2.0000     6.2517     3.6544     2.7729  0.118E-02  0.167E-02   0.00       0.00       1.00       1.00    
     2.0000     6.2592     3.6582     2.7747  0.118E-02  0.167E-02   0.00       0.00       1.00       1.00    
     2.0000     6.2984     3.6784     2.7839  0.118E-02  0.167E-02   0.00       0.00       1.00       1.00    
     2.0000     6.3182     3.6885     2.7886  0.118E-02  0.167E-02   0.00       0.00       1.00       1.00    
     2.0000     6.8991     3.9830     2.9393  0.118E-02  0.167E-02   0.00       0.00       1.00       1.00    
     2.0000     7.6370     4.3593     3.1661  0.118E-02  0.167E-02   0.00       0.00       1.00       1.00    
     2.0000     7.8287     4.4603     3.2311  0.118E-02  0.167E-02   0.00       0.00       1.00       1.00    
     2.0000     7.8643     4.4793     3.2434  0.118E-02  0.167E-02   0.00       0.00       1.00       1.00    
     2.0000     7.8989     4.4978     3.2554  0.118E-02  0.167E-02   0.00       0.00       1.00       1.00    
     2.0000     7.8311     4.4616     3.2319  0.118E-02  0.167E-02   0.00       0.00       1.00       1.00    
     2.0000     7.5817     4.3305     3.1478  0.118E-02  0.167E-02   0.00       0.00       1.00       1.00    
     2.0000     7.5714     4.3252     3.1444  0.118E-02  0.167E-02   0.00       0.00       1.00       1.00    
     2.0000     7.7265     4.4062     3.1961  0.118E-02  0.167E-02   0.00       0.00       1.00       1.00    
     2.0000     7.8124     4.4516     3.2254  0.118E-02  0.167E-02   0.00       0.00       1.00       1.00    
     2.0000     7.7781     4.4334     3.2137  0.118E-02  0.167E-02   0.00       0.00       1.00       1.00    
     5.0000     7.7276     4.4068     3.1965  0.118E-02  0.167E-02   0.00       0.00       1.00       1.00    
     5.0000     7.7627     4.4253     3.2084  0.118E-02  0.167E-02   0.00       0.00       1.00       1.00    
     5.0000     7.7754     4.4320     3.2128  0.118E-02  0.167E-02   0.00       0.00       1.00       1.00    
     5.0000     7.6998     4.3922     3.1871  0.118E-02  0.167E-02   0.00       0.00       1.00       1.00    
     5.0000     7.6006     4.3404     3.1540  0.118E-02  0.167E-02   0.00       0.00       1.00       1.00    
     5.0000     7.5690     4.3240     3.1436  0.118E-02  0.167E-02   0.00       0.00       1.00       1.00    
     5.0000     7.6021     4.3412     3.1545  0.118E-02  0.167E-02   0.00       0.00       1.00       1.00    
     5.0000     7.6226     4.3518     3.1613  0.118E-02  0.167E-02   0.00       0.00       1.00       1.00    
     5.0000     7.6246     4.3529     3.1620  0.118E-02  0.167E-02   0.00       0.00       1.00       1.00    
     5.0000     7.6336     4.3576     3.1650  0.118E-02  0.167E-02   0.00       0.00       1.00       1.00    
    10.0000     7.6437     4.3628     3.1683  0.118E-02  0.167E-02   0.00       0.00       1.00       1.00    
    10.0000     7.6606     4.3716     3.1740  0.118E-02  0.167E-02   0.00       0.00       1.00       1.00    
    10.0000     7.6753     4.3793     3.1789  0.862E-02  0.131E-01   0.00       0.00       1.00       1.00    
    10.0000     7.6874     4.3857     3.1829  0.862E-02  0.131E-01   0.00       0.00       1.00       1.00    
    10.0000     7.6963     4.3903     3.1859  0.855E-02  0.131E-01   0.00       0.00       1.00       1.00    
    10.0000     7.7201     4.4028     3.1940  0.847E-02  0.131E-01   0.00       0.00       1.00       1.00    
    10.0000     7.7449     4.4159     3.2024  0.847E-02  0.131E-01   0.00       0.00       1.00       1.00    
    10.0000     7.7636     4.4258     3.2087  0.833E-02  0.130E-01   0.00       0.00       1.00       1.00    
    10.0000     7.7839     4.4365     3.2156  0.826E-02  0.129E-01   0.00       0.00       1.00       1.00    
    10.0000     7.8055     4.4480     3.2231  0.813E-02  0.128E-01   0.00       0.00       1.00       1.00    
    10.0000     7.8261     4.4589     3.2301  0.806E-02  0.126E-01   0.00       0.00       1.00       1.00    
    10.0000     7.8605     4.4773     3.2420  0.474E-02  0.746E-02   0.00       0.00       1.00       1.00    
    10.0000     7.9086     4.5030     3.2588  0.472E-02  0.741E-02   0.00       0.00       1.00       1.00    
    10.0000     7.9547     4.5280     3.2750  0.469E-02  0.741E-02   0.00       0.00       1.00       1.00    
    10.0000     7.9989     4.5520     3.2906  0.467E-02  0.735E-02   0.00       0.00       1.00       1.00    
    10.0000     8.0422     4.5757     3.3060  0.465E-02  0.735E-02   0.00       0.00       1.00       1.00    
    10.0000     8.0832     4.5984     3.3208  0.463E-02  0.730E-02   0.00       0.00       1.00       1.00    
    10.0000     8.1227     4.6203     3.3351  0.461E-02  0.730E-02   0.00       0.00       1.00       1.00    
    10.0000     8.1595     4.6410     3.3484  0.459E-02  0.725E-02   0.00       0.00       1.00       1.00    
    10.0000     8.1965     4.6619     3.3620  0.455E-02  0.725E-02   0.00       0.00       1.00       1.00    
    10.0000     8.2315     4.6818     3.3748  0.452E-02  0.719E-02   0.00       0.00       1.00       1.00    
    10.0000     8.2659     4.7015     3.3875  0.450E-02  0.714E-02   0.00       0.00       1.00       1.00    
    10.0000     8.2988     4.7206     3.3998  0.448E-02  0.714E-02   0.00       0.00       1.00       1.00    
    10.0000     8.3309     4.7393     3.4117  0.446E-02  0.709E-02   0.00       0.00       1.00       1.00    
    10.0000     8.3620     4.7576     3.4234  0.442E-02  0.704E-02   0.00       0.00       1.00       1.00    
    10.0000     8.3920     4.7754     3.4347  0.441E-02  0.704E-02   0.00       0.00       1.00       1.00    
    10.0000     8.4211     4.7928     3.4457  0.439E-02  0.699E-02   0.00       0.00       1.00       1.00    
    10.0000     8.4499     4.8102     3.4567  0.435E-02  0.694E-02   0.00       0.00       1.00       1.00    
    10.0000     8.4779     4.8273     3.4673  0.433E-02  0.690E-02   0.00       0.00       1.00       1.00    
    10.0000     8.5080     4.8442     3.4530  0.431E-02  0.690E-02   0.00       0.00       1.00       1.00    
    10.0000     8.5411     4.8615     3.4655  0.427E-02  0.685E-02   0.00       0.00       1.00       1.00    
    10.0000     8.9802     5.0911     3.6311  0.388E-02  0.613E-02   0.00       0.00       1.00       1.00    
    10.0000     9.0208     5.1123     3.6464  0.388E-02  0.613E-02   0.00       0.00       1.00       1.00    
    10.0000     9.0615     5.1336     3.6618  0.386E-02  0.610E-02   0.00       0.00       1.00       1.00    
    10.0000     9.1017     5.1546     3.6769  0.386E-02  0.610E-02   0.00       0.00       1.00       1.00    
    10.0000     9.1422     5.1758     3.6922  0.385E-02  0.606E-02   0.00       0.00       1.00       1.00    
    10.0000     9.1828     5.1970     3.7075  0.385E-02  0.606E-02   0.00       0.00       1.00       1.00    
    10.0000     9.2231     5.2181     3.7227  0.383E-02  0.606E-02   0.00       0.00       1.00       1.00    
    10.0000     9.2639     5.2394     3.7381  0.383E-02  0.602E-02   0.00       0.00       1.00       1.00    
    10.0000     9.3040     5.2604     3.7532  0.383E-02  0.602E-02   0.00       0.00       1.00       1.00    
    10.0000     9.3446     5.2816     3.7685  0.382E-02  0.599E-02   0.00       0.00       1.00       1.00    
    10.0000     9.3853     5.3029     3.7839  0.382E-02  0.599E-02   0.00       0.00       1.00       1.00    
    10.0000     9.4261     5.3242     3.7993  0.380E-02  0.599E-02   0.00       0.00       1.00       1.00    
    10.0000     9.4666     5.3454     3.8146  0.380E-02  0.595E-02   0.00       0.00       1.00       1.00    
    10.0000     9.5077     5.3669     3.8301  0.380E-02  0.595E-02   0.00       0.00       1.00       1.00    
    10.0000     9.5487     5.3883     3.8455  0.379E-02  0.592E-02   0.00       0.00       1.00       1.00    
    10.0000     9.5890     5.4094     3.8607  0.379E-02  0.592E-02   0.00       0.00       1.00       1.00    
     0.0000     9.6296     5.4306     3.8760  0.377E-02  0.592E-02   0.00       0.00       1.00       1.00    
