MODEL.01
 
ISOTROPIC
KGS
SPHERICAL EARTH
1-D
CONSTANT VELOCITY
LINE08
LINE09
LINE10
LINE11
      H(KM)   VP(KM/S)   VS(KM/S) RHO(GM/CC)     QP         QS       ETAP       ETAS      FREFP      FREFS    
     2.0000     5.7188     3.3751     2.6591  0.118E-02  0.167E-02   0.00       0.00       1.00       1.00    
     2.0000     5.9807     3.5138     2.7125  0.118E-02  0.167E-02   0.00       0.00       1.00       1.00    
     2.0000     6.1222     3.5876     2.7434  0.118E-02  0.167E-02   0.00       0.00       1.00       1.00    
     2.0000     6.1659     3.6102     2.7532  0.118E-02  0.167E-02   0.00       0.00       1.00       1.00    
     2.0000     6.1116     3.5821     2.7410  0.118E-02  0.167E-02   0.00       0.00       1.00       1.00    
     2.0000     6.0707     3.5608     2.7320  0.118E-02  0.167E-02   0.00       0.00       1.00       1.00    
     2.0000     6.0424     3.5461     2.7258  0.118E-02  0.167E-02   0.00       0.00       1.00       1.00    
     2.0000     6.1021     3.5771     2.7389  0.118E-02  0.167E-02   0.00       0.00       1.00       1.00    
     2.0000     6.1952     3.6253     2.7599  0.118E-02  0.167E-02   0.00       0.00       1.00       1.00    
     2.0000     6.2079     3.6319     2.7628  0.118E-02  0.167E-02   0.00       0.00       1.00       1.00    
     2.0000     6.2561     3.6567     2.7740  0.118E-02  0.167E-02   0.00       0.00       1.00       1.00    
     2.0000     6.2287     3.6426     2.7676  0.118E-02  0.167E-02   0.00       0.00       1.00       1.00    
     2.0000     6.2500     3.6535     2.7726  0.118E-02  0.167E-02   0.00       0.00       1.00       1.00    
     2.0000     6.3517     3.7057     2.7966  0.118E-02  0.167E-02   0.00       0.00       1.00       1.00    
     2.0000     6.8617     3.9641     2.9288  0.118E-02  0.167E-02   0.00       0.00       1.00       1.00    
     2.0000     7.5429     4.3104     3.1351  0.118E-02  0.167E-02   0.00       0.00       1.00       1.00    
     2.0000     7.7966     4.4432     3.2200  0.118E-02  0.167E-02   0.00       0.00       1.00       1.00    
     2.0000     7.8604     4.4772     3.2420  0.118E-02  0.167E-02   0.00       0.00       1.00       1.00    
     2.0000     7.8803     4.4879     3.2489  0.118E-02  0.167E-02   0.00       0.00       1.00       1.00    
     2.0000     7.7847     4.4369     3.2159  0.118E-02  0.167E-02   0.00       0.00       1.00       1.00    
     2.0000     7.5761     4.3276     3.1460  0.118E-02  0.167E-02   0.00       0.00       1.00       1.00    
     2.0000     7.5442     4.3111     3.1355  0.118E-02  0.167E-02   0.00       0.00       1.00       1.00    
     2.0000     7.6679     4.3754     3.1764  0.118E-02  0.167E-02   0.00       0.00       1.00       1.00    
     2.0000     7.7570     4.4223     3.2065  0.118E-02  0.167E-02   0.00       0.00       1.00       1.00    
     2.0000     7.7512     4.4192     3.2045  0.118E-02  0.167E-02   0.00       0.00       1.00       1.00    
     5.0000     7.7192     4.4023     3.1936  0.118E-02  0.167E-02   0.00       0.00       1.00       1.00    
     5.0000     7.7483     4.4177     3.2035  0.118E-02  0.167E-02   0.00       0.00       1.00       1.00    
     5.0000     7.7504     4.4188     3.2042  0.118E-02  0.167E-02   0.00       0.00       1.00       1.00    
     5.0000     7.6928     4.3885     3.1848  0.118E-02  0.167E-02   0.00       0.00       1.00       1.00    
     5.0000     7.6287     4.3550     3.1633  0.118E-02  0.167E-02   0.00       0.00       1.00       1.00    
     5.0000     7.6088     4.3447     3.1568  0.118E-02  0.167E-02   0.00       0.00       1.00       1.00    
     5.0000     7.6312     4.3563     3.1642  0.118E-02  0.167E-02   0.00       0.00       1.00       1.00    
     5.0000     7.6458     4.3639     3.1690  0.118E-02  0.167E-02   0.00       0.00       1.00       1.00    
     5.0000     7.6473     4.3647     3.1695  0.118E-02  0.167E-02   0.00       0.00       1.00       1.00    
     5.0000     7.6565     4.3695     3.1726  0.118E-02  0.167E-02   0.00       0.00       1.00       1.00    
    10.0000     7.6660     4.3744     3.1758  0.118E-02  0.167E-02   0.00       0.00       1.00       1.00    
    10.0000     7.6801     4.3818     3.1805  0.118E-02  0.167E-02   0.00       0.00       1.00       1.00    
    10.0000     7.6926     4.3884     3.1847  0.862E-02  0.131E-01   0.00       0.00       1.00       1.00    
    10.0000     7.7012     4.3929     3.1876  0.862E-02  0.131E-01   0.00       0.00       1.00       1.00    
    10.0000     7.7066     4.3957     3.1894  0.855E-02  0.131E-01   0.00       0.00       1.00       1.00    
    10.0000     7.7237     4.4047     3.1952  0.847E-02  0.131E-01   0.00       0.00       1.00       1.00    
    10.0000     7.7424     4.4145     3.2015  0.847E-02  0.131E-01   0.00       0.00       1.00       1.00    
    10.0000     7.7565     4.4220     3.2063  0.833E-02  0.130E-01   0.00       0.00       1.00       1.00    
    10.0000     7.7723     4.4303     3.2117  0.826E-02  0.129E-01   0.00       0.00       1.00       1.00    
    10.0000     7.7890     4.4392     3.2174  0.813E-02  0.128E-01   0.00       0.00       1.00       1.00    
    10.0000     7.8051     4.4478     3.2229  0.806E-02  0.126E-01   0.00       0.00       1.00       1.00    
    10.0000     7.8362     4.4642     3.2336  0.474E-02  0.746E-02   0.00       0.00       1.00       1.00    
    10.0000     7.8811     4.4883     3.2492  0.472E-02  0.741E-02   0.00       0.00       1.00       1.00    
    10.0000     7.9254     4.5121     3.2647  0.469E-02  0.741E-02   0.00       0.00       1.00       1.00    
    10.0000     7.9681     4.5352     3.2797  0.467E-02  0.735E-02   0.00       0.00       1.00       1.00    
    10.0000     8.0107     4.5584     3.2948  0.465E-02  0.735E-02   0.00       0.00       1.00       1.00    
    10.0000     8.0511     4.5807     3.3093  0.463E-02  0.730E-02   0.00       0.00       1.00       1.00    
    10.0000     8.0910     4.6027     3.3236  0.461E-02  0.730E-02   0.00       0.00       1.00       1.00    
    10.0000     8.1287     4.6237     3.3372  0.459E-02  0.725E-02   0.00       0.00       1.00       1.00    
    10.0000     8.1669     4.6451     3.3511  0.455E-02  0.725E-02   0.00       0.00       1.00       1.00    
    10.0000     8.2034     4.6658     3.3645  0.452E-02  0.719E-02   0.00       0.00       1.00       1.00    
    10.0000     8.2398     4.6865     3.3779  0.450E-02  0.714E-02   0.00       0.00       1.00       1.00    
    10.0000     8.2750     4.7068     3.3909  0.448E-02  0.714E-02   0.00       0.00       1.00       1.00    
    10.0000     8.3099     4.7270     3.4039  0.446E-02  0.709E-02   0.00       0.00       1.00       1.00    
    10.0000     8.3439     4.7469     3.4166  0.442E-02  0.704E-02   0.00       0.00       1.00       1.00    
    10.0000     8.3773     4.7666     3.4292  0.441E-02  0.704E-02   0.00       0.00       1.00       1.00    
    10.0000     8.4099     4.7860     3.4415  0.439E-02  0.699E-02   0.00       0.00       1.00       1.00    
    10.0000     8.4424     4.8056     3.4538  0.435E-02  0.694E-02   0.00       0.00       1.00       1.00    
    10.0000     8.4739     4.8248     3.4658  0.433E-02  0.690E-02   0.00       0.00       1.00       1.00    
    10.0000     8.5080     4.8442     3.4530  0.431E-02  0.690E-02   0.00       0.00       1.00       1.00    
    10.0000     8.5411     4.8615     3.4655  0.427E-02  0.685E-02   0.00       0.00       1.00       1.00    
    10.0000     8.9802     5.0911     3.6311  0.388E-02  0.613E-02   0.00       0.00       1.00       1.00    
    10.0000     9.0208     5.1123     3.6464  0.388E-02  0.613E-02   0.00       0.00       1.00       1.00    
    10.0000     9.0615     5.1336     3.6618  0.386E-02  0.610E-02   0.00       0.00       1.00       1.00    
    10.0000     9.1017     5.1546     3.6769  0.386E-02  0.610E-02   0.00       0.00       1.00       1.00    
    10.0000     9.1422     5.1758     3.6922  0.385E-02  0.606E-02   0.00       0.00       1.00       1.00    
    10.0000     9.1828     5.1970     3.7075  0.385E-02  0.606E-02   0.00       0.00       1.00       1.00    
    10.0000     9.2231     5.2181     3.7227  0.383E-02  0.606E-02   0.00       0.00       1.00       1.00    
    10.0000     9.2639     5.2394     3.7381  0.383E-02  0.602E-02   0.00       0.00       1.00       1.00    
    10.0000     9.3040     5.2604     3.7532  0.383E-02  0.602E-02   0.00       0.00       1.00       1.00    
    10.0000     9.3446     5.2816     3.7685  0.382E-02  0.599E-02   0.00       0.00       1.00       1.00    
    10.0000     9.3853     5.3029     3.7839  0.382E-02  0.599E-02   0.00       0.00       1.00       1.00    
    10.0000     9.4261     5.3242     3.7993  0.380E-02  0.599E-02   0.00       0.00       1.00       1.00    
    10.0000     9.4666     5.3454     3.8146  0.380E-02  0.595E-02   0.00       0.00       1.00       1.00    
    10.0000     9.5077     5.3669     3.8301  0.380E-02  0.595E-02   0.00       0.00       1.00       1.00    
    10.0000     9.5487     5.3883     3.8455  0.379E-02  0.592E-02   0.00       0.00       1.00       1.00    
    10.0000     9.5890     5.4094     3.8607  0.379E-02  0.592E-02   0.00       0.00       1.00       1.00    
     0.0000     9.6296     5.4306     3.8760  0.377E-02  0.592E-02   0.00       0.00       1.00       1.00    
