MODEL.01
 
ISOTROPIC
KGS
SPHERICAL EARTH
1-D
CONSTANT VELOCITY
LINE08
LINE09
LINE10
LINE11
      H(KM)   VP(KM/S)   VS(KM/S) RHO(GM/CC)     QP         QS       ETAP       ETAS      FREFP      FREFS    
     2.0000     5.4269     3.2158     2.6050  0.118E-02  0.167E-02   0.00       0.00       1.00       1.00    
     2.0000     6.0730     3.5620     2.7325  0.118E-02  0.167E-02   0.00       0.00       1.00       1.00    
     2.0000     6.3077     3.6831     2.7861  0.118E-02  0.167E-02   0.00       0.00       1.00       1.00    
     2.0000     6.2599     3.6586     2.7748  0.118E-02  0.167E-02   0.00       0.00       1.00       1.00    
     2.0000     6.0525     3.5514     2.7280  0.118E-02  0.167E-02   0.00       0.00       1.00       1.00    
     2.0000     6.0001     3.5240     2.7167  0.118E-02  0.167E-02   0.00       0.00       1.00       1.00    
     2.0000     5.9527     3.4992     2.7066  0.118E-02  0.167E-02   0.00       0.00       1.00       1.00    
     2.0000     6.0556     3.5530     2.7287  0.118E-02  0.167E-02   0.00       0.00       1.00       1.00    
     2.0000     6.1835     3.6193     2.7572  0.118E-02  0.167E-02   0.00       0.00       1.00       1.00    
     2.0000     6.1890     3.6221     2.7585  0.118E-02  0.167E-02   0.00       0.00       1.00       1.00    
     2.0000     6.2621     3.6597     2.7754  0.118E-02  0.167E-02   0.00       0.00       1.00       1.00    
     2.0000     6.3449     3.7022     2.7950  0.118E-02  0.167E-02   0.00       0.00       1.00       1.00    
     2.0000     6.3989     3.7297     2.8080  0.118E-02  0.167E-02   0.00       0.00       1.00       1.00    
     2.0000     6.2952     3.6767     2.7831  0.118E-02  0.167E-02   0.00       0.00       1.00       1.00    
     2.0000     6.9360     4.0016     2.9497  0.118E-02  0.167E-02   0.00       0.00       1.00       1.00    
     2.0000     7.7499     4.4185     3.2041  0.118E-02  0.167E-02   0.00       0.00       1.00       1.00    
     2.0000     7.8769     4.4860     3.2477  0.118E-02  0.167E-02   0.00       0.00       1.00       1.00    
     2.0000     7.8648     4.4796     3.2435  0.118E-02  0.167E-02   0.00       0.00       1.00       1.00    
     2.0000     7.8804     4.4879     3.2489  0.118E-02  0.167E-02   0.00       0.00       1.00       1.00    
     2.0000     7.8712     4.4830     3.2458  0.118E-02  0.167E-02   0.00       0.00       1.00       1.00    
     2.0000     7.5761     4.3277     3.1460  0.118E-02  0.167E-02   0.00       0.00       1.00       1.00    
     2.0000     7.5929     4.3364     3.1515  0.118E-02  0.167E-02   0.00       0.00       1.00       1.00    
     2.0000     7.7445     4.4157     3.2022  0.118E-02  0.167E-02   0.00       0.00       1.00       1.00    
     2.0000     7.7986     4.4443     3.2207  0.118E-02  0.167E-02   0.00       0.00       1.00       1.00    
     2.0000     7.7433     4.4150     3.2018  0.118E-02  0.167E-02   0.00       0.00       1.00       1.00    
     5.0000     7.7097     4.3974     3.1905  0.118E-02  0.167E-02   0.00       0.00       1.00       1.00    
     5.0000     7.7526     4.4200     3.2050  0.118E-02  0.167E-02   0.00       0.00       1.00       1.00    
     5.0000     7.8016     4.4459     3.2217  0.118E-02  0.167E-02   0.00       0.00       1.00       1.00    
     5.0000     7.7229     4.4043     3.1949  0.118E-02  0.167E-02   0.00       0.00       1.00       1.00    
     5.0000     7.5698     4.3244     3.1439  0.118E-02  0.167E-02   0.00       0.00       1.00       1.00    
     5.0000     7.5143     4.2957     3.1258  0.118E-02  0.167E-02   0.00       0.00       1.00       1.00    
     5.0000     7.5645     4.3216     3.1422  0.118E-02  0.167E-02   0.00       0.00       1.00       1.00    
     5.0000     7.5944     4.3372     3.1520  0.118E-02  0.167E-02   0.00       0.00       1.00       1.00    
     5.0000     7.5970     4.3385     3.1528  0.118E-02  0.167E-02   0.00       0.00       1.00       1.00    
     5.0000     7.6058     4.3431     3.1558  0.118E-02  0.167E-02   0.00       0.00       1.00       1.00    
    10.0000     7.6164     4.3486     3.1593  0.118E-02  0.167E-02   0.00       0.00       1.00       1.00    
    10.0000     7.6360     4.3588     3.1658  0.118E-02  0.167E-02   0.00       0.00       1.00       1.00    
    10.0000     7.6546     4.3685     3.1720  0.862E-02  0.131E-01   0.00       0.00       1.00       1.00    
    10.0000     7.6731     4.3781     3.1781  0.862E-02  0.131E-01   0.00       0.00       1.00       1.00    
    10.0000     7.6890     4.3865     3.1835  0.855E-02  0.131E-01   0.00       0.00       1.00       1.00    
    10.0000     7.7232     4.4045     3.1950  0.847E-02  0.131E-01   0.00       0.00       1.00       1.00    
    10.0000     7.7584     4.4230     3.2070  0.847E-02  0.131E-01   0.00       0.00       1.00       1.00    
    10.0000     7.7853     4.4372     3.2161  0.833E-02  0.130E-01   0.00       0.00       1.00       1.00    
    10.0000     7.8130     4.4519     3.2256  0.826E-02  0.129E-01   0.00       0.00       1.00       1.00    
    10.0000     7.8437     4.4683     3.2362  0.813E-02  0.128E-01   0.00       0.00       1.00       1.00    
    10.0000     7.8723     4.4836     3.2461  0.806E-02  0.126E-01   0.00       0.00       1.00       1.00    
    10.0000     7.9134     4.5057     3.2605  0.474E-02  0.746E-02   0.00       0.00       1.00       1.00    
    10.0000     7.9661     4.5342     3.2790  0.472E-02  0.741E-02   0.00       0.00       1.00       1.00    
    10.0000     8.0161     4.5614     3.2967  0.469E-02  0.741E-02   0.00       0.00       1.00       1.00    
    10.0000     8.0623     4.5868     3.3133  0.467E-02  0.735E-02   0.00       0.00       1.00       1.00    
    10.0000     8.1068     4.6115     3.3293  0.465E-02  0.735E-02   0.00       0.00       1.00       1.00    
    10.0000     8.1482     4.6346     3.3443  0.463E-02  0.730E-02   0.00       0.00       1.00       1.00    
    10.0000     8.1871     4.6565     3.3585  0.461E-02  0.730E-02   0.00       0.00       1.00       1.00    
    10.0000     8.2220     4.6764     3.3713  0.459E-02  0.725E-02   0.00       0.00       1.00       1.00    
    10.0000     8.2562     4.6960     3.3840  0.455E-02  0.725E-02   0.00       0.00       1.00       1.00    
    10.0000     8.2879     4.7142     3.3957  0.452E-02  0.719E-02   0.00       0.00       1.00       1.00    
    10.0000     8.3179     4.7317     3.4069  0.450E-02  0.714E-02   0.00       0.00       1.00       1.00    
    10.0000     8.3464     4.7484     3.4176  0.448E-02  0.714E-02   0.00       0.00       1.00       1.00    
    10.0000     8.3732     4.7642     3.4276  0.446E-02  0.709E-02   0.00       0.00       1.00       1.00    
    10.0000     8.3983     4.7791     3.4371  0.442E-02  0.704E-02   0.00       0.00       1.00       1.00    
    10.0000     8.4219     4.7932     3.4460  0.441E-02  0.704E-02   0.00       0.00       1.00       1.00    
    10.0000     8.4437     4.8064     3.4543  0.439E-02  0.699E-02   0.00       0.00       1.00       1.00    
    10.0000     8.4651     4.8194     3.4624  0.435E-02  0.694E-02   0.00       0.00       1.00       1.00    
    10.0000     8.4858     4.8321     3.4703  0.433E-02  0.690E-02   0.00       0.00       1.00       1.00    
    10.0000     8.5080     4.8442     3.4530  0.431E-02  0.690E-02   0.00       0.00       1.00       1.00    
    10.0000     8.5411     4.8615     3.4655  0.427E-02  0.685E-02   0.00       0.00       1.00       1.00    
    10.0000     8.9802     5.0911     3.6311  0.388E-02  0.613E-02   0.00       0.00       1.00       1.00    
    10.0000     9.0208     5.1123     3.6464  0.388E-02  0.613E-02   0.00       0.00       1.00       1.00    
    10.0000     9.0615     5.1336     3.6618  0.386E-02  0.610E-02   0.00       0.00       1.00       1.00    
    10.0000     9.1017     5.1546     3.6769  0.386E-02  0.610E-02   0.00       0.00       1.00       1.00    
    10.0000     9.1422     5.1758     3.6922  0.385E-02  0.606E-02   0.00       0.00       1.00       1.00    
    10.0000     9.1828     5.1970     3.7075  0.385E-02  0.606E-02   0.00       0.00       1.00       1.00    
    10.0000     9.2231     5.2181     3.7227  0.383E-02  0.606E-02   0.00       0.00       1.00       1.00    
    10.0000     9.2639     5.2394     3.7381  0.383E-02  0.602E-02   0.00       0.00       1.00       1.00    
    10.0000     9.3040     5.2604     3.7532  0.383E-02  0.602E-02   0.00       0.00       1.00       1.00    
    10.0000     9.3446     5.2816     3.7685  0.382E-02  0.599E-02   0.00       0.00       1.00       1.00    
    10.0000     9.3853     5.3029     3.7839  0.382E-02  0.599E-02   0.00       0.00       1.00       1.00    
    10.0000     9.4261     5.3242     3.7993  0.380E-02  0.599E-02   0.00       0.00       1.00       1.00    
    10.0000     9.4666     5.3454     3.8146  0.380E-02  0.595E-02   0.00       0.00       1.00       1.00    
    10.0000     9.5077     5.3669     3.8301  0.380E-02  0.595E-02   0.00       0.00       1.00       1.00    
    10.0000     9.5487     5.3883     3.8455  0.379E-02  0.592E-02   0.00       0.00       1.00       1.00    
    10.0000     9.5890     5.4094     3.8607  0.379E-02  0.592E-02   0.00       0.00       1.00       1.00    
     0.0000     9.6296     5.4306     3.8760  0.377E-02  0.592E-02   0.00       0.00       1.00       1.00    
