MODEL.01
 
ISOTROPIC
KGS
SPHERICAL EARTH
1-D
CONSTANT VELOCITY
LINE08
LINE09
LINE10
LINE11
      H(KM)   VP(KM/S)   VS(KM/S) RHO(GM/CC)     QP         QS       ETAP       ETAS      FREFP      FREFS    
     2.0000     5.4439     3.2253     2.6080  0.118E-02  0.167E-02   0.00       0.00       1.00       1.00    
     2.0000     6.0612     3.5559     2.7299  0.118E-02  0.167E-02   0.00       0.00       1.00       1.00    
     2.0000     6.2952     3.6767     2.7831  0.118E-02  0.167E-02   0.00       0.00       1.00       1.00    
     2.0000     6.2600     3.6587     2.7749  0.118E-02  0.167E-02   0.00       0.00       1.00       1.00    
     2.0000     6.0646     3.5576     2.7307  0.118E-02  0.167E-02   0.00       0.00       1.00       1.00    
     2.0000     6.0093     3.5288     2.7186  0.118E-02  0.167E-02   0.00       0.00       1.00       1.00    
     2.0000     5.9551     3.5005     2.7071  0.118E-02  0.167E-02   0.00       0.00       1.00       1.00    
     2.0000     6.0544     3.5523     2.7284  0.118E-02  0.167E-02   0.00       0.00       1.00       1.00    
     2.0000     6.1812     3.6181     2.7567  0.118E-02  0.167E-02   0.00       0.00       1.00       1.00    
     2.0000     6.1859     3.6205     2.7578  0.118E-02  0.167E-02   0.00       0.00       1.00       1.00    
     2.0000     6.2608     3.6591     2.7751  0.118E-02  0.167E-02   0.00       0.00       1.00       1.00    
     2.0000     6.3332     3.6962     2.7922  0.118E-02  0.167E-02   0.00       0.00       1.00       1.00    
     2.0000     6.3861     3.7232     2.8049  0.118E-02  0.167E-02   0.00       0.00       1.00       1.00    
     2.0000     6.2973     3.6778     2.7836  0.118E-02  0.167E-02   0.00       0.00       1.00       1.00    
     2.0000     6.9323     3.9998     2.9487  0.118E-02  0.167E-02   0.00       0.00       1.00       1.00    
     2.0000     7.7365     4.4115     3.1995  0.118E-02  0.167E-02   0.00       0.00       1.00       1.00    
     2.0000     7.8707     4.4827     3.2456  0.118E-02  0.167E-02   0.00       0.00       1.00       1.00    
     2.0000     7.8655     4.4799     3.2438  0.118E-02  0.167E-02   0.00       0.00       1.00       1.00    
     2.0000     7.8864     4.4911     3.2511  0.118E-02  0.167E-02   0.00       0.00       1.00       1.00    
     2.0000     7.8688     4.4817     3.2449  0.118E-02  0.167E-02   0.00       0.00       1.00       1.00    
     2.0000     7.5792     4.3293     3.1470  0.118E-02  0.167E-02   0.00       0.00       1.00       1.00    
     2.0000     7.5920     4.3359     3.1512  0.118E-02  0.167E-02   0.00       0.00       1.00       1.00    
     2.0000     7.7459     4.4164     3.2027  0.118E-02  0.167E-02   0.00       0.00       1.00       1.00    
     2.0000     7.8049     4.4476     3.2228  0.118E-02  0.167E-02   0.00       0.00       1.00       1.00    
     2.0000     7.7515     4.4194     3.2046  0.118E-02  0.167E-02   0.00       0.00       1.00       1.00    
     5.0000     7.7136     4.3994     3.1918  0.118E-02  0.167E-02   0.00       0.00       1.00       1.00    
     5.0000     7.7553     4.4214     3.2059  0.118E-02  0.167E-02   0.00       0.00       1.00       1.00    
     5.0000     7.7982     4.4441     3.2206  0.118E-02  0.167E-02   0.00       0.00       1.00       1.00    
     5.0000     7.7188     4.4021     3.1935  0.118E-02  0.167E-02   0.00       0.00       1.00       1.00    
     5.0000     7.5727     4.3259     3.1449  0.118E-02  0.167E-02   0.00       0.00       1.00       1.00    
     5.0000     7.5211     4.2992     3.1280  0.118E-02  0.167E-02   0.00       0.00       1.00       1.00    
     5.0000     7.5690     4.3240     3.1436  0.118E-02  0.167E-02   0.00       0.00       1.00       1.00    
     5.0000     7.5979     4.3389     3.1531  0.118E-02  0.167E-02   0.00       0.00       1.00       1.00    
     5.0000     7.6002     4.3402     3.1539  0.118E-02  0.167E-02   0.00       0.00       1.00       1.00    
     5.0000     7.6090     4.3448     3.1568  0.118E-02  0.167E-02   0.00       0.00       1.00       1.00    
    10.0000     7.6196     4.3503     3.1603  0.118E-02  0.167E-02   0.00       0.00       1.00       1.00    
    10.0000     7.6388     4.3603     3.1667  0.118E-02  0.167E-02   0.00       0.00       1.00       1.00    
    10.0000     7.6569     4.3697     3.1727  0.862E-02  0.131E-01   0.00       0.00       1.00       1.00    
    10.0000     7.6746     4.3789     3.1786  0.862E-02  0.131E-01   0.00       0.00       1.00       1.00    
    10.0000     7.6894     4.3867     3.1836  0.855E-02  0.131E-01   0.00       0.00       1.00       1.00    
    10.0000     7.7224     4.4040     3.1947  0.847E-02  0.131E-01   0.00       0.00       1.00       1.00    
    10.0000     7.7561     4.4218     3.2062  0.847E-02  0.131E-01   0.00       0.00       1.00       1.00    
    10.0000     7.7819     4.4354     3.2150  0.833E-02  0.130E-01   0.00       0.00       1.00       1.00    
    10.0000     7.8085     4.4495     3.2241  0.826E-02  0.129E-01   0.00       0.00       1.00       1.00    
    10.0000     7.8377     4.4651     3.2342  0.813E-02  0.128E-01   0.00       0.00       1.00       1.00    
    10.0000     7.8653     4.4798     3.2437  0.806E-02  0.126E-01   0.00       0.00       1.00       1.00    
    10.0000     7.9053     4.5013     3.2576  0.474E-02  0.746E-02   0.00       0.00       1.00       1.00    
    10.0000     7.9574     4.5294     3.2759  0.472E-02  0.741E-02   0.00       0.00       1.00       1.00    
    10.0000     8.0067     4.5563     3.2934  0.469E-02  0.741E-02   0.00       0.00       1.00       1.00    
    10.0000     8.0527     4.5815     3.3098  0.467E-02  0.735E-02   0.00       0.00       1.00       1.00    
    10.0000     8.0971     4.6061     3.3258  0.465E-02  0.735E-02   0.00       0.00       1.00       1.00    
    10.0000     8.1384     4.6291     3.3407  0.463E-02  0.730E-02   0.00       0.00       1.00       1.00    
    10.0000     8.1773     4.6510     3.3549  0.461E-02  0.730E-02   0.00       0.00       1.00       1.00    
    10.0000     8.2127     4.6710     3.3679  0.459E-02  0.725E-02   0.00       0.00       1.00       1.00    
    10.0000     8.2473     4.6908     3.3807  0.455E-02  0.725E-02   0.00       0.00       1.00       1.00    
    10.0000     8.2794     4.7093     3.3925  0.452E-02  0.719E-02   0.00       0.00       1.00       1.00    
    10.0000     8.3101     4.7271     3.4040  0.450E-02  0.714E-02   0.00       0.00       1.00       1.00    
    10.0000     8.3392     4.7442     3.4149  0.448E-02  0.714E-02   0.00       0.00       1.00       1.00    
    10.0000     8.3668     4.7604     3.4252  0.446E-02  0.709E-02   0.00       0.00       1.00       1.00    
    10.0000     8.3928     4.7759     3.4350  0.442E-02  0.704E-02   0.00       0.00       1.00       1.00    
    10.0000     8.4173     4.7905     3.4443  0.441E-02  0.704E-02   0.00       0.00       1.00       1.00    
    10.0000     8.4403     4.8044     3.4530  0.439E-02  0.699E-02   0.00       0.00       1.00       1.00    
    10.0000     8.4628     4.8180     3.4616  0.435E-02  0.694E-02   0.00       0.00       1.00       1.00    
    10.0000     8.4845     4.8313     3.4698  0.433E-02  0.690E-02   0.00       0.00       1.00       1.00    
    10.0000     8.5080     4.8442     3.4530  0.431E-02  0.690E-02   0.00       0.00       1.00       1.00    
    10.0000     8.5411     4.8615     3.4655  0.427E-02  0.685E-02   0.00       0.00       1.00       1.00    
    10.0000     8.9802     5.0911     3.6311  0.388E-02  0.613E-02   0.00       0.00       1.00       1.00    
    10.0000     9.0208     5.1123     3.6464  0.388E-02  0.613E-02   0.00       0.00       1.00       1.00    
    10.0000     9.0615     5.1336     3.6618  0.386E-02  0.610E-02   0.00       0.00       1.00       1.00    
    10.0000     9.1017     5.1546     3.6769  0.386E-02  0.610E-02   0.00       0.00       1.00       1.00    
    10.0000     9.1422     5.1758     3.6922  0.385E-02  0.606E-02   0.00       0.00       1.00       1.00    
    10.0000     9.1828     5.1970     3.7075  0.385E-02  0.606E-02   0.00       0.00       1.00       1.00    
    10.0000     9.2231     5.2181     3.7227  0.383E-02  0.606E-02   0.00       0.00       1.00       1.00    
    10.0000     9.2639     5.2394     3.7381  0.383E-02  0.602E-02   0.00       0.00       1.00       1.00    
    10.0000     9.3040     5.2604     3.7532  0.383E-02  0.602E-02   0.00       0.00       1.00       1.00    
    10.0000     9.3446     5.2816     3.7685  0.382E-02  0.599E-02   0.00       0.00       1.00       1.00    
    10.0000     9.3853     5.3029     3.7839  0.382E-02  0.599E-02   0.00       0.00       1.00       1.00    
    10.0000     9.4261     5.3242     3.7993  0.380E-02  0.599E-02   0.00       0.00       1.00       1.00    
    10.0000     9.4666     5.3454     3.8146  0.380E-02  0.595E-02   0.00       0.00       1.00       1.00    
    10.0000     9.5077     5.3669     3.8301  0.380E-02  0.595E-02   0.00       0.00       1.00       1.00    
    10.0000     9.5487     5.3883     3.8455  0.379E-02  0.592E-02   0.00       0.00       1.00       1.00    
    10.0000     9.5890     5.4094     3.8607  0.379E-02  0.592E-02   0.00       0.00       1.00       1.00    
     0.0000     9.6296     5.4306     3.8760  0.377E-02  0.592E-02   0.00       0.00       1.00       1.00    
