MODEL.01
 
ISOTROPIC
KGS
SPHERICAL EARTH
1-D
CONSTANT VELOCITY
LINE08
LINE09
LINE10
LINE11
      H(KM)   VP(KM/S)   VS(KM/S) RHO(GM/CC)     QP         QS       ETAP       ETAS      FREFP      FREFS    
     2.0000     5.6833     3.3560     2.6523  0.118E-02  0.167E-02   0.00       0.00       1.00       1.00    
     2.0000     5.9821     3.5146     2.7128  0.118E-02  0.167E-02   0.00       0.00       1.00       1.00    
     2.0000     6.1392     3.5964     2.7472  0.118E-02  0.167E-02   0.00       0.00       1.00       1.00    
     2.0000     6.1816     3.6183     2.7568  0.118E-02  0.167E-02   0.00       0.00       1.00       1.00    
     2.0000     6.1138     3.5832     2.7415  0.118E-02  0.167E-02   0.00       0.00       1.00       1.00    
     2.0000     6.0668     3.5588     2.7311  0.118E-02  0.167E-02   0.00       0.00       1.00       1.00    
     2.0000     6.0290     3.5391     2.7229  0.118E-02  0.167E-02   0.00       0.00       1.00       1.00    
     2.0000     6.0924     3.5721     2.7368  0.118E-02  0.167E-02   0.00       0.00       1.00       1.00    
     2.0000     6.1905     3.6229     2.7588  0.118E-02  0.167E-02   0.00       0.00       1.00       1.00    
     2.0000     6.2005     3.6280     2.7611  0.118E-02  0.167E-02   0.00       0.00       1.00       1.00    
     2.0000     6.2526     3.6549     2.7732  0.118E-02  0.167E-02   0.00       0.00       1.00       1.00    
     2.0000     6.2311     3.6438     2.7682  0.118E-02  0.167E-02   0.00       0.00       1.00       1.00    
     2.0000     6.2573     3.6573     2.7742  0.118E-02  0.167E-02   0.00       0.00       1.00       1.00    
     2.0000     6.3423     3.7009     2.7943  0.118E-02  0.167E-02   0.00       0.00       1.00       1.00    
     2.0000     6.8724     3.9695     2.9318  0.118E-02  0.167E-02   0.00       0.00       1.00       1.00    
     2.0000     7.5681     4.3235     3.1433  0.118E-02  0.167E-02   0.00       0.00       1.00       1.00    
     2.0000     7.8056     4.4480     3.2231  0.118E-02  0.167E-02   0.00       0.00       1.00       1.00    
     2.0000     7.8622     4.4782     3.2426  0.118E-02  0.167E-02   0.00       0.00       1.00       1.00    
     2.0000     7.8865     4.4912     3.2511  0.118E-02  0.167E-02   0.00       0.00       1.00       1.00    
     2.0000     7.7960     4.4429     3.2198  0.118E-02  0.167E-02   0.00       0.00       1.00       1.00    
     2.0000     7.5772     4.3282     3.1463  0.118E-02  0.167E-02   0.00       0.00       1.00       1.00    
     2.0000     7.5517     4.3150     3.1380  0.118E-02  0.167E-02   0.00       0.00       1.00       1.00    
     2.0000     7.6868     4.3854     3.1827  0.118E-02  0.167E-02   0.00       0.00       1.00       1.00    
     2.0000     7.7778     4.4333     3.2136  0.118E-02  0.167E-02   0.00       0.00       1.00       1.00    
     2.0000     7.7644     4.4262     3.2090  0.118E-02  0.167E-02   0.00       0.00       1.00       1.00    
     5.0000     7.7251     4.4055     3.1957  0.118E-02  0.167E-02   0.00       0.00       1.00       1.00    
     5.0000     7.7551     4.4213     3.2058  0.118E-02  0.167E-02   0.00       0.00       1.00       1.00    
     5.0000     7.7579     4.4227     3.2068  0.118E-02  0.167E-02   0.00       0.00       1.00       1.00    
     5.0000     7.6943     4.3893     3.1852  0.118E-02  0.167E-02   0.00       0.00       1.00       1.00    
     5.0000     7.6218     4.3514     3.1610  0.118E-02  0.167E-02   0.00       0.00       1.00       1.00    
     5.0000     7.5992     4.3396     3.1536  0.118E-02  0.167E-02   0.00       0.00       1.00       1.00    
     5.0000     7.6237     4.3524     3.1617  0.118E-02  0.167E-02   0.00       0.00       1.00       1.00    
     5.0000     7.6396     4.3607     3.1670  0.118E-02  0.167E-02   0.00       0.00       1.00       1.00    
     5.0000     7.6413     4.3615     3.1675  0.118E-02  0.167E-02   0.00       0.00       1.00       1.00    
     5.0000     7.6505     4.3663     3.1706  0.118E-02  0.167E-02   0.00       0.00       1.00       1.00    
    10.0000     7.6600     4.3713     3.1738  0.118E-02  0.167E-02   0.00       0.00       1.00       1.00    
    10.0000     7.6748     4.3791     3.1787  0.118E-02  0.167E-02   0.00       0.00       1.00       1.00    
    10.0000     7.6878     4.3859     3.1831  0.862E-02  0.131E-01   0.00       0.00       1.00       1.00    
    10.0000     7.6972     4.3908     3.1862  0.862E-02  0.131E-01   0.00       0.00       1.00       1.00    
    10.0000     7.7033     4.3940     3.1883  0.855E-02  0.131E-01   0.00       0.00       1.00       1.00    
    10.0000     7.7220     4.4038     3.1946  0.847E-02  0.131E-01   0.00       0.00       1.00       1.00    
    10.0000     7.7420     4.4144     3.2014  0.847E-02  0.131E-01   0.00       0.00       1.00       1.00    
    10.0000     7.7572     4.4224     3.2066  0.833E-02  0.130E-01   0.00       0.00       1.00       1.00    
    10.0000     7.7739     4.4312     3.2122  0.826E-02  0.129E-01   0.00       0.00       1.00       1.00    
    10.0000     7.7918     4.4407     3.2184  0.813E-02  0.128E-01   0.00       0.00       1.00       1.00    
    10.0000     7.8090     4.4498     3.2243  0.806E-02  0.126E-01   0.00       0.00       1.00       1.00    
    10.0000     7.8406     4.4666     3.2352  0.474E-02  0.746E-02   0.00       0.00       1.00       1.00    
    10.0000     7.8864     4.4911     3.2510  0.472E-02  0.741E-02   0.00       0.00       1.00       1.00    
    10.0000     7.9311     4.5152     3.2667  0.469E-02  0.741E-02   0.00       0.00       1.00       1.00    
    10.0000     7.9741     4.5385     3.2818  0.467E-02  0.735E-02   0.00       0.00       1.00       1.00    
    10.0000     8.0169     4.5618     3.2970  0.465E-02  0.735E-02   0.00       0.00       1.00       1.00    
    10.0000     8.0576     4.5842     3.3116  0.463E-02  0.730E-02   0.00       0.00       1.00       1.00    
    10.0000     8.0974     4.6062     3.3259  0.461E-02  0.730E-02   0.00       0.00       1.00       1.00    
    10.0000     8.1350     4.6272     3.3395  0.459E-02  0.725E-02   0.00       0.00       1.00       1.00    
    10.0000     8.1729     4.6485     3.3533  0.455E-02  0.725E-02   0.00       0.00       1.00       1.00    
    10.0000     8.2092     4.6690     3.3666  0.452E-02  0.719E-02   0.00       0.00       1.00       1.00    
    10.0000     8.2451     4.6895     3.3798  0.450E-02  0.714E-02   0.00       0.00       1.00       1.00    
    10.0000     8.2799     4.7096     3.3927  0.448E-02  0.714E-02   0.00       0.00       1.00       1.00    
    10.0000     8.3142     4.7295     3.4055  0.446E-02  0.709E-02   0.00       0.00       1.00       1.00    
    10.0000     8.3476     4.7491     3.4180  0.442E-02  0.704E-02   0.00       0.00       1.00       1.00    
    10.0000     8.3803     4.7684     3.4303  0.441E-02  0.704E-02   0.00       0.00       1.00       1.00    
    10.0000     8.4121     4.7874     3.4423  0.439E-02  0.699E-02   0.00       0.00       1.00       1.00    
    10.0000     8.4439     4.8066     3.4544  0.435E-02  0.694E-02   0.00       0.00       1.00       1.00    
    10.0000     8.4747     4.8253     3.4661  0.433E-02  0.690E-02   0.00       0.00       1.00       1.00    
    10.0000     8.5080     4.8442     3.4530  0.431E-02  0.690E-02   0.00       0.00       1.00       1.00    
    10.0000     8.5411     4.8615     3.4655  0.427E-02  0.685E-02   0.00       0.00       1.00       1.00    
    10.0000     8.9802     5.0911     3.6311  0.388E-02  0.613E-02   0.00       0.00       1.00       1.00    
    10.0000     9.0208     5.1123     3.6464  0.388E-02  0.613E-02   0.00       0.00       1.00       1.00    
    10.0000     9.0615     5.1336     3.6618  0.386E-02  0.610E-02   0.00       0.00       1.00       1.00    
    10.0000     9.1017     5.1546     3.6769  0.386E-02  0.610E-02   0.00       0.00       1.00       1.00    
    10.0000     9.1422     5.1758     3.6922  0.385E-02  0.606E-02   0.00       0.00       1.00       1.00    
    10.0000     9.1828     5.1970     3.7075  0.385E-02  0.606E-02   0.00       0.00       1.00       1.00    
    10.0000     9.2231     5.2181     3.7227  0.383E-02  0.606E-02   0.00       0.00       1.00       1.00    
    10.0000     9.2639     5.2394     3.7381  0.383E-02  0.602E-02   0.00       0.00       1.00       1.00    
    10.0000     9.3040     5.2604     3.7532  0.383E-02  0.602E-02   0.00       0.00       1.00       1.00    
    10.0000     9.3446     5.2816     3.7685  0.382E-02  0.599E-02   0.00       0.00       1.00       1.00    
    10.0000     9.3853     5.3029     3.7839  0.382E-02  0.599E-02   0.00       0.00       1.00       1.00    
    10.0000     9.4261     5.3242     3.7993  0.380E-02  0.599E-02   0.00       0.00       1.00       1.00    
    10.0000     9.4666     5.3454     3.8146  0.380E-02  0.595E-02   0.00       0.00       1.00       1.00    
    10.0000     9.5077     5.3669     3.8301  0.380E-02  0.595E-02   0.00       0.00       1.00       1.00    
    10.0000     9.5487     5.3883     3.8455  0.379E-02  0.592E-02   0.00       0.00       1.00       1.00    
    10.0000     9.5890     5.4094     3.8607  0.379E-02  0.592E-02   0.00       0.00       1.00       1.00    
     0.0000     9.6296     5.4306     3.8760  0.377E-02  0.592E-02   0.00       0.00       1.00       1.00    
