MODEL.01
 
ISOTROPIC
KGS
SPHERICAL EARTH
1-D
CONSTANT VELOCITY
LINE08
LINE09
LINE10
LINE11
      H(KM)   VP(KM/S)   VS(KM/S) RHO(GM/CC)     QP         QS       ETAP       ETAS      FREFP      FREFS    
     2.0000     5.4533     3.2305     2.6097  0.118E-02  0.167E-02   0.00       0.00       1.00       1.00    
     2.0000     6.0553     3.5528     2.7286  0.118E-02  0.167E-02   0.00       0.00       1.00       1.00    
     2.0000     6.2882     3.6732     2.7815  0.118E-02  0.167E-02   0.00       0.00       1.00       1.00    
     2.0000     6.2596     3.6585     2.7748  0.118E-02  0.167E-02   0.00       0.00       1.00       1.00    
     2.0000     6.0706     3.5608     2.7320  0.118E-02  0.167E-02   0.00       0.00       1.00       1.00    
     2.0000     6.0140     3.5313     2.7197  0.118E-02  0.167E-02   0.00       0.00       1.00       1.00    
     2.0000     5.9569     3.5014     2.7075  0.118E-02  0.167E-02   0.00       0.00       1.00       1.00    
     2.0000     6.0541     3.5522     2.7284  0.118E-02  0.167E-02   0.00       0.00       1.00       1.00    
     2.0000     6.1803     3.6176     2.7565  0.118E-02  0.167E-02   0.00       0.00       1.00       1.00    
     2.0000     6.1845     3.6198     2.7575  0.118E-02  0.167E-02   0.00       0.00       1.00       1.00    
     2.0000     6.2601     3.6587     2.7749  0.118E-02  0.167E-02   0.00       0.00       1.00       1.00    
     2.0000     6.3269     3.6930     2.7907  0.118E-02  0.167E-02   0.00       0.00       1.00       1.00    
     2.0000     6.3792     3.7197     2.8032  0.118E-02  0.167E-02   0.00       0.00       1.00       1.00    
     2.0000     6.2985     3.6784     2.7839  0.118E-02  0.167E-02   0.00       0.00       1.00       1.00    
     2.0000     6.9301     3.9987     2.9481  0.118E-02  0.167E-02   0.00       0.00       1.00       1.00    
     2.0000     7.7291     4.4076     3.1970  0.118E-02  0.167E-02   0.00       0.00       1.00       1.00    
     2.0000     7.8673     4.4809     3.2444  0.118E-02  0.167E-02   0.00       0.00       1.00       1.00    
     2.0000     7.8656     4.4800     3.2438  0.118E-02  0.167E-02   0.00       0.00       1.00       1.00    
     2.0000     7.8892     4.4926     3.2520  0.118E-02  0.167E-02   0.00       0.00       1.00       1.00    
     2.0000     7.8672     4.4808     3.2444  0.118E-02  0.167E-02   0.00       0.00       1.00       1.00    
     2.0000     7.5805     4.3299     3.1474  0.118E-02  0.167E-02   0.00       0.00       1.00       1.00    
     2.0000     7.5912     4.3355     3.1509  0.118E-02  0.167E-02   0.00       0.00       1.00       1.00    
     2.0000     7.7461     4.4165     3.2028  0.118E-02  0.167E-02   0.00       0.00       1.00       1.00    
     2.0000     7.8077     4.4491     3.2238  0.118E-02  0.167E-02   0.00       0.00       1.00       1.00    
     2.0000     7.7553     4.4214     3.2059  0.118E-02  0.167E-02   0.00       0.00       1.00       1.00    
     5.0000     7.7152     4.4003     3.1923  0.118E-02  0.167E-02   0.00       0.00       1.00       1.00    
     5.0000     7.7566     4.4220     3.2063  0.118E-02  0.167E-02   0.00       0.00       1.00       1.00    
     5.0000     7.7964     4.4431     3.2199  0.118E-02  0.167E-02   0.00       0.00       1.00       1.00    
     5.0000     7.7166     4.4010     3.1928  0.118E-02  0.167E-02   0.00       0.00       1.00       1.00    
     5.0000     7.5745     4.3268     3.1454  0.118E-02  0.167E-02   0.00       0.00       1.00       1.00    
     5.0000     7.5247     4.3011     3.1292  0.118E-02  0.167E-02   0.00       0.00       1.00       1.00    
     5.0000     7.5716     4.3253     3.1445  0.118E-02  0.167E-02   0.00       0.00       1.00       1.00    
     5.0000     7.5996     4.3399     3.1537  0.118E-02  0.167E-02   0.00       0.00       1.00       1.00    
     5.0000     7.6020     4.3411     3.1545  0.118E-02  0.167E-02   0.00       0.00       1.00       1.00    
     5.0000     7.6108     4.3457     3.1574  0.118E-02  0.167E-02   0.00       0.00       1.00       1.00    
    10.0000     7.6214     4.3512     3.1609  0.118E-02  0.167E-02   0.00       0.00       1.00       1.00    
    10.0000     7.6404     4.3611     3.1672  0.118E-02  0.167E-02   0.00       0.00       1.00       1.00    
    10.0000     7.6583     4.3704     3.1732  0.862E-02  0.131E-01   0.00       0.00       1.00       1.00    
    10.0000     7.6754     4.3794     3.1789  0.862E-02  0.131E-01   0.00       0.00       1.00       1.00    
    10.0000     7.6897     4.3869     3.1837  0.855E-02  0.131E-01   0.00       0.00       1.00       1.00    
    10.0000     7.7219     4.4038     3.1946  0.847E-02  0.131E-01   0.00       0.00       1.00       1.00    
    10.0000     7.7549     4.4212     3.2058  0.847E-02  0.131E-01   0.00       0.00       1.00       1.00    
    10.0000     7.7802     4.4345     3.2144  0.833E-02  0.130E-01   0.00       0.00       1.00       1.00    
    10.0000     7.8062     4.4483     3.2233  0.826E-02  0.129E-01   0.00       0.00       1.00       1.00    
    10.0000     7.8348     4.4635     3.2331  0.813E-02  0.128E-01   0.00       0.00       1.00       1.00    
    10.0000     7.8618     4.4779     3.2425  0.806E-02  0.126E-01   0.00       0.00       1.00       1.00    
    10.0000     7.9013     4.4991     3.2562  0.474E-02  0.746E-02   0.00       0.00       1.00       1.00    
    10.0000     7.9530     4.5270     3.2744  0.472E-02  0.741E-02   0.00       0.00       1.00       1.00    
    10.0000     8.0020     4.5537     3.2917  0.469E-02  0.741E-02   0.00       0.00       1.00       1.00    
    10.0000     8.0478     4.5788     3.3081  0.467E-02  0.735E-02   0.00       0.00       1.00       1.00    
    10.0000     8.0921     4.6033     3.3240  0.465E-02  0.735E-02   0.00       0.00       1.00       1.00    
    10.0000     8.1334     4.6263     3.3389  0.463E-02  0.730E-02   0.00       0.00       1.00       1.00    
    10.0000     8.1724     4.6482     3.3531  0.461E-02  0.730E-02   0.00       0.00       1.00       1.00    
    10.0000     8.2078     4.6683     3.3661  0.459E-02  0.725E-02   0.00       0.00       1.00       1.00    
    10.0000     8.2427     4.6882     3.3789  0.455E-02  0.725E-02   0.00       0.00       1.00       1.00    
    10.0000     8.2751     4.7068     3.3910  0.452E-02  0.719E-02   0.00       0.00       1.00       1.00    
    10.0000     8.3061     4.7248     3.4025  0.450E-02  0.714E-02   0.00       0.00       1.00       1.00    
    10.0000     8.3355     4.7420     3.4135  0.448E-02  0.714E-02   0.00       0.00       1.00       1.00    
    10.0000     8.3635     4.7585     3.4240  0.446E-02  0.709E-02   0.00       0.00       1.00       1.00    
    10.0000     8.3900     4.7742     3.4340  0.442E-02  0.704E-02   0.00       0.00       1.00       1.00    
    10.0000     8.4150     4.7891     3.4434  0.441E-02  0.704E-02   0.00       0.00       1.00       1.00    
    10.0000     8.4385     4.8033     3.4523  0.439E-02  0.699E-02   0.00       0.00       1.00       1.00    
    10.0000     8.4617     4.8173     3.4611  0.435E-02  0.694E-02   0.00       0.00       1.00       1.00    
    10.0000     8.4839     4.8309     3.4696  0.433E-02  0.690E-02   0.00       0.00       1.00       1.00    
    10.0000     8.5080     4.8442     3.4530  0.431E-02  0.690E-02   0.00       0.00       1.00       1.00    
    10.0000     8.5411     4.8615     3.4655  0.427E-02  0.685E-02   0.00       0.00       1.00       1.00    
    10.0000     8.9802     5.0911     3.6311  0.388E-02  0.613E-02   0.00       0.00       1.00       1.00    
    10.0000     9.0208     5.1123     3.6464  0.388E-02  0.613E-02   0.00       0.00       1.00       1.00    
    10.0000     9.0615     5.1336     3.6618  0.386E-02  0.610E-02   0.00       0.00       1.00       1.00    
    10.0000     9.1017     5.1546     3.6769  0.386E-02  0.610E-02   0.00       0.00       1.00       1.00    
    10.0000     9.1422     5.1758     3.6922  0.385E-02  0.606E-02   0.00       0.00       1.00       1.00    
    10.0000     9.1828     5.1970     3.7075  0.385E-02  0.606E-02   0.00       0.00       1.00       1.00    
    10.0000     9.2231     5.2181     3.7227  0.383E-02  0.606E-02   0.00       0.00       1.00       1.00    
    10.0000     9.2639     5.2394     3.7381  0.383E-02  0.602E-02   0.00       0.00       1.00       1.00    
    10.0000     9.3040     5.2604     3.7532  0.383E-02  0.602E-02   0.00       0.00       1.00       1.00    
    10.0000     9.3446     5.2816     3.7685  0.382E-02  0.599E-02   0.00       0.00       1.00       1.00    
    10.0000     9.3853     5.3029     3.7839  0.382E-02  0.599E-02   0.00       0.00       1.00       1.00    
    10.0000     9.4261     5.3242     3.7993  0.380E-02  0.599E-02   0.00       0.00       1.00       1.00    
    10.0000     9.4666     5.3454     3.8146  0.380E-02  0.595E-02   0.00       0.00       1.00       1.00    
    10.0000     9.5077     5.3669     3.8301  0.380E-02  0.595E-02   0.00       0.00       1.00       1.00    
    10.0000     9.5487     5.3883     3.8455  0.379E-02  0.592E-02   0.00       0.00       1.00       1.00    
    10.0000     9.5890     5.4094     3.8607  0.379E-02  0.592E-02   0.00       0.00       1.00       1.00    
     0.0000     9.6296     5.4306     3.8760  0.377E-02  0.592E-02   0.00       0.00       1.00       1.00    
