MODEL.01
 
ISOTROPIC
KGS
SPHERICAL EARTH
1-D
CONSTANT VELOCITY
LINE08
LINE09
LINE10
LINE11
      H(KM)   VP(KM/S)   VS(KM/S) RHO(GM/CC)     QP         QS       ETAP       ETAS      FREFP      FREFS    
     2.0000     5.5267     3.2709     2.6229  0.118E-02  0.167E-02   0.00       0.00       1.00       1.00    
     2.0000     6.0186     3.5337     2.7207  0.118E-02  0.167E-02   0.00       0.00       1.00       1.00    
     2.0000     6.2358     3.6462     2.7692  0.118E-02  0.167E-02   0.00       0.00       1.00       1.00    
     2.0000     6.2465     3.6517     2.7717  0.118E-02  0.167E-02   0.00       0.00       1.00       1.00    
     2.0000     6.1032     3.5777     2.7392  0.118E-02  0.167E-02   0.00       0.00       1.00       1.00    
     2.0000     6.0423     3.5460     2.7258  0.118E-02  0.167E-02   0.00       0.00       1.00       1.00    
     2.0000     5.9759     3.5114     2.7115  0.118E-02  0.167E-02   0.00       0.00       1.00       1.00    
     2.0000     6.0590     3.5547     2.7294  0.118E-02  0.167E-02   0.00       0.00       1.00       1.00    
     2.0000     6.1778     3.6164     2.7559  0.118E-02  0.167E-02   0.00       0.00       1.00       1.00    
     2.0000     6.1809     3.6180     2.7567  0.118E-02  0.167E-02   0.00       0.00       1.00       1.00    
     2.0000     6.2544     3.6558     2.7736  0.118E-02  0.167E-02   0.00       0.00       1.00       1.00    
     2.0000     6.2835     3.6707     2.7804  0.118E-02  0.167E-02   0.00       0.00       1.00       1.00    
     2.0000     6.3289     3.6940     2.7911  0.118E-02  0.167E-02   0.00       0.00       1.00       1.00    
     2.0000     6.3087     3.6836     2.7863  0.118E-02  0.167E-02   0.00       0.00       1.00       1.00    
     2.0000     6.9123     3.9896     2.9430  0.118E-02  0.167E-02   0.00       0.00       1.00       1.00    
     2.0000     7.6739     4.3786     3.1784  0.118E-02  0.167E-02   0.00       0.00       1.00       1.00    
     2.0000     7.8429     4.4678     3.2359  0.118E-02  0.167E-02   0.00       0.00       1.00       1.00    
     2.0000     7.8653     4.4798     3.2437  0.118E-02  0.167E-02   0.00       0.00       1.00       1.00    
     2.0000     7.8998     4.4983     3.2557  0.118E-02  0.167E-02   0.00       0.00       1.00       1.00    
     2.0000     7.8486     4.4709     3.2379  0.118E-02  0.167E-02   0.00       0.00       1.00       1.00    
     2.0000     7.5834     4.3314     3.1484  0.118E-02  0.167E-02   0.00       0.00       1.00       1.00    
     2.0000     7.5808     4.3301     3.1475  0.118E-02  0.167E-02   0.00       0.00       1.00       1.00    
     2.0000     7.7389     4.4127     3.2003  0.118E-02  0.167E-02   0.00       0.00       1.00       1.00    
     2.0000     7.8169     4.4540     3.2270  0.118E-02  0.167E-02   0.00       0.00       1.00       1.00    
     2.0000     7.7739     4.4312     3.2122  0.118E-02  0.167E-02   0.00       0.00       1.00       1.00    
     5.0000     7.7242     4.4050     3.1954  0.118E-02  0.167E-02   0.00       0.00       1.00       1.00    
     5.0000     7.7621     4.4249     3.2082  0.118E-02  0.167E-02   0.00       0.00       1.00       1.00    
     5.0000     7.7838     4.4364     3.2156  0.118E-02  0.167E-02   0.00       0.00       1.00       1.00    
     5.0000     7.7048     4.3948     3.1888  0.118E-02  0.167E-02   0.00       0.00       1.00       1.00    
     5.0000     7.5893     4.3345     3.1503  0.118E-02  0.167E-02   0.00       0.00       1.00       1.00    
     5.0000     7.5516     4.3150     3.1379  0.118E-02  0.167E-02   0.00       0.00       1.00       1.00    
     5.0000     7.5899     4.3348     3.1505  0.118E-02  0.167E-02   0.00       0.00       1.00       1.00    
     5.0000     7.6134     4.3470     3.1583  0.118E-02  0.167E-02   0.00       0.00       1.00       1.00    
     5.0000     7.6156     4.3482     3.1590  0.118E-02  0.167E-02   0.00       0.00       1.00       1.00    
     5.0000     7.6246     4.3528     3.1620  0.118E-02  0.167E-02   0.00       0.00       1.00       1.00    
    10.0000     7.6348     4.3582     3.1654  0.118E-02  0.167E-02   0.00       0.00       1.00       1.00    
    10.0000     7.6526     4.3674     3.1713  0.118E-02  0.167E-02   0.00       0.00       1.00       1.00    
    10.0000     7.6684     4.3757     3.1766  0.862E-02  0.131E-01   0.00       0.00       1.00       1.00    
    10.0000     7.6825     4.3831     3.1813  0.862E-02  0.131E-01   0.00       0.00       1.00       1.00    
    10.0000     7.6933     4.3888     3.1849  0.855E-02  0.131E-01   0.00       0.00       1.00       1.00    
    10.0000     7.7202     4.4029     3.1940  0.847E-02  0.131E-01   0.00       0.00       1.00       1.00    
    10.0000     7.7481     4.4176     3.2034  0.847E-02  0.131E-01   0.00       0.00       1.00       1.00    
    10.0000     7.7694     4.4288     3.2107  0.833E-02  0.130E-01   0.00       0.00       1.00       1.00    
    10.0000     7.7918     4.4407     3.2184  0.826E-02  0.129E-01   0.00       0.00       1.00       1.00    
    10.0000     7.8158     4.4534     3.2266  0.813E-02  0.128E-01   0.00       0.00       1.00       1.00    
    10.0000     7.8387     4.4656     3.2345  0.806E-02  0.126E-01   0.00       0.00       1.00       1.00    
    10.0000     7.8750     4.4850     3.2471  0.474E-02  0.746E-02   0.00       0.00       1.00       1.00    
    10.0000     7.9242     4.5115     3.2643  0.472E-02  0.741E-02   0.00       0.00       1.00       1.00    
    10.0000     7.9715     4.5371     3.2809  0.469E-02  0.741E-02   0.00       0.00       1.00       1.00    
    10.0000     8.0163     4.5615     3.2968  0.467E-02  0.735E-02   0.00       0.00       1.00       1.00    
    10.0000     8.0599     4.5855     3.3124  0.465E-02  0.735E-02   0.00       0.00       1.00       1.00    
    10.0000     8.1012     4.6083     3.3273  0.463E-02  0.730E-02   0.00       0.00       1.00       1.00    
    10.0000     8.1404     4.6302     3.3415  0.461E-02  0.730E-02   0.00       0.00       1.00       1.00    
    10.0000     8.1767     4.6507     3.3547  0.459E-02  0.725E-02   0.00       0.00       1.00       1.00    
    10.0000     8.2130     4.6712     3.3680  0.455E-02  0.725E-02   0.00       0.00       1.00       1.00    
    10.0000     8.2471     4.6907     3.3806  0.452E-02  0.719E-02   0.00       0.00       1.00       1.00    
    10.0000     8.2802     4.7098     3.3929  0.450E-02  0.714E-02   0.00       0.00       1.00       1.00    
    10.0000     8.3119     4.7282     3.4046  0.448E-02  0.714E-02   0.00       0.00       1.00       1.00    
    10.0000     8.3426     4.7461     3.4161  0.446E-02  0.709E-02   0.00       0.00       1.00       1.00    
    10.0000     8.3721     4.7635     3.4272  0.442E-02  0.704E-02   0.00       0.00       1.00       1.00    
    10.0000     8.4002     4.7803     3.4378  0.441E-02  0.704E-02   0.00       0.00       1.00       1.00    
    10.0000     8.4273     4.7965     3.4481  0.439E-02  0.699E-02   0.00       0.00       1.00       1.00    
    10.0000     8.4541     4.8127     3.4582  0.435E-02  0.694E-02   0.00       0.00       1.00       1.00    
    10.0000     8.4800     4.8285     3.4681  0.433E-02  0.690E-02   0.00       0.00       1.00       1.00    
    10.0000     8.5080     4.8442     3.4530  0.431E-02  0.690E-02   0.00       0.00       1.00       1.00    
    10.0000     8.5411     4.8615     3.4655  0.427E-02  0.685E-02   0.00       0.00       1.00       1.00    
    10.0000     8.9802     5.0911     3.6311  0.388E-02  0.613E-02   0.00       0.00       1.00       1.00    
    10.0000     9.0208     5.1123     3.6464  0.388E-02  0.613E-02   0.00       0.00       1.00       1.00    
    10.0000     9.0615     5.1336     3.6618  0.386E-02  0.610E-02   0.00       0.00       1.00       1.00    
    10.0000     9.1017     5.1546     3.6769  0.386E-02  0.610E-02   0.00       0.00       1.00       1.00    
    10.0000     9.1422     5.1758     3.6922  0.385E-02  0.606E-02   0.00       0.00       1.00       1.00    
    10.0000     9.1828     5.1970     3.7075  0.385E-02  0.606E-02   0.00       0.00       1.00       1.00    
    10.0000     9.2231     5.2181     3.7227  0.383E-02  0.606E-02   0.00       0.00       1.00       1.00    
    10.0000     9.2639     5.2394     3.7381  0.383E-02  0.602E-02   0.00       0.00       1.00       1.00    
    10.0000     9.3040     5.2604     3.7532  0.383E-02  0.602E-02   0.00       0.00       1.00       1.00    
    10.0000     9.3446     5.2816     3.7685  0.382E-02  0.599E-02   0.00       0.00       1.00       1.00    
    10.0000     9.3853     5.3029     3.7839  0.382E-02  0.599E-02   0.00       0.00       1.00       1.00    
    10.0000     9.4261     5.3242     3.7993  0.380E-02  0.599E-02   0.00       0.00       1.00       1.00    
    10.0000     9.4666     5.3454     3.8146  0.380E-02  0.595E-02   0.00       0.00       1.00       1.00    
    10.0000     9.5077     5.3669     3.8301  0.380E-02  0.595E-02   0.00       0.00       1.00       1.00    
    10.0000     9.5487     5.3883     3.8455  0.379E-02  0.592E-02   0.00       0.00       1.00       1.00    
    10.0000     9.5890     5.4094     3.8607  0.379E-02  0.592E-02   0.00       0.00       1.00       1.00    
     0.0000     9.6296     5.4306     3.8760  0.377E-02  0.592E-02   0.00       0.00       1.00       1.00    
