MODEL.01
 
ISOTROPIC
KGS
SPHERICAL EARTH
1-D
CONSTANT VELOCITY
LINE08
LINE09
LINE10
LINE11
      H(KM)   VP(KM/S)   VS(KM/S) RHO(GM/CC)     QP         QS       ETAP       ETAS      FREFP      FREFS    
     2.0000     5.4047     3.2035     2.6011  0.118E-02  0.167E-02   0.00       0.00       1.00       1.00    
     2.0000     6.0899     3.5708     2.7362  0.118E-02  0.167E-02   0.00       0.00       1.00       1.00    
     2.0000     6.3239     3.6914     2.7899  0.118E-02  0.167E-02   0.00       0.00       1.00       1.00    
     2.0000     6.2576     3.6575     2.7743  0.118E-02  0.167E-02   0.00       0.00       1.00       1.00    
     2.0000     6.0345     3.5420     2.7241  0.118E-02  0.167E-02   0.00       0.00       1.00       1.00    
     2.0000     5.9867     3.5170     2.7138  0.118E-02  0.167E-02   0.00       0.00       1.00       1.00    
     2.0000     5.9507     3.4981     2.7062  0.118E-02  0.167E-02   0.00       0.00       1.00       1.00    
     2.0000     6.0589     3.5547     2.7294  0.118E-02  0.167E-02   0.00       0.00       1.00       1.00    
     2.0000     6.1874     3.6213     2.7581  0.118E-02  0.167E-02   0.00       0.00       1.00       1.00    
     2.0000     6.1943     3.6248     2.7597  0.118E-02  0.167E-02   0.00       0.00       1.00       1.00    
     2.0000     6.2637     3.6606     2.7757  0.118E-02  0.167E-02   0.00       0.00       1.00       1.00    
     2.0000     6.3608     3.7103     2.7988  0.118E-02  0.167E-02   0.00       0.00       1.00       1.00    
     2.0000     6.4160     3.7385     2.8122  0.118E-02  0.167E-02   0.00       0.00       1.00       1.00    
     2.0000     6.2928     3.6755     2.7826  0.118E-02  0.167E-02   0.00       0.00       1.00       1.00    
     2.0000     6.9405     4.0039     2.9510  0.118E-02  0.167E-02   0.00       0.00       1.00       1.00    
     2.0000     7.7673     4.4277     3.2100  0.118E-02  0.167E-02   0.00       0.00       1.00       1.00    
     2.0000     7.8851     4.4904     3.2506  0.118E-02  0.167E-02   0.00       0.00       1.00       1.00    
     2.0000     7.8641     4.4792     3.2433  0.118E-02  0.167E-02   0.00       0.00       1.00       1.00    
     2.0000     7.8711     4.4829     3.2457  0.118E-02  0.167E-02   0.00       0.00       1.00       1.00    
     2.0000     7.8733     4.4841     3.2465  0.118E-02  0.167E-02   0.00       0.00       1.00       1.00    
     2.0000     7.5708     4.3249     3.1442  0.118E-02  0.167E-02   0.00       0.00       1.00       1.00    
     2.0000     7.5931     4.3365     3.1516  0.118E-02  0.167E-02   0.00       0.00       1.00       1.00    
     2.0000     7.7415     4.4141     3.2012  0.118E-02  0.167E-02   0.00       0.00       1.00       1.00    
     2.0000     7.7885     4.4389     3.2172  0.118E-02  0.167E-02   0.00       0.00       1.00       1.00    
     2.0000     7.7307     4.4084     3.1976  0.118E-02  0.167E-02   0.00       0.00       1.00       1.00    
     5.0000     7.7039     4.3943     3.1885  0.118E-02  0.167E-02   0.00       0.00       1.00       1.00    
     5.0000     7.7484     4.4177     3.2035  0.118E-02  0.167E-02   0.00       0.00       1.00       1.00    
     5.0000     7.8066     4.4485     3.2234  0.118E-02  0.167E-02   0.00       0.00       1.00       1.00    
     5.0000     7.7292     4.4076     3.1970  0.118E-02  0.167E-02   0.00       0.00       1.00       1.00    
     5.0000     7.5663     4.3226     3.1427  0.118E-02  0.167E-02   0.00       0.00       1.00       1.00    
     5.0000     7.5054     4.2911     3.1229  0.118E-02  0.167E-02   0.00       0.00       1.00       1.00    
     5.0000     7.5582     4.3184     3.1401  0.118E-02  0.167E-02   0.00       0.00       1.00       1.00    
     5.0000     7.5902     4.3350     3.1506  0.118E-02  0.167E-02   0.00       0.00       1.00       1.00    
     5.0000     7.5928     4.3363     3.1515  0.118E-02  0.167E-02   0.00       0.00       1.00       1.00    
     5.0000     7.6016     4.3409     3.1544  0.118E-02  0.167E-02   0.00       0.00       1.00       1.00    
    10.0000     7.6122     4.3464     3.1579  0.118E-02  0.167E-02   0.00       0.00       1.00       1.00    
    10.0000     7.6323     4.3569     3.1646  0.118E-02  0.167E-02   0.00       0.00       1.00       1.00    
    10.0000     7.6515     4.3669     3.1709  0.862E-02  0.131E-01   0.00       0.00       1.00       1.00    
    10.0000     7.6713     4.3772     3.1775  0.862E-02  0.131E-01   0.00       0.00       1.00       1.00    
    10.0000     7.6885     4.3862     3.1833  0.855E-02  0.131E-01   0.00       0.00       1.00       1.00    
    10.0000     7.7250     4.4054     3.1956  0.847E-02  0.131E-01   0.00       0.00       1.00       1.00    
    10.0000     7.7618     4.4248     3.2081  0.847E-02  0.131E-01   0.00       0.00       1.00       1.00    
    10.0000     7.7903     4.4399     3.2178  0.833E-02  0.130E-01   0.00       0.00       1.00       1.00    
    10.0000     7.8196     4.4554     3.2279  0.826E-02  0.129E-01   0.00       0.00       1.00       1.00    
    10.0000     7.8521     4.4728     3.2391  0.813E-02  0.128E-01   0.00       0.00       1.00       1.00    
    10.0000     7.8826     4.4891     3.2497  0.806E-02  0.126E-01   0.00       0.00       1.00       1.00    
    10.0000     7.9251     4.5119     3.2646  0.474E-02  0.746E-02   0.00       0.00       1.00       1.00    
    10.0000     7.9788     4.5410     3.2835  0.472E-02  0.741E-02   0.00       0.00       1.00       1.00    
    10.0000     8.0294     4.5687     3.3015  0.469E-02  0.741E-02   0.00       0.00       1.00       1.00    
    10.0000     8.0760     4.5944     3.3182  0.467E-02  0.735E-02   0.00       0.00       1.00       1.00    
    10.0000     8.1210     4.6194     3.3344  0.465E-02  0.735E-02   0.00       0.00       1.00       1.00    
    10.0000     8.1622     4.6425     3.3494  0.463E-02  0.730E-02   0.00       0.00       1.00       1.00    
    10.0000     8.2009     4.6644     3.3636  0.461E-02  0.730E-02   0.00       0.00       1.00       1.00    
    10.0000     8.2356     4.6841     3.3763  0.459E-02  0.725E-02   0.00       0.00       1.00       1.00    
    10.0000     8.2692     4.7034     3.3888  0.455E-02  0.725E-02   0.00       0.00       1.00       1.00    
    10.0000     8.3001     4.7213     3.4003  0.452E-02  0.719E-02   0.00       0.00       1.00       1.00    
    10.0000     8.3292     4.7383     3.4111  0.450E-02  0.714E-02   0.00       0.00       1.00       1.00    
    10.0000     8.3568     4.7545     3.4214  0.448E-02  0.714E-02   0.00       0.00       1.00       1.00    
    10.0000     8.3825     4.7697     3.4311  0.446E-02  0.709E-02   0.00       0.00       1.00       1.00    
    10.0000     8.4062     4.7839     3.4401  0.442E-02  0.704E-02   0.00       0.00       1.00       1.00    
    10.0000     8.4282     4.7971     3.4484  0.441E-02  0.704E-02   0.00       0.00       1.00       1.00    
    10.0000     8.4486     4.8094     3.4562  0.439E-02  0.699E-02   0.00       0.00       1.00       1.00    
    10.0000     8.4685     4.8215     3.4637  0.435E-02  0.694E-02   0.00       0.00       1.00       1.00    
    10.0000     8.4876     4.8331     3.4710  0.433E-02  0.690E-02   0.00       0.00       1.00       1.00    
    10.0000     8.5080     4.8442     3.4530  0.431E-02  0.690E-02   0.00       0.00       1.00       1.00    
    10.0000     8.5411     4.8615     3.4655  0.427E-02  0.685E-02   0.00       0.00       1.00       1.00    
    10.0000     8.9802     5.0911     3.6311  0.388E-02  0.613E-02   0.00       0.00       1.00       1.00    
    10.0000     9.0208     5.1123     3.6464  0.388E-02  0.613E-02   0.00       0.00       1.00       1.00    
    10.0000     9.0615     5.1336     3.6618  0.386E-02  0.610E-02   0.00       0.00       1.00       1.00    
    10.0000     9.1017     5.1546     3.6769  0.386E-02  0.610E-02   0.00       0.00       1.00       1.00    
    10.0000     9.1422     5.1758     3.6922  0.385E-02  0.606E-02   0.00       0.00       1.00       1.00    
    10.0000     9.1828     5.1970     3.7075  0.385E-02  0.606E-02   0.00       0.00       1.00       1.00    
    10.0000     9.2231     5.2181     3.7227  0.383E-02  0.606E-02   0.00       0.00       1.00       1.00    
    10.0000     9.2639     5.2394     3.7381  0.383E-02  0.602E-02   0.00       0.00       1.00       1.00    
    10.0000     9.3040     5.2604     3.7532  0.383E-02  0.602E-02   0.00       0.00       1.00       1.00    
    10.0000     9.3446     5.2816     3.7685  0.382E-02  0.599E-02   0.00       0.00       1.00       1.00    
    10.0000     9.3853     5.3029     3.7839  0.382E-02  0.599E-02   0.00       0.00       1.00       1.00    
    10.0000     9.4261     5.3242     3.7993  0.380E-02  0.599E-02   0.00       0.00       1.00       1.00    
    10.0000     9.4666     5.3454     3.8146  0.380E-02  0.595E-02   0.00       0.00       1.00       1.00    
    10.0000     9.5077     5.3669     3.8301  0.380E-02  0.595E-02   0.00       0.00       1.00       1.00    
    10.0000     9.5487     5.3883     3.8455  0.379E-02  0.592E-02   0.00       0.00       1.00       1.00    
    10.0000     9.5890     5.4094     3.8607  0.379E-02  0.592E-02   0.00       0.00       1.00       1.00    
     0.0000     9.6296     5.4306     3.8760  0.377E-02  0.592E-02   0.00       0.00       1.00       1.00    
