MODEL.01
 
ISOTROPIC
KGS
SPHERICAL EARTH
1-D
CONSTANT VELOCITY
LINE08
LINE09
LINE10
LINE11
      H(KM)   VP(KM/S)   VS(KM/S) RHO(GM/CC)     QP         QS       ETAP       ETAS      FREFP      FREFS    
     2.0000     5.8169     3.4275     2.6786  0.118E-02  0.167E-02   0.00       0.00       1.00       1.00    
     2.0000     5.9463     3.4958     2.7052  0.118E-02  0.167E-02   0.00       0.00       1.00       1.00    
     2.0000     6.0253     3.5372     2.7221  0.118E-02  0.167E-02   0.00       0.00       1.00       1.00    
     2.0000     6.0672     3.5590     2.7312  0.118E-02  0.167E-02   0.00       0.00       1.00       1.00    
     2.0000     6.0664     3.5586     2.7311  0.118E-02  0.167E-02   0.00       0.00       1.00       1.00    
     2.0000     6.0593     3.5549     2.7295  0.118E-02  0.167E-02   0.00       0.00       1.00       1.00    
     2.0000     6.0620     3.5563     2.7301  0.118E-02  0.167E-02   0.00       0.00       1.00       1.00    
     2.0000     6.0982     3.5751     2.7381  0.118E-02  0.167E-02   0.00       0.00       1.00       1.00    
     2.0000     6.1700     3.6123     2.7542  0.118E-02  0.167E-02   0.00       0.00       1.00       1.00    
     2.0000     6.2012     3.6284     2.7613  0.118E-02  0.167E-02   0.00       0.00       1.00       1.00    
     2.0000     6.2488     3.6529     2.7723  0.118E-02  0.167E-02   0.00       0.00       1.00       1.00    
     2.0000     6.2144     3.6352     2.7643  0.118E-02  0.167E-02   0.00       0.00       1.00       1.00    
     2.0000     6.2028     3.6292     2.7617  0.118E-02  0.167E-02   0.00       0.00       1.00       1.00    
     2.0000     6.3331     3.6961     2.7921  0.118E-02  0.167E-02   0.00       0.00       1.00       1.00    
     2.0000     6.7435     3.9045     2.8965  0.118E-02  0.167E-02   0.00       0.00       1.00       1.00    
     2.0000     7.3825     4.2280     3.0836  0.118E-02  0.167E-02   0.00       0.00       1.00       1.00    
     2.0000     7.7313     4.4087     3.1978  0.118E-02  0.167E-02   0.00       0.00       1.00       1.00    
     2.0000     7.8509     4.4721     3.2387  0.118E-02  0.167E-02   0.00       0.00       1.00       1.00    
     2.0000     7.8747     4.4848     3.2470  0.118E-02  0.167E-02   0.00       0.00       1.00       1.00    
     2.0000     7.7810     4.4350     3.2147  0.118E-02  0.167E-02   0.00       0.00       1.00       1.00    
     2.0000     7.6111     4.3458     3.1575  0.118E-02  0.167E-02   0.00       0.00       1.00       1.00    
     2.0000     7.5379     4.3079     3.1335  0.118E-02  0.167E-02   0.00       0.00       1.00       1.00    
     2.0000     7.5805     4.3299     3.1474  0.118E-02  0.167E-02   0.00       0.00       1.00       1.00    
     2.0000     7.6309     4.3561     3.1641  0.118E-02  0.167E-02   0.00       0.00       1.00       1.00    
     2.0000     7.6448     4.3634     3.1687  0.118E-02  0.167E-02   0.00       0.00       1.00       1.00    
     5.0000     7.6495     4.3659     3.1703  0.118E-02  0.167E-02   0.00       0.00       1.00       1.00    
     5.0000     7.6901     4.3871     3.1839  0.118E-02  0.167E-02   0.00       0.00       1.00       1.00    
     5.0000     7.7122     4.3987     3.1913  0.118E-02  0.167E-02   0.00       0.00       1.00       1.00    
     5.0000     7.6941     4.3892     3.1852  0.118E-02  0.167E-02   0.00       0.00       1.00       1.00    
     5.0000     7.6655     4.3742     3.1756  0.118E-02  0.167E-02   0.00       0.00       1.00       1.00    
     5.0000     7.6578     4.3702     3.1730  0.118E-02  0.167E-02   0.00       0.00       1.00       1.00    
     5.0000     7.6742     4.3787     3.1785  0.118E-02  0.167E-02   0.00       0.00       1.00       1.00    
     5.0000     7.6843     4.3840     3.1819  0.118E-02  0.167E-02   0.00       0.00       1.00       1.00    
     5.0000     7.6851     4.3844     3.1822  0.118E-02  0.167E-02   0.00       0.00       1.00       1.00    
     5.0000     7.6937     4.3890     3.1851  0.118E-02  0.167E-02   0.00       0.00       1.00       1.00    
    10.0000     7.7021     4.3934     3.1879  0.118E-02  0.167E-02   0.00       0.00       1.00       1.00    
    10.0000     7.7139     4.3995     3.1919  0.118E-02  0.167E-02   0.00       0.00       1.00       1.00    
    10.0000     7.7248     4.4053     3.1956  0.862E-02  0.131E-01   0.00       0.00       1.00       1.00    
    10.0000     7.7311     4.4086     3.1977  0.862E-02  0.131E-01   0.00       0.00       1.00       1.00    
    10.0000     7.7338     4.4100     3.1986  0.855E-02  0.131E-01   0.00       0.00       1.00       1.00    
    10.0000     7.7448     4.4158     3.2023  0.847E-02  0.131E-01   0.00       0.00       1.00       1.00    
    10.0000     7.7578     4.4227     3.2068  0.847E-02  0.131E-01   0.00       0.00       1.00       1.00    
    10.0000     7.7684     4.4283     3.2104  0.833E-02  0.130E-01   0.00       0.00       1.00       1.00    
    10.0000     7.7806     4.4347     3.2145  0.826E-02  0.129E-01   0.00       0.00       1.00       1.00    
    10.0000     7.7931     4.4414     3.2188  0.813E-02  0.128E-01   0.00       0.00       1.00       1.00    
    10.0000     7.8053     4.4479     3.2230  0.806E-02  0.126E-01   0.00       0.00       1.00       1.00    
    10.0000     7.8332     4.4627     3.2326  0.474E-02  0.746E-02   0.00       0.00       1.00       1.00    
    10.0000     7.8753     4.4852     3.2472  0.472E-02  0.741E-02   0.00       0.00       1.00       1.00    
    10.0000     7.9172     4.5077     3.2618  0.469E-02  0.741E-02   0.00       0.00       1.00       1.00    
    10.0000     7.9582     4.5299     3.2762  0.467E-02  0.735E-02   0.00       0.00       1.00       1.00    
    10.0000     7.9993     4.5522     3.2908  0.465E-02  0.735E-02   0.00       0.00       1.00       1.00    
    10.0000     8.0389     4.5739     3.3049  0.463E-02  0.730E-02   0.00       0.00       1.00       1.00    
    10.0000     8.0778     4.5954     3.3188  0.461E-02  0.730E-02   0.00       0.00       1.00       1.00    
    10.0000     8.1155     4.6163     3.3325  0.459E-02  0.725E-02   0.00       0.00       1.00       1.00    
    10.0000     8.1535     4.6376     3.3462  0.455E-02  0.725E-02   0.00       0.00       1.00       1.00    
    10.0000     8.1905     4.6585     3.3598  0.452E-02  0.719E-02   0.00       0.00       1.00       1.00    
    10.0000     8.2275     4.6795     3.3733  0.450E-02  0.714E-02   0.00       0.00       1.00       1.00    
    10.0000     8.2637     4.7002     3.3867  0.448E-02  0.714E-02   0.00       0.00       1.00       1.00    
    10.0000     8.2996     4.7210     3.4001  0.446E-02  0.709E-02   0.00       0.00       1.00       1.00    
    10.0000     8.3349     4.7416     3.4132  0.442E-02  0.704E-02   0.00       0.00       1.00       1.00    
    10.0000     8.3699     4.7622     3.4264  0.441E-02  0.704E-02   0.00       0.00       1.00       1.00    
    10.0000     8.4043     4.7827     3.4393  0.439E-02  0.699E-02   0.00       0.00       1.00       1.00    
    10.0000     8.4385     4.8033     3.4523  0.435E-02  0.694E-02   0.00       0.00       1.00       1.00    
    10.0000     8.4721     4.8236     3.4651  0.433E-02  0.690E-02   0.00       0.00       1.00       1.00    
    10.0000     8.5080     4.8442     3.4530  0.431E-02  0.690E-02   0.00       0.00       1.00       1.00    
    10.0000     8.5411     4.8615     3.4655  0.427E-02  0.685E-02   0.00       0.00       1.00       1.00    
    10.0000     8.9802     5.0911     3.6311  0.388E-02  0.613E-02   0.00       0.00       1.00       1.00    
    10.0000     9.0208     5.1123     3.6464  0.388E-02  0.613E-02   0.00       0.00       1.00       1.00    
    10.0000     9.0615     5.1336     3.6618  0.386E-02  0.610E-02   0.00       0.00       1.00       1.00    
    10.0000     9.1017     5.1546     3.6769  0.386E-02  0.610E-02   0.00       0.00       1.00       1.00    
    10.0000     9.1422     5.1758     3.6922  0.385E-02  0.606E-02   0.00       0.00       1.00       1.00    
    10.0000     9.1828     5.1970     3.7075  0.385E-02  0.606E-02   0.00       0.00       1.00       1.00    
    10.0000     9.2231     5.2181     3.7227  0.383E-02  0.606E-02   0.00       0.00       1.00       1.00    
    10.0000     9.2639     5.2394     3.7381  0.383E-02  0.602E-02   0.00       0.00       1.00       1.00    
    10.0000     9.3040     5.2604     3.7532  0.383E-02  0.602E-02   0.00       0.00       1.00       1.00    
    10.0000     9.3446     5.2816     3.7685  0.382E-02  0.599E-02   0.00       0.00       1.00       1.00    
    10.0000     9.3853     5.3029     3.7839  0.382E-02  0.599E-02   0.00       0.00       1.00       1.00    
    10.0000     9.4261     5.3242     3.7993  0.380E-02  0.599E-02   0.00       0.00       1.00       1.00    
    10.0000     9.4666     5.3454     3.8146  0.380E-02  0.595E-02   0.00       0.00       1.00       1.00    
    10.0000     9.5077     5.3669     3.8301  0.380E-02  0.595E-02   0.00       0.00       1.00       1.00    
    10.0000     9.5487     5.3883     3.8455  0.379E-02  0.592E-02   0.00       0.00       1.00       1.00    
    10.0000     9.5890     5.4094     3.8607  0.379E-02  0.592E-02   0.00       0.00       1.00       1.00    
     0.0000     9.6296     5.4306     3.8760  0.377E-02  0.592E-02   0.00       0.00       1.00       1.00    
