MODEL.01
 
ISOTROPIC
KGS
SPHERICAL EARTH
1-D
CONSTANT VELOCITY
LINE08
LINE09
LINE10
LINE11
      H(KM)   VP(KM/S)   VS(KM/S) RHO(GM/CC)     QP         QS       ETAP       ETAS      FREFP      FREFS    
     2.0000     5.4984     3.2554     2.6178  0.118E-02  0.167E-02   0.00       0.00       1.00       1.00    
     2.0000     6.0309     3.5401     2.7233  0.118E-02  0.167E-02   0.00       0.00       1.00       1.00    
     2.0000     6.2557     3.6565     2.7739  0.118E-02  0.167E-02   0.00       0.00       1.00       1.00    
     2.0000     6.2537     3.6554     2.7734  0.118E-02  0.167E-02   0.00       0.00       1.00       1.00    
     2.0000     6.0935     3.5727     2.7370  0.118E-02  0.167E-02   0.00       0.00       1.00       1.00    
     2.0000     6.0331     3.5413     2.7238  0.118E-02  0.167E-02   0.00       0.00       1.00       1.00    
     2.0000     5.9678     3.5071     2.7098  0.118E-02  0.167E-02   0.00       0.00       1.00       1.00    
     2.0000     6.0558     3.5531     2.7287  0.118E-02  0.167E-02   0.00       0.00       1.00       1.00    
     2.0000     6.1778     3.6164     2.7559  0.118E-02  0.167E-02   0.00       0.00       1.00       1.00    
     2.0000     6.1810     3.6180     2.7567  0.118E-02  0.167E-02   0.00       0.00       1.00       1.00    
     2.0000     6.2564     3.6568     2.7740  0.118E-02  0.167E-02   0.00       0.00       1.00       1.00    
     2.0000     6.2989     3.6786     2.7840  0.118E-02  0.167E-02   0.00       0.00       1.00       1.00    
     2.0000     6.3472     3.7034     2.7955  0.118E-02  0.167E-02   0.00       0.00       1.00       1.00    
     2.0000     6.3043     3.6814     2.7853  0.118E-02  0.167E-02   0.00       0.00       1.00       1.00    
     2.0000     6.9193     3.9932     2.9450  0.118E-02  0.167E-02   0.00       0.00       1.00       1.00    
     2.0000     7.6946     4.3895     3.1854  0.118E-02  0.167E-02   0.00       0.00       1.00       1.00    
     2.0000     7.8516     4.4725     3.2390  0.118E-02  0.167E-02   0.00       0.00       1.00       1.00    
     2.0000     7.8656     4.4800     3.2438  0.118E-02  0.167E-02   0.00       0.00       1.00       1.00    
     2.0000     7.8975     4.4971     3.2549  0.118E-02  0.167E-02   0.00       0.00       1.00       1.00    
     2.0000     7.8567     4.4752     3.2407  0.118E-02  0.167E-02   0.00       0.00       1.00       1.00    
     2.0000     7.5831     4.3313     3.1483  0.118E-02  0.167E-02   0.00       0.00       1.00       1.00    
     2.0000     7.5854     4.3325     3.1490  0.118E-02  0.167E-02   0.00       0.00       1.00       1.00    
     2.0000     7.7431     4.4149     3.2018  0.118E-02  0.167E-02   0.00       0.00       1.00       1.00    
     2.0000     7.8157     4.4534     3.2266  0.118E-02  0.167E-02   0.00       0.00       1.00       1.00    
     2.0000     7.7686     4.4284     3.2104  0.118E-02  0.167E-02   0.00       0.00       1.00       1.00    
     5.0000     7.7215     4.4035     3.1944  0.118E-02  0.167E-02   0.00       0.00       1.00       1.00    
     5.0000     7.7607     4.4242     3.2077  0.118E-02  0.167E-02   0.00       0.00       1.00       1.00    
     5.0000     7.7884     4.4389     3.2172  0.118E-02  0.167E-02   0.00       0.00       1.00       1.00    
     5.0000     7.7084     4.3967     3.1900  0.118E-02  0.167E-02   0.00       0.00       1.00       1.00    
     5.0000     7.5834     4.3314     3.1484  0.118E-02  0.167E-02   0.00       0.00       1.00       1.00    
     5.0000     7.5416     4.3098     3.1347  0.118E-02  0.167E-02   0.00       0.00       1.00       1.00    
     5.0000     7.5830     4.3313     3.1482  0.118E-02  0.167E-02   0.00       0.00       1.00       1.00    
     5.0000     7.6082     4.3443     3.1565  0.118E-02  0.167E-02   0.00       0.00       1.00       1.00    
     5.0000     7.6105     4.3455     3.1573  0.118E-02  0.167E-02   0.00       0.00       1.00       1.00    
     5.0000     7.6193     4.3501     3.1602  0.118E-02  0.167E-02   0.00       0.00       1.00       1.00    
    10.0000     7.6299     4.3556     3.1638  0.118E-02  0.167E-02   0.00       0.00       1.00       1.00    
    10.0000     7.6480     4.3651     3.1698  0.118E-02  0.167E-02   0.00       0.00       1.00       1.00    
    10.0000     7.6646     4.3737     3.1753  0.862E-02  0.131E-01   0.00       0.00       1.00       1.00    
    10.0000     7.6799     4.3817     3.1804  0.862E-02  0.131E-01   0.00       0.00       1.00       1.00    
    10.0000     7.6920     4.3880     3.1845  0.855E-02  0.131E-01   0.00       0.00       1.00       1.00    
    10.0000     7.7207     4.4031     3.1942  0.847E-02  0.131E-01   0.00       0.00       1.00       1.00    
    10.0000     7.7504     4.4188     3.2042  0.847E-02  0.131E-01   0.00       0.00       1.00       1.00    
    10.0000     7.7731     4.4308     3.2120  0.833E-02  0.130E-01   0.00       0.00       1.00       1.00    
    10.0000     7.7968     4.4433     3.2201  0.826E-02  0.129E-01   0.00       0.00       1.00       1.00    
    10.0000     7.8224     4.4569     3.2289  0.813E-02  0.128E-01   0.00       0.00       1.00       1.00    
    10.0000     7.8468     4.4699     3.2373  0.806E-02  0.126E-01   0.00       0.00       1.00       1.00    
    10.0000     7.8842     4.4899     3.2503  0.474E-02  0.746E-02   0.00       0.00       1.00       1.00    
    10.0000     7.9342     4.5169     3.2678  0.472E-02  0.741E-02   0.00       0.00       1.00       1.00    
    10.0000     7.9821     4.5429     3.2847  0.469E-02  0.741E-02   0.00       0.00       1.00       1.00    
    10.0000     8.0272     4.5675     3.3007  0.467E-02  0.735E-02   0.00       0.00       1.00       1.00    
    10.0000     8.0711     4.5917     3.3164  0.465E-02  0.735E-02   0.00       0.00       1.00       1.00    
    10.0000     8.1124     4.6146     3.3313  0.463E-02  0.730E-02   0.00       0.00       1.00       1.00    
    10.0000     8.1515     4.6365     3.3455  0.461E-02  0.730E-02   0.00       0.00       1.00       1.00    
    10.0000     8.1876     4.6568     3.3587  0.459E-02  0.725E-02   0.00       0.00       1.00       1.00    
    10.0000     8.2233     4.6771     3.3718  0.455E-02  0.725E-02   0.00       0.00       1.00       1.00    
    10.0000     8.2568     4.6963     3.3842  0.452E-02  0.719E-02   0.00       0.00       1.00       1.00    
    10.0000     8.2892     4.7150     3.3962  0.450E-02  0.714E-02   0.00       0.00       1.00       1.00    
    10.0000     8.3201     4.7330     3.4077  0.448E-02  0.714E-02   0.00       0.00       1.00       1.00    
    10.0000     8.3499     4.7504     3.4189  0.446E-02  0.709E-02   0.00       0.00       1.00       1.00    
    10.0000     8.3783     4.7672     3.4295  0.442E-02  0.704E-02   0.00       0.00       1.00       1.00    
    10.0000     8.4053     4.7833     3.4397  0.441E-02  0.704E-02   0.00       0.00       1.00       1.00    
    10.0000     8.4312     4.7989     3.4495  0.439E-02  0.699E-02   0.00       0.00       1.00       1.00    
    10.0000     8.4567     4.8143     3.4592  0.435E-02  0.694E-02   0.00       0.00       1.00       1.00    
    10.0000     8.4813     4.8293     3.4686  0.433E-02  0.690E-02   0.00       0.00       1.00       1.00    
    10.0000     8.5080     4.8442     3.4530  0.431E-02  0.690E-02   0.00       0.00       1.00       1.00    
    10.0000     8.5411     4.8615     3.4655  0.427E-02  0.685E-02   0.00       0.00       1.00       1.00    
    10.0000     8.9802     5.0911     3.6311  0.388E-02  0.613E-02   0.00       0.00       1.00       1.00    
    10.0000     9.0208     5.1123     3.6464  0.388E-02  0.613E-02   0.00       0.00       1.00       1.00    
    10.0000     9.0615     5.1336     3.6618  0.386E-02  0.610E-02   0.00       0.00       1.00       1.00    
    10.0000     9.1017     5.1546     3.6769  0.386E-02  0.610E-02   0.00       0.00       1.00       1.00    
    10.0000     9.1422     5.1758     3.6922  0.385E-02  0.606E-02   0.00       0.00       1.00       1.00    
    10.0000     9.1828     5.1970     3.7075  0.385E-02  0.606E-02   0.00       0.00       1.00       1.00    
    10.0000     9.2231     5.2181     3.7227  0.383E-02  0.606E-02   0.00       0.00       1.00       1.00    
    10.0000     9.2639     5.2394     3.7381  0.383E-02  0.602E-02   0.00       0.00       1.00       1.00    
    10.0000     9.3040     5.2604     3.7532  0.383E-02  0.602E-02   0.00       0.00       1.00       1.00    
    10.0000     9.3446     5.2816     3.7685  0.382E-02  0.599E-02   0.00       0.00       1.00       1.00    
    10.0000     9.3853     5.3029     3.7839  0.382E-02  0.599E-02   0.00       0.00       1.00       1.00    
    10.0000     9.4261     5.3242     3.7993  0.380E-02  0.599E-02   0.00       0.00       1.00       1.00    
    10.0000     9.4666     5.3454     3.8146  0.380E-02  0.595E-02   0.00       0.00       1.00       1.00    
    10.0000     9.5077     5.3669     3.8301  0.380E-02  0.595E-02   0.00       0.00       1.00       1.00    
    10.0000     9.5487     5.3883     3.8455  0.379E-02  0.592E-02   0.00       0.00       1.00       1.00    
    10.0000     9.5890     5.4094     3.8607  0.379E-02  0.592E-02   0.00       0.00       1.00       1.00    
     0.0000     9.6296     5.4306     3.8760  0.377E-02  0.592E-02   0.00       0.00       1.00       1.00    
