MODEL.01
 
ISOTROPIC
KGS
SPHERICAL EARTH
1-D
CONSTANT VELOCITY
LINE08
LINE09
LINE10
LINE11
      H(KM)   VP(KM/S)   VS(KM/S) RHO(GM/CC)     QP         QS       ETAP       ETAS      FREFP      FREFS    
     2.0000     5.3918     3.1963     2.5989  0.118E-02  0.167E-02   0.00       0.00       1.00       1.00    
     2.0000     6.1007     3.5764     2.7386  0.118E-02  0.167E-02   0.00       0.00       1.00       1.00    
     2.0000     6.3333     3.6962     2.7922  0.118E-02  0.167E-02   0.00       0.00       1.00       1.00    
     2.0000     6.2556     3.6564     2.7739  0.118E-02  0.167E-02   0.00       0.00       1.00       1.00    
     2.0000     6.0228     3.5359     2.7216  0.118E-02  0.167E-02   0.00       0.00       1.00       1.00    
     2.0000     5.9781     3.5125     2.7120  0.118E-02  0.167E-02   0.00       0.00       1.00       1.00    
     2.0000     5.9501     3.4978     2.7060  0.118E-02  0.167E-02   0.00       0.00       1.00       1.00    
     2.0000     6.0614     3.5560     2.7300  0.118E-02  0.167E-02   0.00       0.00       1.00       1.00    
     2.0000     6.1902     3.6227     2.7588  0.118E-02  0.167E-02   0.00       0.00       1.00       1.00    
     2.0000     6.1980     3.6268     2.7606  0.118E-02  0.167E-02   0.00       0.00       1.00       1.00    
     2.0000     6.2648     3.6611     2.7760  0.118E-02  0.167E-02   0.00       0.00       1.00       1.00    
     2.0000     6.3704     3.7152     2.8011  0.118E-02  0.167E-02   0.00       0.00       1.00       1.00    
     2.0000     6.4264     3.7438     2.8148  0.118E-02  0.167E-02   0.00       0.00       1.00       1.00    
     2.0000     6.2915     3.6748     2.7823  0.118E-02  0.167E-02   0.00       0.00       1.00       1.00    
     2.0000     6.9429     4.0051     2.9517  0.118E-02  0.167E-02   0.00       0.00       1.00       1.00    
     2.0000     7.7775     4.4331     3.2135  0.118E-02  0.167E-02   0.00       0.00       1.00       1.00    
     2.0000     7.8900     4.4930     3.2523  0.118E-02  0.167E-02   0.00       0.00       1.00       1.00    
     2.0000     7.8636     4.4789     3.2431  0.118E-02  0.167E-02   0.00       0.00       1.00       1.00    
     2.0000     7.8649     4.4796     3.2436  0.118E-02  0.167E-02   0.00       0.00       1.00       1.00    
     2.0000     7.8741     4.4845     3.2468  0.118E-02  0.167E-02   0.00       0.00       1.00       1.00    
     2.0000     7.5667     4.3228     3.1429  0.118E-02  0.167E-02   0.00       0.00       1.00       1.00    
     2.0000     7.5927     4.3363     3.1514  0.118E-02  0.167E-02   0.00       0.00       1.00       1.00    
     2.0000     7.7389     4.4127     3.2003  0.118E-02  0.167E-02   0.00       0.00       1.00       1.00    
     2.0000     7.7817     4.4353     3.2149  0.118E-02  0.167E-02   0.00       0.00       1.00       1.00    
     2.0000     7.7225     4.4041     3.1948  0.118E-02  0.167E-02   0.00       0.00       1.00       1.00    
     5.0000     7.6998     4.3922     3.1871  0.118E-02  0.167E-02   0.00       0.00       1.00       1.00    
     5.0000     7.7455     4.4162     3.2025  0.118E-02  0.167E-02   0.00       0.00       1.00       1.00    
     5.0000     7.8097     4.4502     3.2245  0.118E-02  0.167E-02   0.00       0.00       1.00       1.00    
     5.0000     7.7334     4.4098     3.1985  0.118E-02  0.167E-02   0.00       0.00       1.00       1.00    
     5.0000     7.5646     4.3217     3.1422  0.118E-02  0.167E-02   0.00       0.00       1.00       1.00    
     5.0000     7.5001     4.2884     3.1212  0.118E-02  0.167E-02   0.00       0.00       1.00       1.00    
     5.0000     7.5545     4.3165     3.1389  0.118E-02  0.167E-02   0.00       0.00       1.00       1.00    
     5.0000     7.5877     4.3337     3.1498  0.118E-02  0.167E-02   0.00       0.00       1.00       1.00    
     5.0000     7.5904     4.3351     3.1507  0.118E-02  0.167E-02   0.00       0.00       1.00       1.00    
     5.0000     7.5993     4.3397     3.1536  0.118E-02  0.167E-02   0.00       0.00       1.00       1.00    
    10.0000     7.6098     4.3452     3.1571  0.118E-02  0.167E-02   0.00       0.00       1.00       1.00    
    10.0000     7.6301     4.3557     3.1638  0.118E-02  0.167E-02   0.00       0.00       1.00       1.00    
    10.0000     7.6497     4.3660     3.1703  0.862E-02  0.131E-01   0.00       0.00       1.00       1.00    
    10.0000     7.6702     4.3767     3.1772  0.862E-02  0.131E-01   0.00       0.00       1.00       1.00    
    10.0000     7.6884     4.3862     3.1833  0.855E-02  0.131E-01   0.00       0.00       1.00       1.00    
    10.0000     7.7261     4.4060     3.1960  0.847E-02  0.131E-01   0.00       0.00       1.00       1.00    
    10.0000     7.7640     4.4260     3.2089  0.847E-02  0.131E-01   0.00       0.00       1.00       1.00    
    10.0000     7.7936     4.4416     3.2190  0.833E-02  0.130E-01   0.00       0.00       1.00       1.00    
    10.0000     7.8237     4.4576     3.2293  0.826E-02  0.129E-01   0.00       0.00       1.00       1.00    
    10.0000     7.8576     4.4757     3.2410  0.813E-02  0.128E-01   0.00       0.00       1.00       1.00    
    10.0000     7.8892     4.4926     3.2520  0.806E-02  0.126E-01   0.00       0.00       1.00       1.00    
    10.0000     7.9323     4.5159     3.2671  0.474E-02  0.746E-02   0.00       0.00       1.00       1.00    
    10.0000     7.9867     4.5454     3.2863  0.472E-02  0.741E-02   0.00       0.00       1.00       1.00    
    10.0000     8.0380     4.5734     3.3045  0.469E-02  0.741E-02   0.00       0.00       1.00       1.00    
    10.0000     8.0849     4.5993     3.3214  0.467E-02  0.735E-02   0.00       0.00       1.00       1.00    
    10.0000     8.1299     4.6244     3.3377  0.465E-02  0.735E-02   0.00       0.00       1.00       1.00    
    10.0000     8.1713     4.6476     3.3527  0.463E-02  0.730E-02   0.00       0.00       1.00       1.00    
    10.0000     8.2098     4.6694     3.3668  0.461E-02  0.730E-02   0.00       0.00       1.00       1.00    
    10.0000     8.2442     4.6890     3.3795  0.459E-02  0.725E-02   0.00       0.00       1.00       1.00    
    10.0000     8.2774     4.7082     3.3918  0.455E-02  0.725E-02   0.00       0.00       1.00       1.00    
    10.0000     8.3079     4.7258     3.4032  0.452E-02  0.719E-02   0.00       0.00       1.00       1.00    
    10.0000     8.3364     4.7425     3.4138  0.450E-02  0.714E-02   0.00       0.00       1.00       1.00    
    10.0000     8.3635     4.7584     3.4239  0.448E-02  0.714E-02   0.00       0.00       1.00       1.00    
    10.0000     8.3884     4.7732     3.4334  0.446E-02  0.709E-02   0.00       0.00       1.00       1.00    
    10.0000     8.4113     4.7869     3.4420  0.442E-02  0.704E-02   0.00       0.00       1.00       1.00    
    10.0000     8.4325     4.7996     3.4500  0.441E-02  0.704E-02   0.00       0.00       1.00       1.00    
    10.0000     8.4519     4.8114     3.4574  0.439E-02  0.699E-02   0.00       0.00       1.00       1.00    
    10.0000     8.4707     4.8229     3.4646  0.435E-02  0.694E-02   0.00       0.00       1.00       1.00    
    10.0000     8.4885     4.8337     3.4714  0.433E-02  0.690E-02   0.00       0.00       1.00       1.00    
    10.0000     8.5080     4.8442     3.4530  0.431E-02  0.690E-02   0.00       0.00       1.00       1.00    
    10.0000     8.5411     4.8615     3.4655  0.427E-02  0.685E-02   0.00       0.00       1.00       1.00    
    10.0000     8.9802     5.0911     3.6311  0.388E-02  0.613E-02   0.00       0.00       1.00       1.00    
    10.0000     9.0208     5.1123     3.6464  0.388E-02  0.613E-02   0.00       0.00       1.00       1.00    
    10.0000     9.0615     5.1336     3.6618  0.386E-02  0.610E-02   0.00       0.00       1.00       1.00    
    10.0000     9.1017     5.1546     3.6769  0.386E-02  0.610E-02   0.00       0.00       1.00       1.00    
    10.0000     9.1422     5.1758     3.6922  0.385E-02  0.606E-02   0.00       0.00       1.00       1.00    
    10.0000     9.1828     5.1970     3.7075  0.385E-02  0.606E-02   0.00       0.00       1.00       1.00    
    10.0000     9.2231     5.2181     3.7227  0.383E-02  0.606E-02   0.00       0.00       1.00       1.00    
    10.0000     9.2639     5.2394     3.7381  0.383E-02  0.602E-02   0.00       0.00       1.00       1.00    
    10.0000     9.3040     5.2604     3.7532  0.383E-02  0.602E-02   0.00       0.00       1.00       1.00    
    10.0000     9.3446     5.2816     3.7685  0.382E-02  0.599E-02   0.00       0.00       1.00       1.00    
    10.0000     9.3853     5.3029     3.7839  0.382E-02  0.599E-02   0.00       0.00       1.00       1.00    
    10.0000     9.4261     5.3242     3.7993  0.380E-02  0.599E-02   0.00       0.00       1.00       1.00    
    10.0000     9.4666     5.3454     3.8146  0.380E-02  0.595E-02   0.00       0.00       1.00       1.00    
    10.0000     9.5077     5.3669     3.8301  0.380E-02  0.595E-02   0.00       0.00       1.00       1.00    
    10.0000     9.5487     5.3883     3.8455  0.379E-02  0.592E-02   0.00       0.00       1.00       1.00    
    10.0000     9.5890     5.4094     3.8607  0.379E-02  0.592E-02   0.00       0.00       1.00       1.00    
     0.0000     9.6296     5.4306     3.8760  0.377E-02  0.592E-02   0.00       0.00       1.00       1.00    
