MODEL.01
 
ISOTROPIC
KGS
SPHERICAL EARTH
1-D
CONSTANT VELOCITY
LINE08
LINE09
LINE10
LINE11
      H(KM)   VP(KM/S)   VS(KM/S) RHO(GM/CC)     QP         QS       ETAP       ETAS      FREFP      FREFS    
     2.0000     5.4117     3.2074     2.6023  0.118E-02  0.167E-02   0.00       0.00       1.00       1.00    
     2.0000     6.0843     3.5679     2.7350  0.118E-02  0.167E-02   0.00       0.00       1.00       1.00    
     2.0000     6.3187     3.6888     2.7887  0.118E-02  0.167E-02   0.00       0.00       1.00       1.00    
     2.0000     6.2586     3.6579     2.7746  0.118E-02  0.167E-02   0.00       0.00       1.00       1.00    
     2.0000     6.0404     3.5451     2.7254  0.118E-02  0.167E-02   0.00       0.00       1.00       1.00    
     2.0000     5.9910     3.5193     2.7147  0.118E-02  0.167E-02   0.00       0.00       1.00       1.00    
     2.0000     5.9511     3.4984     2.7063  0.118E-02  0.167E-02   0.00       0.00       1.00       1.00    
     2.0000     6.0577     3.5541     2.7291  0.118E-02  0.167E-02   0.00       0.00       1.00       1.00    
     2.0000     6.1860     3.6206     2.7578  0.118E-02  0.167E-02   0.00       0.00       1.00       1.00    
     2.0000     6.1925     3.6239     2.7593  0.118E-02  0.167E-02   0.00       0.00       1.00       1.00    
     2.0000     6.2632     3.6603     2.7756  0.118E-02  0.167E-02   0.00       0.00       1.00       1.00    
     2.0000     6.3558     3.7077     2.7976  0.118E-02  0.167E-02   0.00       0.00       1.00       1.00    
     2.0000     6.4106     3.7357     2.8109  0.118E-02  0.167E-02   0.00       0.00       1.00       1.00    
     2.0000     6.2936     3.6759     2.7828  0.118E-02  0.167E-02   0.00       0.00       1.00       1.00    
     2.0000     6.9390     4.0032     2.9506  0.118E-02  0.167E-02   0.00       0.00       1.00       1.00    
     2.0000     7.7618     4.4248     3.2081  0.118E-02  0.167E-02   0.00       0.00       1.00       1.00    
     2.0000     7.8825     4.4890     3.2497  0.118E-02  0.167E-02   0.00       0.00       1.00       1.00    
     2.0000     7.8643     4.4793     3.2434  0.118E-02  0.167E-02   0.00       0.00       1.00       1.00    
     2.0000     7.8742     4.4846     3.2468  0.118E-02  0.167E-02   0.00       0.00       1.00       1.00    
     2.0000     7.8727     4.4838     3.2463  0.118E-02  0.167E-02   0.00       0.00       1.00       1.00    
     2.0000     7.5726     4.3259     3.1448  0.118E-02  0.167E-02   0.00       0.00       1.00       1.00    
     2.0000     7.5932     4.3365     3.1516  0.118E-02  0.167E-02   0.00       0.00       1.00       1.00    
     2.0000     7.7426     4.4147     3.2016  0.118E-02  0.167E-02   0.00       0.00       1.00       1.00    
     2.0000     7.7919     4.4407     3.2184  0.118E-02  0.167E-02   0.00       0.00       1.00       1.00    
     2.0000     7.7350     4.4106     3.1990  0.118E-02  0.167E-02   0.00       0.00       1.00       1.00    
     5.0000     7.7059     4.3954     3.1892  0.118E-02  0.167E-02   0.00       0.00       1.00       1.00    
     5.0000     7.7498     4.4185     3.2040  0.118E-02  0.167E-02   0.00       0.00       1.00       1.00    
     5.0000     7.8050     4.4477     3.2229  0.118E-02  0.167E-02   0.00       0.00       1.00       1.00    
     5.0000     7.7271     4.4065     3.1963  0.118E-02  0.167E-02   0.00       0.00       1.00       1.00    
     5.0000     7.5673     4.3231     3.1431  0.118E-02  0.167E-02   0.00       0.00       1.00       1.00    
     5.0000     7.5082     4.2926     3.1238  0.118E-02  0.167E-02   0.00       0.00       1.00       1.00    
     5.0000     7.5603     4.3194     3.1408  0.118E-02  0.167E-02   0.00       0.00       1.00       1.00    
     5.0000     7.5915     4.3357     3.1510  0.118E-02  0.167E-02   0.00       0.00       1.00       1.00    
     5.0000     7.5941     4.3370     3.1519  0.118E-02  0.167E-02   0.00       0.00       1.00       1.00    
     5.0000     7.6029     4.3416     3.1548  0.118E-02  0.167E-02   0.00       0.00       1.00       1.00    
    10.0000     7.6135     4.3471     3.1583  0.118E-02  0.167E-02   0.00       0.00       1.00       1.00    
    10.0000     7.6334     4.3575     3.1649  0.118E-02  0.167E-02   0.00       0.00       1.00       1.00    
    10.0000     7.6525     4.3674     3.1712  0.862E-02  0.131E-01   0.00       0.00       1.00       1.00    
    10.0000     7.6718     4.3775     3.1777  0.862E-02  0.131E-01   0.00       0.00       1.00       1.00    
    10.0000     7.6887     4.3863     3.1834  0.855E-02  0.131E-01   0.00       0.00       1.00       1.00    
    10.0000     7.7244     4.4051     3.1954  0.847E-02  0.131E-01   0.00       0.00       1.00       1.00    
    10.0000     7.7607     4.4242     3.2077  0.847E-02  0.131E-01   0.00       0.00       1.00       1.00    
    10.0000     7.7886     4.4390     3.2173  0.833E-02  0.130E-01   0.00       0.00       1.00       1.00    
    10.0000     7.8174     4.4543     3.2272  0.826E-02  0.129E-01   0.00       0.00       1.00       1.00    
    10.0000     7.8494     4.4713     3.2382  0.813E-02  0.128E-01   0.00       0.00       1.00       1.00    
    10.0000     7.8793     4.4873     3.2486  0.806E-02  0.126E-01   0.00       0.00       1.00       1.00    
    10.0000     7.9213     4.5099     3.2632  0.474E-02  0.746E-02   0.00       0.00       1.00       1.00    
    10.0000     7.9746     4.5388     3.2820  0.472E-02  0.741E-02   0.00       0.00       1.00       1.00    
    10.0000     8.0251     4.5663     3.2999  0.469E-02  0.741E-02   0.00       0.00       1.00       1.00    
    10.0000     8.0716     4.5919     3.3166  0.467E-02  0.735E-02   0.00       0.00       1.00       1.00    
    10.0000     8.1164     4.6168     3.3328  0.465E-02  0.735E-02   0.00       0.00       1.00       1.00    
    10.0000     8.1577     4.6399     3.3478  0.463E-02  0.730E-02   0.00       0.00       1.00       1.00    
    10.0000     8.1964     4.6618     3.3619  0.461E-02  0.730E-02   0.00       0.00       1.00       1.00    
    10.0000     8.2311     4.6816     3.3747  0.459E-02  0.725E-02   0.00       0.00       1.00       1.00    
    10.0000     8.2650     4.7010     3.3872  0.455E-02  0.725E-02   0.00       0.00       1.00       1.00    
    10.0000     8.2961     4.7190     3.3987  0.452E-02  0.719E-02   0.00       0.00       1.00       1.00    
    10.0000     8.3255     4.7361     3.4097  0.450E-02  0.714E-02   0.00       0.00       1.00       1.00    
    10.0000     8.3535     4.7525     3.4202  0.448E-02  0.714E-02   0.00       0.00       1.00       1.00    
    10.0000     8.3795     4.7679     3.4300  0.446E-02  0.709E-02   0.00       0.00       1.00       1.00    
    10.0000     8.4036     4.7823     3.4391  0.442E-02  0.704E-02   0.00       0.00       1.00       1.00    
    10.0000     8.4261     4.7958     3.4476  0.441E-02  0.704E-02   0.00       0.00       1.00       1.00    
    10.0000     8.4470     4.8084     3.4555  0.439E-02  0.699E-02   0.00       0.00       1.00       1.00    
    10.0000     8.4673     4.8208     3.4633  0.435E-02  0.694E-02   0.00       0.00       1.00       1.00    
    10.0000     8.4871     4.8328     3.4708  0.433E-02  0.690E-02   0.00       0.00       1.00       1.00    
    10.0000     8.5080     4.8442     3.4530  0.431E-02  0.690E-02   0.00       0.00       1.00       1.00    
    10.0000     8.5411     4.8615     3.4655  0.427E-02  0.685E-02   0.00       0.00       1.00       1.00    
    10.0000     8.9802     5.0911     3.6311  0.388E-02  0.613E-02   0.00       0.00       1.00       1.00    
    10.0000     9.0208     5.1123     3.6464  0.388E-02  0.613E-02   0.00       0.00       1.00       1.00    
    10.0000     9.0615     5.1336     3.6618  0.386E-02  0.610E-02   0.00       0.00       1.00       1.00    
    10.0000     9.1017     5.1546     3.6769  0.386E-02  0.610E-02   0.00       0.00       1.00       1.00    
    10.0000     9.1422     5.1758     3.6922  0.385E-02  0.606E-02   0.00       0.00       1.00       1.00    
    10.0000     9.1828     5.1970     3.7075  0.385E-02  0.606E-02   0.00       0.00       1.00       1.00    
    10.0000     9.2231     5.2181     3.7227  0.383E-02  0.606E-02   0.00       0.00       1.00       1.00    
    10.0000     9.2639     5.2394     3.7381  0.383E-02  0.602E-02   0.00       0.00       1.00       1.00    
    10.0000     9.3040     5.2604     3.7532  0.383E-02  0.602E-02   0.00       0.00       1.00       1.00    
    10.0000     9.3446     5.2816     3.7685  0.382E-02  0.599E-02   0.00       0.00       1.00       1.00    
    10.0000     9.3853     5.3029     3.7839  0.382E-02  0.599E-02   0.00       0.00       1.00       1.00    
    10.0000     9.4261     5.3242     3.7993  0.380E-02  0.599E-02   0.00       0.00       1.00       1.00    
    10.0000     9.4666     5.3454     3.8146  0.380E-02  0.595E-02   0.00       0.00       1.00       1.00    
    10.0000     9.5077     5.3669     3.8301  0.380E-02  0.595E-02   0.00       0.00       1.00       1.00    
    10.0000     9.5487     5.3883     3.8455  0.379E-02  0.592E-02   0.00       0.00       1.00       1.00    
    10.0000     9.5890     5.4094     3.8607  0.379E-02  0.592E-02   0.00       0.00       1.00       1.00    
     0.0000     9.6296     5.4306     3.8760  0.377E-02  0.592E-02   0.00       0.00       1.00       1.00    
