MODEL.01
 
ISOTROPIC
KGS
SPHERICAL EARTH
1-D
CONSTANT VELOCITY
LINE08
LINE09
LINE10
LINE11
      H(KM)   VP(KM/S)   VS(KM/S) RHO(GM/CC)     QP         QS       ETAP       ETAS      FREFP      FREFS    
     2.0000     5.6254     3.3247     2.6412  0.118E-02  0.167E-02   0.00       0.00       1.00       1.00    
     2.0000     5.9899     3.5187     2.7145  0.118E-02  0.167E-02   0.00       0.00       1.00       1.00    
     2.0000     6.1715     3.6131     2.7545  0.118E-02  0.167E-02   0.00       0.00       1.00       1.00    
     2.0000     6.2083     3.6321     2.7629  0.118E-02  0.167E-02   0.00       0.00       1.00       1.00    
     2.0000     6.1160     3.5843     2.7420  0.118E-02  0.167E-02   0.00       0.00       1.00       1.00    
     2.0000     6.0610     3.5558     2.7299  0.118E-02  0.167E-02   0.00       0.00       1.00       1.00    
     2.0000     6.0085     3.5284     2.7185  0.118E-02  0.167E-02   0.00       0.00       1.00       1.00    
     2.0000     6.0781     3.5647     2.7336  0.118E-02  0.167E-02   0.00       0.00       1.00       1.00    
     2.0000     6.1842     3.6196     2.7574  0.118E-02  0.167E-02   0.00       0.00       1.00       1.00    
     2.0000     6.1904     3.6228     2.7588  0.118E-02  0.167E-02   0.00       0.00       1.00       1.00    
     2.0000     6.2508     3.6539     2.7727  0.118E-02  0.167E-02   0.00       0.00       1.00       1.00    
     2.0000     6.2433     3.6501     2.7710  0.118E-02  0.167E-02   0.00       0.00       1.00       1.00    
     2.0000     6.2770     3.6674     2.7789  0.118E-02  0.167E-02   0.00       0.00       1.00       1.00    
     2.0000     6.3279     3.6935     2.7909  0.118E-02  0.167E-02   0.00       0.00       1.00       1.00    
     2.0000     6.8877     3.9772     2.9361  0.118E-02  0.167E-02   0.00       0.00       1.00       1.00    
     2.0000     7.6066     4.3435     3.1560  0.118E-02  0.167E-02   0.00       0.00       1.00       1.00    
     2.0000     7.8183     4.4547     3.2275  0.118E-02  0.167E-02   0.00       0.00       1.00       1.00    
     2.0000     7.8636     4.4789     3.2431  0.118E-02  0.167E-02   0.00       0.00       1.00       1.00    
     2.0000     7.8946     4.4955     3.2539  0.118E-02  0.167E-02   0.00       0.00       1.00       1.00    
     2.0000     7.8154     4.4532     3.2265  0.118E-02  0.167E-02   0.00       0.00       1.00       1.00    
     2.0000     7.5795     4.3294     3.1471  0.118E-02  0.167E-02   0.00       0.00       1.00       1.00    
     2.0000     7.5628     4.3208     3.1416  0.118E-02  0.167E-02   0.00       0.00       1.00       1.00    
     2.0000     7.7115     4.3983     3.1911  0.118E-02  0.167E-02   0.00       0.00       1.00       1.00    
     2.0000     7.8014     4.4458     3.2216  0.118E-02  0.167E-02   0.00       0.00       1.00       1.00    
     2.0000     7.7759     4.4322     3.2129  0.118E-02  0.167E-02   0.00       0.00       1.00       1.00    
     5.0000     7.7284     4.4072     3.1968  0.118E-02  0.167E-02   0.00       0.00       1.00       1.00    
     5.0000     7.7611     4.4244     3.2079  0.118E-02  0.167E-02   0.00       0.00       1.00       1.00    
     5.0000     7.7681     4.4281     3.2103  0.118E-02  0.167E-02   0.00       0.00       1.00       1.00    
     5.0000     7.6970     4.3907     3.1862  0.118E-02  0.167E-02   0.00       0.00       1.00       1.00    
     5.0000     7.6102     4.3453     3.1572  0.118E-02  0.167E-02   0.00       0.00       1.00       1.00    
     5.0000     7.5827     4.3311     3.1481  0.118E-02  0.167E-02   0.00       0.00       1.00       1.00    
     5.0000     7.6118     4.3462     3.1577  0.118E-02  0.167E-02   0.00       0.00       1.00       1.00    
     5.0000     7.6301     4.3557     3.1638  0.118E-02  0.167E-02   0.00       0.00       1.00       1.00    
     5.0000     7.6319     4.3567     3.1644  0.118E-02  0.167E-02   0.00       0.00       1.00       1.00    
     5.0000     7.6411     4.3614     3.1675  0.118E-02  0.167E-02   0.00       0.00       1.00       1.00    
    10.0000     7.6510     4.3666     3.1708  0.118E-02  0.167E-02   0.00       0.00       1.00       1.00    
    10.0000     7.6668     4.3749     3.1760  0.118E-02  0.167E-02   0.00       0.00       1.00       1.00    
    10.0000     7.6807     4.3822     3.1807  0.862E-02  0.131E-01   0.00       0.00       1.00       1.00    
    10.0000     7.6916     4.3879     3.1844  0.862E-02  0.131E-01   0.00       0.00       1.00       1.00    
    10.0000     7.6992     4.3918     3.1869  0.855E-02  0.131E-01   0.00       0.00       1.00       1.00    
    10.0000     7.7205     4.4030     3.1941  0.847E-02  0.131E-01   0.00       0.00       1.00       1.00    
    10.0000     7.7432     4.4150     3.2018  0.847E-02  0.131E-01   0.00       0.00       1.00       1.00    
    10.0000     7.7602     4.4239     3.2076  0.833E-02  0.130E-01   0.00       0.00       1.00       1.00    
    10.0000     7.7786     4.4337     3.2139  0.826E-02  0.129E-01   0.00       0.00       1.00       1.00    
    10.0000     7.7985     4.4442     3.2207  0.813E-02  0.128E-01   0.00       0.00       1.00       1.00    
    10.0000     7.8174     4.4543     3.2272  0.806E-02  0.126E-01   0.00       0.00       1.00       1.00    
    10.0000     7.8505     4.4719     3.2386  0.474E-02  0.746E-02   0.00       0.00       1.00       1.00    
    10.0000     7.8975     4.4971     3.2549  0.472E-02  0.741E-02   0.00       0.00       1.00       1.00    
    10.0000     7.9430     4.5216     3.2709  0.469E-02  0.741E-02   0.00       0.00       1.00       1.00    
    10.0000     7.9866     4.5453     3.2863  0.467E-02  0.735E-02   0.00       0.00       1.00       1.00    
    10.0000     8.0296     4.5688     3.3016  0.465E-02  0.735E-02   0.00       0.00       1.00       1.00    
    10.0000     8.0706     4.5914     3.3162  0.463E-02  0.730E-02   0.00       0.00       1.00       1.00    
    10.0000     8.1102     4.6134     3.3305  0.461E-02  0.730E-02   0.00       0.00       1.00       1.00    
    10.0000     8.1475     4.6342     3.3440  0.459E-02  0.725E-02   0.00       0.00       1.00       1.00    
    10.0000     8.1849     4.6553     3.3577  0.455E-02  0.725E-02   0.00       0.00       1.00       1.00    
    10.0000     8.2205     4.6755     3.3708  0.452E-02  0.719E-02   0.00       0.00       1.00       1.00    
    10.0000     8.2556     4.6956     3.3837  0.450E-02  0.714E-02   0.00       0.00       1.00       1.00    
    10.0000     8.2895     4.7152     3.3963  0.448E-02  0.714E-02   0.00       0.00       1.00       1.00    
    10.0000     8.3227     4.7345     3.4087  0.446E-02  0.709E-02   0.00       0.00       1.00       1.00    
    10.0000     8.3550     4.7534     3.4208  0.442E-02  0.704E-02   0.00       0.00       1.00       1.00    
    10.0000     8.3863     4.7720     3.4325  0.441E-02  0.704E-02   0.00       0.00       1.00       1.00    
    10.0000     8.4167     4.7902     3.4441  0.439E-02  0.699E-02   0.00       0.00       1.00       1.00    
    10.0000     8.4470     4.8084     3.4556  0.435E-02  0.694E-02   0.00       0.00       1.00       1.00    
    10.0000     8.4763     4.8263     3.4667  0.433E-02  0.690E-02   0.00       0.00       1.00       1.00    
    10.0000     8.5080     4.8442     3.4530  0.431E-02  0.690E-02   0.00       0.00       1.00       1.00    
    10.0000     8.5411     4.8615     3.4655  0.427E-02  0.685E-02   0.00       0.00       1.00       1.00    
    10.0000     8.9802     5.0911     3.6311  0.388E-02  0.613E-02   0.00       0.00       1.00       1.00    
    10.0000     9.0208     5.1123     3.6464  0.388E-02  0.613E-02   0.00       0.00       1.00       1.00    
    10.0000     9.0615     5.1336     3.6618  0.386E-02  0.610E-02   0.00       0.00       1.00       1.00    
    10.0000     9.1017     5.1546     3.6769  0.386E-02  0.610E-02   0.00       0.00       1.00       1.00    
    10.0000     9.1422     5.1758     3.6922  0.385E-02  0.606E-02   0.00       0.00       1.00       1.00    
    10.0000     9.1828     5.1970     3.7075  0.385E-02  0.606E-02   0.00       0.00       1.00       1.00    
    10.0000     9.2231     5.2181     3.7227  0.383E-02  0.606E-02   0.00       0.00       1.00       1.00    
    10.0000     9.2639     5.2394     3.7381  0.383E-02  0.602E-02   0.00       0.00       1.00       1.00    
    10.0000     9.3040     5.2604     3.7532  0.383E-02  0.602E-02   0.00       0.00       1.00       1.00    
    10.0000     9.3446     5.2816     3.7685  0.382E-02  0.599E-02   0.00       0.00       1.00       1.00    
    10.0000     9.3853     5.3029     3.7839  0.382E-02  0.599E-02   0.00       0.00       1.00       1.00    
    10.0000     9.4261     5.3242     3.7993  0.380E-02  0.599E-02   0.00       0.00       1.00       1.00    
    10.0000     9.4666     5.3454     3.8146  0.380E-02  0.595E-02   0.00       0.00       1.00       1.00    
    10.0000     9.5077     5.3669     3.8301  0.380E-02  0.595E-02   0.00       0.00       1.00       1.00    
    10.0000     9.5487     5.3883     3.8455  0.379E-02  0.592E-02   0.00       0.00       1.00       1.00    
    10.0000     9.5890     5.4094     3.8607  0.379E-02  0.592E-02   0.00       0.00       1.00       1.00    
     0.0000     9.6296     5.4306     3.8760  0.377E-02  0.592E-02   0.00       0.00       1.00       1.00    
