MODEL.01
 
ISOTROPIC
KGS
SPHERICAL EARTH
1-D
CONSTANT VELOCITY
LINE08
LINE09
LINE10
LINE11
      H(KM)   VP(KM/S)   VS(KM/S) RHO(GM/CC)     QP         QS       ETAP       ETAS      FREFP      FREFS    
     2.0000     5.8171     3.4276     2.6786  0.118E-02  0.167E-02   0.00       0.00       1.00       1.00    
     2.0000     5.9945     3.5211     2.7155  0.118E-02  0.167E-02   0.00       0.00       1.00       1.00    
     2.0000     6.0979     3.5750     2.7380  0.118E-02  0.167E-02   0.00       0.00       1.00       1.00    
     2.0000     6.1418     3.5977     2.7478  0.118E-02  0.167E-02   0.00       0.00       1.00       1.00    
     2.0000     6.1170     3.5849     2.7422  0.118E-02  0.167E-02   0.00       0.00       1.00       1.00    
     2.0000     6.0975     3.5748     2.7379  0.118E-02  0.167E-02   0.00       0.00       1.00       1.00    
     2.0000     6.0920     3.5719     2.7367  0.118E-02  0.167E-02   0.00       0.00       1.00       1.00    
     2.0000     6.1409     3.5973     2.7476  0.118E-02  0.167E-02   0.00       0.00       1.00       1.00    
     2.0000     6.2204     3.6383     2.7657  0.118E-02  0.167E-02   0.00       0.00       1.00       1.00    
     2.0000     6.2419     3.6494     2.7707  0.118E-02  0.167E-02   0.00       0.00       1.00       1.00    
     2.0000     6.2824     3.6702     2.7801  0.118E-02  0.167E-02   0.00       0.00       1.00       1.00    
     2.0000     6.2428     3.6498     2.7709  0.118E-02  0.167E-02   0.00       0.00       1.00       1.00    
     2.0000     6.2423     3.6496     2.7708  0.118E-02  0.167E-02   0.00       0.00       1.00       1.00    
     2.0000     6.3673     3.7136     2.8004  0.118E-02  0.167E-02   0.00       0.00       1.00       1.00    
     2.0000     6.8203     3.9432     2.9174  0.118E-02  0.167E-02   0.00       0.00       1.00       1.00    
     2.0000     7.4634     4.2695     3.1094  0.118E-02  0.167E-02   0.00       0.00       1.00       1.00    
     2.0000     7.7678     4.4280     3.2102  0.118E-02  0.167E-02   0.00       0.00       1.00       1.00    
     2.0000     7.8646     4.4794     3.2435  0.118E-02  0.167E-02   0.00       0.00       1.00       1.00    
     2.0000     7.8858     4.4908     3.2508  0.118E-02  0.167E-02   0.00       0.00       1.00       1.00    
     2.0000     7.7886     4.4390     3.2173  0.118E-02  0.167E-02   0.00       0.00       1.00       1.00    
     2.0000     7.6093     4.3449     3.1569  0.118E-02  0.167E-02   0.00       0.00       1.00       1.00    
     2.0000     7.5601     4.3194     3.1407  0.118E-02  0.167E-02   0.00       0.00       1.00       1.00    
     2.0000     7.6416     4.3617     3.1676  0.118E-02  0.167E-02   0.00       0.00       1.00       1.00    
     2.0000     7.7101     4.3976     3.1906  0.118E-02  0.167E-02   0.00       0.00       1.00       1.00    
     2.0000     7.7159     4.4006     3.1925  0.118E-02  0.167E-02   0.00       0.00       1.00       1.00    
     5.0000     7.7029     4.3938     3.1881  0.118E-02  0.167E-02   0.00       0.00       1.00       1.00    
     5.0000     7.7331     4.4096     3.1983  0.118E-02  0.167E-02   0.00       0.00       1.00       1.00    
     5.0000     7.7392     4.4129     3.2004  0.118E-02  0.167E-02   0.00       0.00       1.00       1.00    
     5.0000     7.7006     4.3926     3.1874  0.118E-02  0.167E-02   0.00       0.00       1.00       1.00    
     5.0000     7.6563     4.3694     3.1725  0.118E-02  0.167E-02   0.00       0.00       1.00       1.00    
     5.0000     7.6425     4.3622     3.1679  0.118E-02  0.167E-02   0.00       0.00       1.00       1.00    
     5.0000     7.6597     4.3712     3.1737  0.118E-02  0.167E-02   0.00       0.00       1.00       1.00    
     5.0000     7.6711     4.3771     3.1775  0.118E-02  0.167E-02   0.00       0.00       1.00       1.00    
     5.0000     7.6721     4.3776     3.1778  0.118E-02  0.167E-02   0.00       0.00       1.00       1.00    
     5.0000     7.6810     4.3823     3.1808  0.118E-02  0.167E-02   0.00       0.00       1.00       1.00    
    10.0000     7.6898     4.3869     3.1837  0.118E-02  0.167E-02   0.00       0.00       1.00       1.00    
    10.0000     7.7022     4.3934     3.1879  0.118E-02  0.167E-02   0.00       0.00       1.00       1.00    
    10.0000     7.7135     4.3994     3.1917  0.862E-02  0.131E-01   0.00       0.00       1.00       1.00    
    10.0000     7.7204     4.4030     3.1941  0.862E-02  0.131E-01   0.00       0.00       1.00       1.00    
    10.0000     7.7240     4.4048     3.1953  0.855E-02  0.131E-01   0.00       0.00       1.00       1.00    
    10.0000     7.7372     4.4118     3.1997  0.847E-02  0.131E-01   0.00       0.00       1.00       1.00    
    10.0000     7.7523     4.4198     3.2049  0.847E-02  0.131E-01   0.00       0.00       1.00       1.00    
    10.0000     7.7642     4.4260     3.2089  0.833E-02  0.130E-01   0.00       0.00       1.00       1.00    
    10.0000     7.7775     4.4331     3.2135  0.826E-02  0.129E-01   0.00       0.00       1.00       1.00    
    10.0000     7.7915     4.4405     3.2183  0.813E-02  0.128E-01   0.00       0.00       1.00       1.00    
    10.0000     7.8050     4.4477     3.2229  0.806E-02  0.126E-01   0.00       0.00       1.00       1.00    
    10.0000     7.8340     4.4631     3.2329  0.474E-02  0.746E-02   0.00       0.00       1.00       1.00    
    10.0000     7.8771     4.4861     3.2478  0.472E-02  0.741E-02   0.00       0.00       1.00       1.00    
    10.0000     7.9197     4.5091     3.2627  0.469E-02  0.741E-02   0.00       0.00       1.00       1.00    
    10.0000     7.9614     4.5316     3.2774  0.467E-02  0.735E-02   0.00       0.00       1.00       1.00    
    10.0000     8.0029     4.5542     3.2920  0.465E-02  0.735E-02   0.00       0.00       1.00       1.00    
    10.0000     8.0429     4.5761     3.3063  0.463E-02  0.730E-02   0.00       0.00       1.00       1.00    
    10.0000     8.0821     4.5978     3.3204  0.461E-02  0.730E-02   0.00       0.00       1.00       1.00    
    10.0000     8.1198     4.6187     3.3340  0.459E-02  0.725E-02   0.00       0.00       1.00       1.00    
    10.0000     8.1579     4.6401     3.3478  0.455E-02  0.725E-02   0.00       0.00       1.00       1.00    
    10.0000     8.1948     4.6609     3.3613  0.452E-02  0.719E-02   0.00       0.00       1.00       1.00    
    10.0000     8.2316     4.6818     3.3749  0.450E-02  0.714E-02   0.00       0.00       1.00       1.00    
    10.0000     8.2674     4.7024     3.3881  0.448E-02  0.714E-02   0.00       0.00       1.00       1.00    
    10.0000     8.3030     4.7230     3.4013  0.446E-02  0.709E-02   0.00       0.00       1.00       1.00    
    10.0000     8.3379     4.7434     3.4143  0.442E-02  0.704E-02   0.00       0.00       1.00       1.00    
    10.0000     8.3723     4.7637     3.4273  0.441E-02  0.704E-02   0.00       0.00       1.00       1.00    
    10.0000     8.4062     4.7838     3.4401  0.439E-02  0.699E-02   0.00       0.00       1.00       1.00    
    10.0000     8.4399     4.8041     3.4528  0.435E-02  0.694E-02   0.00       0.00       1.00       1.00    
    10.0000     8.4726     4.8240     3.4653  0.433E-02  0.690E-02   0.00       0.00       1.00       1.00    
    10.0000     8.5080     4.8442     3.4530  0.431E-02  0.690E-02   0.00       0.00       1.00       1.00    
    10.0000     8.5411     4.8615     3.4655  0.427E-02  0.685E-02   0.00       0.00       1.00       1.00    
    10.0000     8.9802     5.0911     3.6311  0.388E-02  0.613E-02   0.00       0.00       1.00       1.00    
    10.0000     9.0208     5.1123     3.6464  0.388E-02  0.613E-02   0.00       0.00       1.00       1.00    
    10.0000     9.0615     5.1336     3.6618  0.386E-02  0.610E-02   0.00       0.00       1.00       1.00    
    10.0000     9.1017     5.1546     3.6769  0.386E-02  0.610E-02   0.00       0.00       1.00       1.00    
    10.0000     9.1422     5.1758     3.6922  0.385E-02  0.606E-02   0.00       0.00       1.00       1.00    
    10.0000     9.1828     5.1970     3.7075  0.385E-02  0.606E-02   0.00       0.00       1.00       1.00    
    10.0000     9.2231     5.2181     3.7227  0.383E-02  0.606E-02   0.00       0.00       1.00       1.00    
    10.0000     9.2639     5.2394     3.7381  0.383E-02  0.602E-02   0.00       0.00       1.00       1.00    
    10.0000     9.3040     5.2604     3.7532  0.383E-02  0.602E-02   0.00       0.00       1.00       1.00    
    10.0000     9.3446     5.2816     3.7685  0.382E-02  0.599E-02   0.00       0.00       1.00       1.00    
    10.0000     9.3853     5.3029     3.7839  0.382E-02  0.599E-02   0.00       0.00       1.00       1.00    
    10.0000     9.4261     5.3242     3.7993  0.380E-02  0.599E-02   0.00       0.00       1.00       1.00    
    10.0000     9.4666     5.3454     3.8146  0.380E-02  0.595E-02   0.00       0.00       1.00       1.00    
    10.0000     9.5077     5.3669     3.8301  0.380E-02  0.595E-02   0.00       0.00       1.00       1.00    
    10.0000     9.5487     5.3883     3.8455  0.379E-02  0.592E-02   0.00       0.00       1.00       1.00    
    10.0000     9.5890     5.4094     3.8607  0.379E-02  0.592E-02   0.00       0.00       1.00       1.00    
     0.0000     9.6296     5.4306     3.8760  0.377E-02  0.592E-02   0.00       0.00       1.00       1.00    
