MODEL.01
 
ISOTROPIC
KGS
SPHERICAL EARTH
1-D
CONSTANT VELOCITY
LINE08
LINE09
LINE10
LINE11
      H(KM)   VP(KM/S)   VS(KM/S) RHO(GM/CC)     QP         QS       ETAP       ETAS      FREFP      FREFS    
     2.0000     5.4351     3.2204     2.6065  0.118E-02  0.167E-02   0.00       0.00       1.00       1.00    
     2.0000     6.0671     3.5590     2.7312  0.118E-02  0.167E-02   0.00       0.00       1.00       1.00    
     2.0000     6.3017     3.6800     2.7847  0.118E-02  0.167E-02   0.00       0.00       1.00       1.00    
     2.0000     6.2601     3.6587     2.7749  0.118E-02  0.167E-02   0.00       0.00       1.00       1.00    
     2.0000     6.0584     3.5545     2.7293  0.118E-02  0.167E-02   0.00       0.00       1.00       1.00    
     2.0000     6.0046     3.5264     2.7176  0.118E-02  0.167E-02   0.00       0.00       1.00       1.00    
     2.0000     5.9538     3.4998     2.7068  0.118E-02  0.167E-02   0.00       0.00       1.00       1.00    
     2.0000     6.0548     3.5526     2.7285  0.118E-02  0.167E-02   0.00       0.00       1.00       1.00    
     2.0000     6.1823     3.6187     2.7570  0.118E-02  0.167E-02   0.00       0.00       1.00       1.00    
     2.0000     6.1873     3.6213     2.7581  0.118E-02  0.167E-02   0.00       0.00       1.00       1.00    
     2.0000     6.2614     3.6594     2.7752  0.118E-02  0.167E-02   0.00       0.00       1.00       1.00    
     2.0000     6.3391     3.6992     2.7936  0.118E-02  0.167E-02   0.00       0.00       1.00       1.00    
     2.0000     6.3926     3.7265     2.8065  0.118E-02  0.167E-02   0.00       0.00       1.00       1.00    
     2.0000     6.2962     3.6772     2.7834  0.118E-02  0.167E-02   0.00       0.00       1.00       1.00    
     2.0000     6.9343     4.0007     2.9492  0.118E-02  0.167E-02   0.00       0.00       1.00       1.00    
     2.0000     7.7434     4.4151     3.2019  0.118E-02  0.167E-02   0.00       0.00       1.00       1.00    
     2.0000     7.8738     4.4844     3.2467  0.118E-02  0.167E-02   0.00       0.00       1.00       1.00    
     2.0000     7.8652     4.4797     3.2437  0.118E-02  0.167E-02   0.00       0.00       1.00       1.00    
     2.0000     7.8834     4.4895     3.2500  0.118E-02  0.167E-02   0.00       0.00       1.00       1.00    
     2.0000     7.8702     4.4824     3.2454  0.118E-02  0.167E-02   0.00       0.00       1.00       1.00    
     2.0000     7.5778     4.3285     3.1465  0.118E-02  0.167E-02   0.00       0.00       1.00       1.00    
     2.0000     7.5925     4.3362     3.1514  0.118E-02  0.167E-02   0.00       0.00       1.00       1.00    
     2.0000     7.7453     4.4161     3.2025  0.118E-02  0.167E-02   0.00       0.00       1.00       1.00    
     2.0000     7.8018     4.4460     3.2218  0.118E-02  0.167E-02   0.00       0.00       1.00       1.00    
     2.0000     7.7475     4.4172     3.2032  0.118E-02  0.167E-02   0.00       0.00       1.00       1.00    
     5.0000     7.7117     4.3984     3.1911  0.118E-02  0.167E-02   0.00       0.00       1.00       1.00    
     5.0000     7.7540     4.4207     3.2055  0.118E-02  0.167E-02   0.00       0.00       1.00       1.00    
     5.0000     7.8000     4.4450     3.2212  0.118E-02  0.167E-02   0.00       0.00       1.00       1.00    
     5.0000     7.7208     4.4032     3.1942  0.118E-02  0.167E-02   0.00       0.00       1.00       1.00    
     5.0000     7.5711     4.3251     3.1443  0.118E-02  0.167E-02   0.00       0.00       1.00       1.00    
     5.0000     7.5176     4.2974     3.1268  0.118E-02  0.167E-02   0.00       0.00       1.00       1.00    
     5.0000     7.5667     4.3228     3.1429  0.118E-02  0.167E-02   0.00       0.00       1.00       1.00    
     5.0000     7.5961     4.3380     3.1525  0.118E-02  0.167E-02   0.00       0.00       1.00       1.00    
     5.0000     7.5986     4.3393     3.1534  0.118E-02  0.167E-02   0.00       0.00       1.00       1.00    
     5.0000     7.6075     4.3439     3.1563  0.118E-02  0.167E-02   0.00       0.00       1.00       1.00    
    10.0000     7.6180     4.3494     3.1598  0.118E-02  0.167E-02   0.00       0.00       1.00       1.00    
    10.0000     7.6374     4.3595     3.1662  0.118E-02  0.167E-02   0.00       0.00       1.00       1.00    
    10.0000     7.6557     4.3691     3.1723  0.862E-02  0.131E-01   0.00       0.00       1.00       1.00    
    10.0000     7.6737     4.3785     3.1784  0.862E-02  0.131E-01   0.00       0.00       1.00       1.00    
    10.0000     7.6891     4.3866     3.1835  0.855E-02  0.131E-01   0.00       0.00       1.00       1.00    
    10.0000     7.7228     4.4042     3.1949  0.847E-02  0.131E-01   0.00       0.00       1.00       1.00    
    10.0000     7.7573     4.4224     3.2066  0.847E-02  0.131E-01   0.00       0.00       1.00       1.00    
    10.0000     7.7836     4.4363     3.2155  0.833E-02  0.130E-01   0.00       0.00       1.00       1.00    
    10.0000     7.8107     4.4507     3.2249  0.826E-02  0.129E-01   0.00       0.00       1.00       1.00    
    10.0000     7.8407     4.4667     3.2352  0.813E-02  0.128E-01   0.00       0.00       1.00       1.00    
    10.0000     7.8688     4.4817     3.2449  0.806E-02  0.126E-01   0.00       0.00       1.00       1.00    
    10.0000     7.9094     4.5035     3.2591  0.474E-02  0.746E-02   0.00       0.00       1.00       1.00    
    10.0000     7.9618     4.5318     3.2775  0.472E-02  0.741E-02   0.00       0.00       1.00       1.00    
    10.0000     8.0114     4.5589     3.2951  0.469E-02  0.741E-02   0.00       0.00       1.00       1.00    
    10.0000     8.0575     4.5842     3.3115  0.467E-02  0.735E-02   0.00       0.00       1.00       1.00    
    10.0000     8.1021     4.6088     3.3276  0.465E-02  0.735E-02   0.00       0.00       1.00       1.00    
    10.0000     8.1433     4.6319     3.3425  0.463E-02  0.730E-02   0.00       0.00       1.00       1.00    
    10.0000     8.1822     4.6538     3.3567  0.461E-02  0.730E-02   0.00       0.00       1.00       1.00    
    10.0000     8.2173     4.6737     3.3696  0.459E-02  0.725E-02   0.00       0.00       1.00       1.00    
    10.0000     8.2518     4.6934     3.3823  0.455E-02  0.725E-02   0.00       0.00       1.00       1.00    
    10.0000     8.2837     4.7118     3.3941  0.452E-02  0.719E-02   0.00       0.00       1.00       1.00    
    10.0000     8.3140     4.7294     3.4054  0.450E-02  0.714E-02   0.00       0.00       1.00       1.00    
    10.0000     8.3429     4.7463     3.4162  0.448E-02  0.714E-02   0.00       0.00       1.00       1.00    
    10.0000     8.3700     4.7623     3.4264  0.446E-02  0.709E-02   0.00       0.00       1.00       1.00    
    10.0000     8.3957     4.7775     3.4361  0.442E-02  0.704E-02   0.00       0.00       1.00       1.00    
    10.0000     8.4196     4.7919     3.4451  0.441E-02  0.704E-02   0.00       0.00       1.00       1.00    
    10.0000     8.4421     4.8054     3.4537  0.439E-02  0.699E-02   0.00       0.00       1.00       1.00    
    10.0000     8.4640     4.8187     3.4620  0.435E-02  0.694E-02   0.00       0.00       1.00       1.00    
    10.0000     8.4851     4.8317     3.4701  0.433E-02  0.690E-02   0.00       0.00       1.00       1.00    
    10.0000     8.5080     4.8442     3.4530  0.431E-02  0.690E-02   0.00       0.00       1.00       1.00    
    10.0000     8.5411     4.8615     3.4655  0.427E-02  0.685E-02   0.00       0.00       1.00       1.00    
    10.0000     8.9802     5.0911     3.6311  0.388E-02  0.613E-02   0.00       0.00       1.00       1.00    
    10.0000     9.0208     5.1123     3.6464  0.388E-02  0.613E-02   0.00       0.00       1.00       1.00    
    10.0000     9.0615     5.1336     3.6618  0.386E-02  0.610E-02   0.00       0.00       1.00       1.00    
    10.0000     9.1017     5.1546     3.6769  0.386E-02  0.610E-02   0.00       0.00       1.00       1.00    
    10.0000     9.1422     5.1758     3.6922  0.385E-02  0.606E-02   0.00       0.00       1.00       1.00    
    10.0000     9.1828     5.1970     3.7075  0.385E-02  0.606E-02   0.00       0.00       1.00       1.00    
    10.0000     9.2231     5.2181     3.7227  0.383E-02  0.606E-02   0.00       0.00       1.00       1.00    
    10.0000     9.2639     5.2394     3.7381  0.383E-02  0.602E-02   0.00       0.00       1.00       1.00    
    10.0000     9.3040     5.2604     3.7532  0.383E-02  0.602E-02   0.00       0.00       1.00       1.00    
    10.0000     9.3446     5.2816     3.7685  0.382E-02  0.599E-02   0.00       0.00       1.00       1.00    
    10.0000     9.3853     5.3029     3.7839  0.382E-02  0.599E-02   0.00       0.00       1.00       1.00    
    10.0000     9.4261     5.3242     3.7993  0.380E-02  0.599E-02   0.00       0.00       1.00       1.00    
    10.0000     9.4666     5.3454     3.8146  0.380E-02  0.595E-02   0.00       0.00       1.00       1.00    
    10.0000     9.5077     5.3669     3.8301  0.380E-02  0.595E-02   0.00       0.00       1.00       1.00    
    10.0000     9.5487     5.3883     3.8455  0.379E-02  0.592E-02   0.00       0.00       1.00       1.00    
    10.0000     9.5890     5.4094     3.8607  0.379E-02  0.592E-02   0.00       0.00       1.00       1.00    
     0.0000     9.6296     5.4306     3.8760  0.377E-02  0.592E-02   0.00       0.00       1.00       1.00    
