MODEL.01
 
ISOTROPIC
KGS
SPHERICAL EARTH
1-D
CONSTANT VELOCITY
LINE08
LINE09
LINE10
LINE11
      H(KM)   VP(KM/S)   VS(KM/S) RHO(GM/CC)     QP         QS       ETAP       ETAS      FREFP      FREFS    
     2.0000     6.0096     3.5290     2.7187  0.118E-02  0.167E-02   0.00       0.00       1.00       1.00    
     2.0000     6.0214     3.5351     2.7213  0.118E-02  0.167E-02   0.00       0.00       1.00       1.00    
     2.0000     6.0336     3.5415     2.7239  0.118E-02  0.167E-02   0.00       0.00       1.00       1.00    
     2.0000     6.0425     3.5462     2.7258  0.118E-02  0.167E-02   0.00       0.00       1.00       1.00    
     2.0000     6.0462     3.5481     2.7266  0.118E-02  0.167E-02   0.00       0.00       1.00       1.00    
     2.0000     6.0561     3.5533     2.7288  0.118E-02  0.167E-02   0.00       0.00       1.00       1.00    
     2.0000     6.0736     3.5623     2.7326  0.118E-02  0.167E-02   0.00       0.00       1.00       1.00    
     2.0000     6.0868     3.5692     2.7355  0.118E-02  0.167E-02   0.00       0.00       1.00       1.00    
     2.0000     6.1014     3.5768     2.7388  0.118E-02  0.167E-02   0.00       0.00       1.00       1.00    
     2.0000     6.1242     3.5886     2.7438  0.118E-02  0.167E-02   0.00       0.00       1.00       1.00    
     2.0000     6.1726     3.6137     2.7548  0.118E-02  0.167E-02   0.00       0.00       1.00       1.00    
     2.0000     6.2286     3.6425     2.7676  0.118E-02  0.167E-02   0.00       0.00       1.00       1.00    
     2.0000     6.2912     3.6747     2.7822  0.118E-02  0.167E-02   0.00       0.00       1.00       1.00    
     2.0000     6.3590     3.7094     2.7984  0.118E-02  0.167E-02   0.00       0.00       1.00       1.00    
     2.0000     6.4352     3.7483     2.8169  0.118E-02  0.167E-02   0.00       0.00       1.00       1.00    
     2.0000     6.5342     3.7986     2.8417  0.118E-02  0.167E-02   0.00       0.00       1.00       1.00    
     2.0000     6.6556     3.8600     2.8731  0.118E-02  0.167E-02   0.00       0.00       1.00       1.00    
     2.0000     6.7923     3.9291     2.9097  0.118E-02  0.167E-02   0.00       0.00       1.00       1.00    
     2.0000     6.9419     4.0046     2.9514  0.118E-02  0.167E-02   0.00       0.00       1.00       1.00    
     2.0000     7.0875     4.0781     2.9936  0.118E-02  0.167E-02   0.00       0.00       1.00       1.00    
     2.0000     7.2086     4.1394     3.0298  0.118E-02  0.167E-02   0.00       0.00       1.00       1.00    
     2.0000     7.3064     4.1892     3.0598  0.118E-02  0.167E-02   0.00       0.00       1.00       1.00    
     2.0000     7.3923     4.2330     3.0867  0.118E-02  0.167E-02   0.00       0.00       1.00       1.00    
     2.0000     7.4672     4.2714     3.1106  0.118E-02  0.167E-02   0.00       0.00       1.00       1.00    
     2.0000     7.5323     4.3050     3.1316  0.118E-02  0.167E-02   0.00       0.00       1.00       1.00    
     5.0000     7.5841     4.3318     3.1486  0.118E-02  0.167E-02   0.00       0.00       1.00       1.00    
     5.0000     7.6493     4.3658     3.1702  0.118E-02  0.167E-02   0.00       0.00       1.00       1.00    
     5.0000     7.7055     4.3952     3.1890  0.118E-02  0.167E-02   0.00       0.00       1.00       1.00    
     5.0000     7.7484     4.4177     3.2035  0.118E-02  0.167E-02   0.00       0.00       1.00       1.00    
     5.0000     7.7779     4.4333     3.2136  0.118E-02  0.167E-02   0.00       0.00       1.00       1.00    
     5.0000     7.7949     4.4423     3.2194  0.118E-02  0.167E-02   0.00       0.00       1.00       1.00    
     5.0000     7.8120     4.4514     3.2253  0.118E-02  0.167E-02   0.00       0.00       1.00       1.00    
     5.0000     7.8199     4.4556     3.2280  0.118E-02  0.167E-02   0.00       0.00       1.00       1.00    
     5.0000     7.8201     4.4557     3.2281  0.118E-02  0.167E-02   0.00       0.00       1.00       1.00    
     5.0000     7.8274     4.4596     3.2306  0.118E-02  0.167E-02   0.00       0.00       1.00       1.00    
    10.0000     7.8326     4.4624     3.2324  0.118E-02  0.167E-02   0.00       0.00       1.00       1.00    
    10.0000     7.8376     4.4650     3.2341  0.118E-02  0.167E-02   0.00       0.00       1.00       1.00    
    10.0000     7.8449     4.4689     3.2366  0.862E-02  0.131E-01   0.00       0.00       1.00       1.00    
    10.0000     7.8504     4.4718     3.2385  0.862E-02  0.131E-01   0.00       0.00       1.00       1.00    
    10.0000     7.8536     4.4736     3.2396  0.855E-02  0.131E-01   0.00       0.00       1.00       1.00    
    10.0000     7.8610     4.4775     3.2422  0.847E-02  0.131E-01   0.00       0.00       1.00       1.00    
    10.0000     7.8675     4.4810     3.2445  0.847E-02  0.131E-01   0.00       0.00       1.00       1.00    
    10.0000     7.8723     4.4836     3.2461  0.833E-02  0.130E-01   0.00       0.00       1.00       1.00    
    10.0000     7.8784     4.4869     3.2483  0.826E-02  0.129E-01   0.00       0.00       1.00       1.00    
    10.0000     7.8847     4.4902     3.2504  0.813E-02  0.128E-01   0.00       0.00       1.00       1.00    
    10.0000     7.8907     4.4934     3.2525  0.806E-02  0.126E-01   0.00       0.00       1.00       1.00    
    10.0000     7.9122     4.5050     3.2600  0.474E-02  0.746E-02   0.00       0.00       1.00       1.00    
    10.0000     7.9482     4.5244     3.2727  0.472E-02  0.741E-02   0.00       0.00       1.00       1.00    
    10.0000     7.9840     4.5439     3.2853  0.469E-02  0.741E-02   0.00       0.00       1.00       1.00    
    10.0000     8.0196     4.5633     3.2980  0.467E-02  0.735E-02   0.00       0.00       1.00       1.00    
    10.0000     8.0550     4.5828     3.3107  0.465E-02  0.735E-02   0.00       0.00       1.00       1.00    
    10.0000     8.0893     4.6018     3.3230  0.463E-02  0.730E-02   0.00       0.00       1.00       1.00    
    10.0000     8.1232     4.6206     3.3352  0.461E-02  0.730E-02   0.00       0.00       1.00       1.00    
    10.0000     8.1562     4.6391     3.3472  0.459E-02  0.725E-02   0.00       0.00       1.00       1.00    
    10.0000     8.1896     4.6579     3.3594  0.455E-02  0.725E-02   0.00       0.00       1.00       1.00    
    10.0000     8.2221     4.6764     3.3713  0.452E-02  0.719E-02   0.00       0.00       1.00       1.00    
    10.0000     8.2548     4.6952     3.3834  0.450E-02  0.714E-02   0.00       0.00       1.00       1.00    
    10.0000     8.2870     4.7137     3.3954  0.448E-02  0.714E-02   0.00       0.00       1.00       1.00    
    10.0000     8.3191     4.7324     3.4073  0.446E-02  0.709E-02   0.00       0.00       1.00       1.00    
    10.0000     8.3507     4.7509     3.4192  0.442E-02  0.704E-02   0.00       0.00       1.00       1.00    
    10.0000     8.3824     4.7696     3.4311  0.441E-02  0.704E-02   0.00       0.00       1.00       1.00    
    10.0000     8.4133     4.7881     3.4427  0.439E-02  0.699E-02   0.00       0.00       1.00       1.00    
    10.0000     8.4446     4.8069     3.4546  0.435E-02  0.694E-02   0.00       0.00       1.00       1.00    
    10.0000     8.4749     4.8254     3.4662  0.433E-02  0.690E-02   0.00       0.00       1.00       1.00    
    10.0000     8.5080     4.8442     3.4530  0.431E-02  0.690E-02   0.00       0.00       1.00       1.00    
    10.0000     8.5411     4.8615     3.4655  0.427E-02  0.685E-02   0.00       0.00       1.00       1.00    
    10.0000     8.9802     5.0911     3.6311  0.388E-02  0.613E-02   0.00       0.00       1.00       1.00    
    10.0000     9.0208     5.1123     3.6464  0.388E-02  0.613E-02   0.00       0.00       1.00       1.00    
    10.0000     9.0615     5.1336     3.6618  0.386E-02  0.610E-02   0.00       0.00       1.00       1.00    
    10.0000     9.1017     5.1546     3.6769  0.386E-02  0.610E-02   0.00       0.00       1.00       1.00    
    10.0000     9.1422     5.1758     3.6922  0.385E-02  0.606E-02   0.00       0.00       1.00       1.00    
    10.0000     9.1828     5.1970     3.7075  0.385E-02  0.606E-02   0.00       0.00       1.00       1.00    
    10.0000     9.2231     5.2181     3.7227  0.383E-02  0.606E-02   0.00       0.00       1.00       1.00    
    10.0000     9.2639     5.2394     3.7381  0.383E-02  0.602E-02   0.00       0.00       1.00       1.00    
    10.0000     9.3040     5.2604     3.7532  0.383E-02  0.602E-02   0.00       0.00       1.00       1.00    
    10.0000     9.3446     5.2816     3.7685  0.382E-02  0.599E-02   0.00       0.00       1.00       1.00    
    10.0000     9.3853     5.3029     3.7839  0.382E-02  0.599E-02   0.00       0.00       1.00       1.00    
    10.0000     9.4261     5.3242     3.7993  0.380E-02  0.599E-02   0.00       0.00       1.00       1.00    
    10.0000     9.4666     5.3454     3.8146  0.380E-02  0.595E-02   0.00       0.00       1.00       1.00    
    10.0000     9.5077     5.3669     3.8301  0.380E-02  0.595E-02   0.00       0.00       1.00       1.00    
    10.0000     9.5487     5.3883     3.8455  0.379E-02  0.592E-02   0.00       0.00       1.00       1.00    
    10.0000     9.5890     5.4094     3.8607  0.379E-02  0.592E-02   0.00       0.00       1.00       1.00    
     0.0000     9.6296     5.4306     3.8760  0.377E-02  0.592E-02   0.00       0.00       1.00       1.00    
