MODEL.01
 
ISOTROPIC
KGS
SPHERICAL EARTH
1-D
CONSTANT VELOCITY
LINE08
LINE09
LINE10
LINE11
      H(KM)   VP(KM/S)   VS(KM/S) RHO(GM/CC)     QP         QS       ETAP       ETAS      FREFP      FREFS    
     2.0000     5.3801     3.1898     2.5968  0.118E-02  0.167E-02   0.00       0.00       1.00       1.00    
     2.0000     6.1113     3.5819     2.7410  0.118E-02  0.167E-02   0.00       0.00       1.00       1.00    
     2.0000     6.3416     3.7005     2.7942  0.118E-02  0.167E-02   0.00       0.00       1.00       1.00    
     2.0000     6.2531     3.6551     2.7733  0.118E-02  0.167E-02   0.00       0.00       1.00       1.00    
     2.0000     6.0117     3.5301     2.7192  0.118E-02  0.167E-02   0.00       0.00       1.00       1.00    
     2.0000     5.9700     3.5083     2.7103  0.118E-02  0.167E-02   0.00       0.00       1.00       1.00    
     2.0000     5.9502     3.4979     2.7061  0.118E-02  0.167E-02   0.00       0.00       1.00       1.00    
     2.0000     6.0642     3.5575     2.7306  0.118E-02  0.167E-02   0.00       0.00       1.00       1.00    
     2.0000     6.1928     3.6241     2.7594  0.118E-02  0.167E-02   0.00       0.00       1.00       1.00    
     2.0000     6.2019     3.6287     2.7614  0.118E-02  0.167E-02   0.00       0.00       1.00       1.00    
     2.0000     6.2654     3.6615     2.7761  0.118E-02  0.167E-02   0.00       0.00       1.00       1.00    
     2.0000     6.3792     3.7197     2.8032  0.118E-02  0.167E-02   0.00       0.00       1.00       1.00    
     2.0000     6.4358     3.7486     2.8171  0.118E-02  0.167E-02   0.00       0.00       1.00       1.00    
     2.0000     6.2904     3.6743     2.7820  0.118E-02  0.167E-02   0.00       0.00       1.00       1.00    
     2.0000     6.9448     4.0061     2.9522  0.118E-02  0.167E-02   0.00       0.00       1.00       1.00    
     2.0000     7.7869     4.4381     3.2167  0.118E-02  0.167E-02   0.00       0.00       1.00       1.00    
     2.0000     7.8945     4.4955     3.2539  0.118E-02  0.167E-02   0.00       0.00       1.00       1.00    
     2.0000     7.8634     4.4788     3.2430  0.118E-02  0.167E-02   0.00       0.00       1.00       1.00    
     2.0000     7.8589     4.4764     3.2415  0.118E-02  0.167E-02   0.00       0.00       1.00       1.00    
     2.0000     7.8747     4.4848     3.2470  0.118E-02  0.167E-02   0.00       0.00       1.00       1.00    
     2.0000     7.5627     4.3207     3.1416  0.118E-02  0.167E-02   0.00       0.00       1.00       1.00    
     2.0000     7.5922     4.3360     3.1513  0.118E-02  0.167E-02   0.00       0.00       1.00       1.00    
     2.0000     7.7362     4.4113     3.1994  0.118E-02  0.167E-02   0.00       0.00       1.00       1.00    
     2.0000     7.7752     4.4319     3.2127  0.118E-02  0.167E-02   0.00       0.00       1.00       1.00    
     2.0000     7.7147     4.4000     3.1921  0.118E-02  0.167E-02   0.00       0.00       1.00       1.00    
     5.0000     7.6960     4.3902     3.1859  0.118E-02  0.167E-02   0.00       0.00       1.00       1.00    
     5.0000     7.7426     4.4147     3.2016  0.118E-02  0.167E-02   0.00       0.00       1.00       1.00    
     5.0000     7.8128     4.4518     3.2256  0.118E-02  0.167E-02   0.00       0.00       1.00       1.00    
     5.0000     7.7376     4.4120     3.1999  0.118E-02  0.167E-02   0.00       0.00       1.00       1.00    
     5.0000     7.5632     4.3210     3.1417  0.118E-02  0.167E-02   0.00       0.00       1.00       1.00    
     5.0000     7.4952     4.2859     3.1196  0.118E-02  0.167E-02   0.00       0.00       1.00       1.00    
     5.0000     7.5511     4.3147     3.1378  0.118E-02  0.167E-02   0.00       0.00       1.00       1.00    
     5.0000     7.5854     4.3325     3.1490  0.118E-02  0.167E-02   0.00       0.00       1.00       1.00    
     5.0000     7.5882     4.3339     3.1499  0.118E-02  0.167E-02   0.00       0.00       1.00       1.00    
     5.0000     7.5970     4.3385     3.1529  0.118E-02  0.167E-02   0.00       0.00       1.00       1.00    
    10.0000     7.6076     4.3440     3.1563  0.118E-02  0.167E-02   0.00       0.00       1.00       1.00    
    10.0000     7.6281     4.3547     3.1631  0.118E-02  0.167E-02   0.00       0.00       1.00       1.00    
    10.0000     7.6482     4.3652     3.1698  0.862E-02  0.131E-01   0.00       0.00       1.00       1.00    
    10.0000     7.6692     4.3762     3.1769  0.862E-02  0.131E-01   0.00       0.00       1.00       1.00    
    10.0000     7.6884     4.3862     3.1833  0.855E-02  0.131E-01   0.00       0.00       1.00       1.00    
    10.0000     7.7272     4.4065     3.1964  0.847E-02  0.131E-01   0.00       0.00       1.00       1.00    
    10.0000     7.7660     4.4270     3.2095  0.847E-02  0.131E-01   0.00       0.00       1.00       1.00    
    10.0000     7.7965     4.4432     3.2200  0.833E-02  0.130E-01   0.00       0.00       1.00       1.00    
    10.0000     7.8277     4.4597     3.2307  0.826E-02  0.129E-01   0.00       0.00       1.00       1.00    
    10.0000     7.8627     4.4784     3.2428  0.813E-02  0.128E-01   0.00       0.00       1.00       1.00    
    10.0000     7.8953     4.4959     3.2542  0.806E-02  0.126E-01   0.00       0.00       1.00       1.00    
    10.0000     7.9394     4.5197     3.2696  0.474E-02  0.746E-02   0.00       0.00       1.00       1.00    
    10.0000     7.9944     4.5496     3.2890  0.472E-02  0.741E-02   0.00       0.00       1.00       1.00    
    10.0000     8.0459     4.5778     3.3074  0.469E-02  0.741E-02   0.00       0.00       1.00       1.00    
    10.0000     8.0934     4.6040     3.3244  0.467E-02  0.735E-02   0.00       0.00       1.00       1.00    
    10.0000     8.1385     4.6292     3.3408  0.465E-02  0.735E-02   0.00       0.00       1.00       1.00    
    10.0000     8.1800     4.6525     3.3559  0.463E-02  0.730E-02   0.00       0.00       1.00       1.00    
    10.0000     8.2182     4.6742     3.3699  0.461E-02  0.730E-02   0.00       0.00       1.00       1.00    
    10.0000     8.2524     4.6938     3.3825  0.459E-02  0.725E-02   0.00       0.00       1.00       1.00    
    10.0000     8.2854     4.7128     3.3948  0.455E-02  0.725E-02   0.00       0.00       1.00       1.00    
    10.0000     8.3153     4.7302     3.4059  0.452E-02  0.719E-02   0.00       0.00       1.00       1.00    
    10.0000     8.3434     4.7466     3.4164  0.450E-02  0.714E-02   0.00       0.00       1.00       1.00    
    10.0000     8.3698     4.7622     3.4263  0.448E-02  0.714E-02   0.00       0.00       1.00       1.00    
    10.0000     8.3940     4.7766     3.4355  0.446E-02  0.709E-02   0.00       0.00       1.00       1.00    
    10.0000     8.4162     4.7899     3.4439  0.442E-02  0.704E-02   0.00       0.00       1.00       1.00    
    10.0000     8.4364     4.8020     3.4515  0.441E-02  0.704E-02   0.00       0.00       1.00       1.00    
    10.0000     8.4549     4.8132     3.4586  0.439E-02  0.699E-02   0.00       0.00       1.00       1.00    
    10.0000     8.4728     4.8241     3.4654  0.435E-02  0.694E-02   0.00       0.00       1.00       1.00    
    10.0000     8.4895     4.8343     3.4717  0.433E-02  0.690E-02   0.00       0.00       1.00       1.00    
    10.0000     8.5080     4.8442     3.4530  0.431E-02  0.690E-02   0.00       0.00       1.00       1.00    
    10.0000     8.5411     4.8615     3.4655  0.427E-02  0.685E-02   0.00       0.00       1.00       1.00    
    10.0000     8.9802     5.0911     3.6311  0.388E-02  0.613E-02   0.00       0.00       1.00       1.00    
    10.0000     9.0208     5.1123     3.6464  0.388E-02  0.613E-02   0.00       0.00       1.00       1.00    
    10.0000     9.0615     5.1336     3.6618  0.386E-02  0.610E-02   0.00       0.00       1.00       1.00    
    10.0000     9.1017     5.1546     3.6769  0.386E-02  0.610E-02   0.00       0.00       1.00       1.00    
    10.0000     9.1422     5.1758     3.6922  0.385E-02  0.606E-02   0.00       0.00       1.00       1.00    
    10.0000     9.1828     5.1970     3.7075  0.385E-02  0.606E-02   0.00       0.00       1.00       1.00    
    10.0000     9.2231     5.2181     3.7227  0.383E-02  0.606E-02   0.00       0.00       1.00       1.00    
    10.0000     9.2639     5.2394     3.7381  0.383E-02  0.602E-02   0.00       0.00       1.00       1.00    
    10.0000     9.3040     5.2604     3.7532  0.383E-02  0.602E-02   0.00       0.00       1.00       1.00    
    10.0000     9.3446     5.2816     3.7685  0.382E-02  0.599E-02   0.00       0.00       1.00       1.00    
    10.0000     9.3853     5.3029     3.7839  0.382E-02  0.599E-02   0.00       0.00       1.00       1.00    
    10.0000     9.4261     5.3242     3.7993  0.380E-02  0.599E-02   0.00       0.00       1.00       1.00    
    10.0000     9.4666     5.3454     3.8146  0.380E-02  0.595E-02   0.00       0.00       1.00       1.00    
    10.0000     9.5077     5.3669     3.8301  0.380E-02  0.595E-02   0.00       0.00       1.00       1.00    
    10.0000     9.5487     5.3883     3.8455  0.379E-02  0.592E-02   0.00       0.00       1.00       1.00    
    10.0000     9.5890     5.4094     3.8607  0.379E-02  0.592E-02   0.00       0.00       1.00       1.00    
     0.0000     9.6296     5.4306     3.8760  0.377E-02  0.592E-02   0.00       0.00       1.00       1.00    
