MODEL.01
 
ISOTROPIC
KGS
SPHERICAL EARTH
1-D
CONSTANT VELOCITY
LINE08
LINE09
LINE10
LINE11
      H(KM)   VP(KM/S)   VS(KM/S) RHO(GM/CC)     QP         QS       ETAP       ETAS      FREFP      FREFS    
     2.0000     5.8730     3.4572     2.6900  0.118E-02  0.167E-02   0.00       0.00       1.00       1.00    
     2.0000     6.2509     3.6540     2.7728  0.118E-02  0.167E-02   0.00       0.00       1.00       1.00    
     2.0000     6.5160     3.7894     2.8371  0.118E-02  0.167E-02   0.00       0.00       1.00       1.00    
     2.0000     6.5724     3.8180     2.8515  0.118E-02  0.167E-02   0.00       0.00       1.00       1.00    
     2.0000     6.5544     3.8088     2.8468  0.118E-02  0.167E-02   0.00       0.00       1.00       1.00    
     2.0000     6.3825     3.7214     2.8040  0.118E-02  0.167E-02   0.00       0.00       1.00       1.00    
     2.0000     6.3470     3.7033     2.7955  0.118E-02  0.167E-02   0.00       0.00       1.00       1.00    
     2.0000     6.2816     3.6698     2.7799  0.118E-02  0.167E-02   0.00       0.00       1.00       1.00    
     2.0000     6.4444     3.7529     2.8192  0.118E-02  0.167E-02   0.00       0.00       1.00       1.00    
     2.0000     6.5214     3.7921     2.8384  0.118E-02  0.167E-02   0.00       0.00       1.00       1.00    
     2.0000     6.6444     3.8544     2.8701  0.118E-02  0.167E-02   0.00       0.00       1.00       1.00    
     2.0000     6.7961     3.9310     2.9107  0.118E-02  0.167E-02   0.00       0.00       1.00       1.00    
     2.0000     6.8622     3.9644     2.9290  0.118E-02  0.167E-02   0.00       0.00       1.00       1.00    
     2.0000     6.8889     3.9779     2.9365  0.118E-02  0.167E-02   0.00       0.00       1.00       1.00    
     2.0000     6.9534     4.0104     2.9547  0.118E-02  0.167E-02   0.00       0.00       1.00       1.00    
     2.0000     7.5558     4.3171     3.1393  0.118E-02  0.167E-02   0.00       0.00       1.00       1.00    
     2.0000     8.2601     4.6982     3.3854  0.118E-02  0.167E-02   0.00       0.00       1.00       1.00    
     2.0000     8.4512     4.8109     3.4571  0.118E-02  0.167E-02   0.00       0.00       1.00       1.00    
     2.0000     8.4425     4.8057     3.4538  0.118E-02  0.167E-02   0.00       0.00       1.00       1.00    
     2.0000     8.4730     4.8242     3.4655  0.118E-02  0.167E-02   0.00       0.00       1.00       1.00    
     2.0000     8.4818     4.8296     3.4688  0.118E-02  0.167E-02   0.00       0.00       1.00       1.00    
     2.0000     8.3240     4.7352     3.4092  0.118E-02  0.167E-02   0.00       0.00       1.00       1.00    
     2.0000     8.1701     4.6469     3.3523  0.118E-02  0.167E-02   0.00       0.00       1.00       1.00    
     2.0000     8.2239     4.6775     3.3720  0.118E-02  0.167E-02   0.00       0.00       1.00       1.00    
     2.0000     8.3473     4.7489     3.4179  0.118E-02  0.167E-02   0.00       0.00       1.00       1.00    
     5.0000     8.3621     4.7576     3.4234  0.118E-02  0.167E-02   0.00       0.00       1.00       1.00    
     5.0000     8.3356     4.7421     3.4135  0.118E-02  0.167E-02   0.00       0.00       1.00       1.00    
     5.0000     8.3293     4.7383     3.4111  0.118E-02  0.167E-02   0.00       0.00       1.00       1.00    
     5.0000     8.2449     4.6894     3.3798  0.118E-02  0.167E-02   0.00       0.00       1.00       1.00    
     5.0000     8.0670     4.5894     3.3150  0.118E-02  0.167E-02   0.00       0.00       1.00       1.00    
     5.0000     7.9225     4.5105     3.2636  0.118E-02  0.167E-02   0.00       0.00       1.00       1.00    
     5.0000     7.8673     4.4809     3.2444  0.118E-02  0.167E-02   0.00       0.00       1.00       1.00    
     5.0000     7.8505     4.4719     3.2386  0.118E-02  0.167E-02   0.00       0.00       1.00       1.00    
     5.0000     7.8419     4.4673     3.2356  0.118E-02  0.167E-02   0.00       0.00       1.00       1.00    
     5.0000     7.8372     4.4648     3.2340  0.118E-02  0.167E-02   0.00       0.00       1.00       1.00    
    10.0000     7.8299     4.4609     3.2314  0.118E-02  0.167E-02   0.00       0.00       1.00       1.00    
    10.0000     7.8325     4.4623     3.2323  0.118E-02  0.167E-02   0.00       0.00       1.00       1.00    
    10.0000     7.8343     4.4633     3.2330  0.862E-02  0.131E-01   0.00       0.00       1.00       1.00    
    10.0000     7.8302     4.4611     3.2316  0.862E-02  0.131E-01   0.00       0.00       1.00       1.00    
    10.0000     7.8195     4.4554     3.2279  0.855E-02  0.131E-01   0.00       0.00       1.00       1.00    
    10.0000     7.8219     4.4567     3.2287  0.847E-02  0.131E-01   0.00       0.00       1.00       1.00    
    10.0000     7.8328     4.4625     3.2325  0.847E-02  0.131E-01   0.00       0.00       1.00       1.00    
    10.0000     7.8379     4.4652     3.2342  0.833E-02  0.130E-01   0.00       0.00       1.00       1.00    
    10.0000     7.8429     4.4678     3.2359  0.826E-02  0.129E-01   0.00       0.00       1.00       1.00    
    10.0000     7.8501     4.4717     3.2384  0.813E-02  0.128E-01   0.00       0.00       1.00       1.00    
    10.0000     7.8578     4.4758     3.2411  0.806E-02  0.126E-01   0.00       0.00       1.00       1.00    
    10.0000     7.8808     4.4881     3.2491  0.474E-02  0.746E-02   0.00       0.00       1.00       1.00    
    10.0000     7.9187     4.5085     3.2623  0.472E-02  0.741E-02   0.00       0.00       1.00       1.00    
    10.0000     7.9567     4.5290     3.2757  0.469E-02  0.741E-02   0.00       0.00       1.00       1.00    
    10.0000     7.9941     4.5494     3.2889  0.467E-02  0.735E-02   0.00       0.00       1.00       1.00    
    10.0000     8.0314     4.5698     3.3022  0.465E-02  0.735E-02   0.00       0.00       1.00       1.00    
    10.0000     8.0675     4.5897     3.3151  0.463E-02  0.730E-02   0.00       0.00       1.00       1.00    
    10.0000     8.1035     4.6096     3.3281  0.461E-02  0.730E-02   0.00       0.00       1.00       1.00    
    10.0000     8.1381     4.6290     3.3406  0.459E-02  0.725E-02   0.00       0.00       1.00       1.00    
    10.0000     8.1734     4.6488     3.3535  0.455E-02  0.725E-02   0.00       0.00       1.00       1.00    
    10.0000     8.2076     4.6682     3.3660  0.452E-02  0.719E-02   0.00       0.00       1.00       1.00    
    10.0000     8.2422     4.6879     3.3788  0.450E-02  0.714E-02   0.00       0.00       1.00       1.00    
    10.0000     8.2762     4.7074     3.3913  0.448E-02  0.714E-02   0.00       0.00       1.00       1.00    
    10.0000     8.3097     4.7269     3.4038  0.446E-02  0.709E-02   0.00       0.00       1.00       1.00    
    10.0000     8.3429     4.7463     3.4162  0.442E-02  0.704E-02   0.00       0.00       1.00       1.00    
    10.0000     8.3763     4.7661     3.4288  0.441E-02  0.704E-02   0.00       0.00       1.00       1.00    
    10.0000     8.4088     4.7854     3.4410  0.439E-02  0.699E-02   0.00       0.00       1.00       1.00    
    10.0000     8.4417     4.8052     3.4535  0.435E-02  0.694E-02   0.00       0.00       1.00       1.00    
    10.0000     8.4734     4.8245     3.4656  0.433E-02  0.690E-02   0.00       0.00       1.00       1.00    
    10.0000     8.5080     4.8442     3.4530  0.431E-02  0.690E-02   0.00       0.00       1.00       1.00    
    10.0000     8.5411     4.8615     3.4655  0.427E-02  0.685E-02   0.00       0.00       1.00       1.00    
    10.0000     8.9802     5.0911     3.6311  0.388E-02  0.613E-02   0.00       0.00       1.00       1.00    
    10.0000     9.0208     5.1123     3.6464  0.388E-02  0.613E-02   0.00       0.00       1.00       1.00    
    10.0000     9.0615     5.1336     3.6618  0.386E-02  0.610E-02   0.00       0.00       1.00       1.00    
    10.0000     9.1017     5.1546     3.6769  0.386E-02  0.610E-02   0.00       0.00       1.00       1.00    
    10.0000     9.1422     5.1758     3.6922  0.385E-02  0.606E-02   0.00       0.00       1.00       1.00    
    10.0000     9.1828     5.1970     3.7075  0.385E-02  0.606E-02   0.00       0.00       1.00       1.00    
    10.0000     9.2231     5.2181     3.7227  0.383E-02  0.606E-02   0.00       0.00       1.00       1.00    
    10.0000     9.2639     5.2394     3.7381  0.383E-02  0.602E-02   0.00       0.00       1.00       1.00    
    10.0000     9.3040     5.2604     3.7532  0.383E-02  0.602E-02   0.00       0.00       1.00       1.00    
    10.0000     9.3446     5.2816     3.7685  0.382E-02  0.599E-02   0.00       0.00       1.00       1.00    
    10.0000     9.3853     5.3029     3.7839  0.382E-02  0.599E-02   0.00       0.00       1.00       1.00    
    10.0000     9.4261     5.3242     3.7993  0.380E-02  0.599E-02   0.00       0.00       1.00       1.00    
    10.0000     9.4666     5.3454     3.8146  0.380E-02  0.595E-02   0.00       0.00       1.00       1.00    
    10.0000     9.5077     5.3669     3.8301  0.380E-02  0.595E-02   0.00       0.00       1.00       1.00    
    10.0000     9.5487     5.3883     3.8455  0.379E-02  0.592E-02   0.00       0.00       1.00       1.00    
    10.0000     9.5890     5.4094     3.8607  0.379E-02  0.592E-02   0.00       0.00       1.00       1.00    
     0.0000     9.6296     5.4306     3.8760  0.377E-02  0.592E-02   0.00       0.00       1.00       1.00    
