MODEL.01
 
ISOTROPIC
KGS
SPHERICAL EARTH
1-D
CONSTANT VELOCITY
LINE08
LINE09
LINE10
LINE11
      H(KM)   VP(KM/S)   VS(KM/S) RHO(GM/CC)     QP         QS       ETAP       ETAS      FREFP      FREFS    
     2.0000     5.9673     3.5069     2.7097  0.118E-02  0.167E-02   0.00       0.00       1.00       1.00    
     2.0000     6.2725     3.6651     2.7778  0.118E-02  0.167E-02   0.00       0.00       1.00       1.00    
     2.0000     6.4914     3.7768     2.8309  0.118E-02  0.167E-02   0.00       0.00       1.00       1.00    
     2.0000     6.5629     3.8131     2.8490  0.118E-02  0.167E-02   0.00       0.00       1.00       1.00    
     2.0000     6.5582     3.8107     2.8478  0.118E-02  0.167E-02   0.00       0.00       1.00       1.00    
     2.0000     6.4153     3.7381     2.8120  0.118E-02  0.167E-02   0.00       0.00       1.00       1.00    
     2.0000     6.3826     3.7215     2.8041  0.118E-02  0.167E-02   0.00       0.00       1.00       1.00    
     2.0000     6.3479     3.7037     2.7957  0.118E-02  0.167E-02   0.00       0.00       1.00       1.00    
     2.0000     6.4918     3.7770     2.8310  0.118E-02  0.167E-02   0.00       0.00       1.00       1.00    
     2.0000     6.5697     3.8166     2.8507  0.118E-02  0.167E-02   0.00       0.00       1.00       1.00    
     2.0000     6.6753     3.8700     2.8783  0.118E-02  0.167E-02   0.00       0.00       1.00       1.00    
     2.0000     6.7957     3.9308     2.9107  0.118E-02  0.167E-02   0.00       0.00       1.00       1.00    
     2.0000     6.8242     3.9452     2.9185  0.118E-02  0.167E-02   0.00       0.00       1.00       1.00    
     2.0000     6.8612     3.9639     2.9287  0.118E-02  0.167E-02   0.00       0.00       1.00       1.00    
     2.0000     6.9569     4.0122     2.9557  0.118E-02  0.167E-02   0.00       0.00       1.00       1.00    
     2.0000     7.4984     4.2875     3.1206  0.118E-02  0.167E-02   0.00       0.00       1.00       1.00    
     2.0000     8.1874     4.6567     3.3586  0.118E-02  0.167E-02   0.00       0.00       1.00       1.00    
     2.0000     8.4218     4.7932     3.4460  0.118E-02  0.167E-02   0.00       0.00       1.00       1.00    
     2.0000     8.4345     4.8008     3.4508  0.118E-02  0.167E-02   0.00       0.00       1.00       1.00    
     2.0000     8.4577     4.8149     3.4596  0.118E-02  0.167E-02   0.00       0.00       1.00       1.00    
     2.0000     8.4437     4.8064     3.4543  0.118E-02  0.167E-02   0.00       0.00       1.00       1.00    
     2.0000     8.2823     4.7110     3.3936  0.118E-02  0.167E-02   0.00       0.00       1.00       1.00    
     2.0000     8.1392     4.6295     3.3410  0.118E-02  0.167E-02   0.00       0.00       1.00       1.00    
     2.0000     8.1815     4.6534     3.3564  0.118E-02  0.167E-02   0.00       0.00       1.00       1.00    
     2.0000     8.3007     4.7216     3.4005  0.118E-02  0.167E-02   0.00       0.00       1.00       1.00    
     5.0000     8.3303     4.7389     3.4115  0.118E-02  0.167E-02   0.00       0.00       1.00       1.00    
     5.0000     8.3062     4.7249     3.4025  0.118E-02  0.167E-02   0.00       0.00       1.00       1.00    
     5.0000     8.2936     4.7175     3.3978  0.118E-02  0.167E-02   0.00       0.00       1.00       1.00    
     5.0000     8.2089     4.6689     3.3665  0.118E-02  0.167E-02   0.00       0.00       1.00       1.00    
     5.0000     8.0527     4.5815     3.3098  0.118E-02  0.167E-02   0.00       0.00       1.00       1.00    
     5.0000     7.9296     4.5144     3.2661  0.118E-02  0.167E-02   0.00       0.00       1.00       1.00    
     5.0000     7.8841     4.4899     3.2502  0.118E-02  0.167E-02   0.00       0.00       1.00       1.00    
     5.0000     7.8697     4.4822     3.2452  0.118E-02  0.167E-02   0.00       0.00       1.00       1.00    
     5.0000     7.8626     4.4783     3.2427  0.118E-02  0.167E-02   0.00       0.00       1.00       1.00    
     5.0000     7.8600     4.4770     3.2419  0.118E-02  0.167E-02   0.00       0.00       1.00       1.00    
    10.0000     7.8558     4.4747     3.2404  0.118E-02  0.167E-02   0.00       0.00       1.00       1.00    
    10.0000     7.8600     4.4770     3.2419  0.118E-02  0.167E-02   0.00       0.00       1.00       1.00    
    10.0000     7.8629     4.4785     3.2429  0.862E-02  0.131E-01   0.00       0.00       1.00       1.00    
    10.0000     7.8592     4.4765     3.2416  0.862E-02  0.131E-01   0.00       0.00       1.00       1.00    
    10.0000     7.8491     4.4711     3.2381  0.855E-02  0.131E-01   0.00       0.00       1.00       1.00    
    10.0000     7.8509     4.4721     3.2387  0.847E-02  0.131E-01   0.00       0.00       1.00       1.00    
    10.0000     7.8602     4.4771     3.2419  0.847E-02  0.131E-01   0.00       0.00       1.00       1.00    
    10.0000     7.8645     4.4794     3.2434  0.833E-02  0.130E-01   0.00       0.00       1.00       1.00    
    10.0000     7.8686     4.4816     3.2449  0.826E-02  0.129E-01   0.00       0.00       1.00       1.00    
    10.0000     7.8746     4.4848     3.2469  0.813E-02  0.128E-01   0.00       0.00       1.00       1.00    
    10.0000     7.8811     4.4883     3.2492  0.806E-02  0.126E-01   0.00       0.00       1.00       1.00    
    10.0000     7.9030     4.5000     3.2568  0.474E-02  0.746E-02   0.00       0.00       1.00       1.00    
    10.0000     7.9395     4.5197     3.2696  0.472E-02  0.741E-02   0.00       0.00       1.00       1.00    
    10.0000     7.9760     4.5396     3.2825  0.469E-02  0.741E-02   0.00       0.00       1.00       1.00    
    10.0000     8.0122     4.5593     3.2954  0.467E-02  0.735E-02   0.00       0.00       1.00       1.00    
    10.0000     8.0481     4.5790     3.3082  0.465E-02  0.735E-02   0.00       0.00       1.00       1.00    
    10.0000     8.0830     4.5982     3.3207  0.463E-02  0.730E-02   0.00       0.00       1.00       1.00    
    10.0000     8.1175     4.6175     3.3332  0.461E-02  0.730E-02   0.00       0.00       1.00       1.00    
    10.0000     8.1510     4.6362     3.3453  0.459E-02  0.725E-02   0.00       0.00       1.00       1.00    
    10.0000     8.1850     4.6553     3.3577  0.455E-02  0.725E-02   0.00       0.00       1.00       1.00    
    10.0000     8.2179     4.6740     3.3698  0.452E-02  0.719E-02   0.00       0.00       1.00       1.00    
    10.0000     8.2512     4.6931     3.3821  0.450E-02  0.714E-02   0.00       0.00       1.00       1.00    
    10.0000     8.2840     4.7120     3.3943  0.448E-02  0.714E-02   0.00       0.00       1.00       1.00    
    10.0000     8.3164     4.7308     3.4063  0.446E-02  0.709E-02   0.00       0.00       1.00       1.00    
    10.0000     8.3485     4.7496     3.4183  0.442E-02  0.704E-02   0.00       0.00       1.00       1.00    
    10.0000     8.3807     4.7686     3.4304  0.441E-02  0.704E-02   0.00       0.00       1.00       1.00    
    10.0000     8.4120     4.7873     3.4423  0.439E-02  0.699E-02   0.00       0.00       1.00       1.00    
    10.0000     8.4438     4.8065     3.4543  0.435E-02  0.694E-02   0.00       0.00       1.00       1.00    
    10.0000     8.4744     4.8251     3.4660  0.433E-02  0.690E-02   0.00       0.00       1.00       1.00    
    10.0000     8.5080     4.8442     3.4530  0.431E-02  0.690E-02   0.00       0.00       1.00       1.00    
    10.0000     8.5411     4.8615     3.4655  0.427E-02  0.685E-02   0.00       0.00       1.00       1.00    
    10.0000     8.9802     5.0911     3.6311  0.388E-02  0.613E-02   0.00       0.00       1.00       1.00    
    10.0000     9.0208     5.1123     3.6464  0.388E-02  0.613E-02   0.00       0.00       1.00       1.00    
    10.0000     9.0615     5.1336     3.6618  0.386E-02  0.610E-02   0.00       0.00       1.00       1.00    
    10.0000     9.1017     5.1546     3.6769  0.386E-02  0.610E-02   0.00       0.00       1.00       1.00    
    10.0000     9.1422     5.1758     3.6922  0.385E-02  0.606E-02   0.00       0.00       1.00       1.00    
    10.0000     9.1828     5.1970     3.7075  0.385E-02  0.606E-02   0.00       0.00       1.00       1.00    
    10.0000     9.2231     5.2181     3.7227  0.383E-02  0.606E-02   0.00       0.00       1.00       1.00    
    10.0000     9.2639     5.2394     3.7381  0.383E-02  0.602E-02   0.00       0.00       1.00       1.00    
    10.0000     9.3040     5.2604     3.7532  0.383E-02  0.602E-02   0.00       0.00       1.00       1.00    
    10.0000     9.3446     5.2816     3.7685  0.382E-02  0.599E-02   0.00       0.00       1.00       1.00    
    10.0000     9.3853     5.3029     3.7839  0.382E-02  0.599E-02   0.00       0.00       1.00       1.00    
    10.0000     9.4261     5.3242     3.7993  0.380E-02  0.599E-02   0.00       0.00       1.00       1.00    
    10.0000     9.4666     5.3454     3.8146  0.380E-02  0.595E-02   0.00       0.00       1.00       1.00    
    10.0000     9.5077     5.3669     3.8301  0.380E-02  0.595E-02   0.00       0.00       1.00       1.00    
    10.0000     9.5487     5.3883     3.8455  0.379E-02  0.592E-02   0.00       0.00       1.00       1.00    
    10.0000     9.5890     5.4094     3.8607  0.379E-02  0.592E-02   0.00       0.00       1.00       1.00    
     0.0000     9.6296     5.4306     3.8760  0.377E-02  0.592E-02   0.00       0.00       1.00       1.00    
