MODEL.01
 
ISOTROPIC
KGS
SPHERICAL EARTH
1-D
CONSTANT VELOCITY
LINE08
LINE09
LINE10
LINE11
      H(KM)   VP(KM/S)   VS(KM/S) RHO(GM/CC)     QP         QS       ETAP       ETAS      FREFP      FREFS    
     2.0000     5.8115     3.4246     2.6775  0.118E-02  0.167E-02   0.00       0.00       1.00       1.00    
     2.0000     6.2442     3.6506     2.7712  0.118E-02  0.167E-02   0.00       0.00       1.00       1.00    
     2.0000     6.5431     3.8031     2.8439  0.118E-02  0.167E-02   0.00       0.00       1.00       1.00    
     2.0000     6.5803     3.8220     2.8535  0.118E-02  0.167E-02   0.00       0.00       1.00       1.00    
     2.0000     6.5470     3.8051     2.8450  0.118E-02  0.167E-02   0.00       0.00       1.00       1.00    
     2.0000     6.3560     3.7078     2.7976  0.118E-02  0.167E-02   0.00       0.00       1.00       1.00    
     2.0000     6.3274     3.6932     2.7908  0.118E-02  0.167E-02   0.00       0.00       1.00       1.00    
     2.0000     6.2421     3.6495     2.7707  0.118E-02  0.167E-02   0.00       0.00       1.00       1.00    
     2.0000     6.4194     3.7402     2.8130  0.118E-02  0.167E-02   0.00       0.00       1.00       1.00    
     2.0000     6.4929     3.7776     2.8313  0.118E-02  0.167E-02   0.00       0.00       1.00       1.00    
     2.0000     6.6277     3.8460     2.8658  0.118E-02  0.167E-02   0.00       0.00       1.00       1.00    
     2.0000     6.7983     3.9321     2.9114  0.118E-02  0.167E-02   0.00       0.00       1.00       1.00    
     2.0000     6.8885     3.9776     2.9363  0.118E-02  0.167E-02   0.00       0.00       1.00       1.00    
     2.0000     6.8965     3.9817     2.9386  0.118E-02  0.167E-02   0.00       0.00       1.00       1.00    
     2.0000     6.9372     4.0022     2.9501  0.118E-02  0.167E-02   0.00       0.00       1.00       1.00    
     2.0000     7.5884     4.3341     3.1500  0.118E-02  0.167E-02   0.00       0.00       1.00       1.00    
     2.0000     8.3005     4.7216     3.4004  0.118E-02  0.167E-02   0.00       0.00       1.00       1.00    
     2.0000     8.4590     4.8157     3.4601  0.118E-02  0.167E-02   0.00       0.00       1.00       1.00    
     2.0000     8.4368     4.8023     3.4517  0.118E-02  0.167E-02   0.00       0.00       1.00       1.00    
     2.0000     8.4707     4.8228     3.4646  0.118E-02  0.167E-02   0.00       0.00       1.00       1.00    
     2.0000     8.4933     4.8367     3.4732  0.118E-02  0.167E-02   0.00       0.00       1.00       1.00    
     2.0000     8.3375     4.7431     3.4142  0.118E-02  0.167E-02   0.00       0.00       1.00       1.00    
     2.0000     8.1780     4.6514     3.3552  0.118E-02  0.167E-02   0.00       0.00       1.00       1.00    
     2.0000     8.2427     4.6882     3.3790  0.118E-02  0.167E-02   0.00       0.00       1.00       1.00    
     2.0000     8.3665     4.7602     3.4251  0.118E-02  0.167E-02   0.00       0.00       1.00       1.00    
     5.0000     8.3677     4.7609     3.4255  0.118E-02  0.167E-02   0.00       0.00       1.00       1.00    
     5.0000     8.3451     4.7476     3.4170  0.118E-02  0.167E-02   0.00       0.00       1.00       1.00    
     5.0000     8.3437     4.7468     3.4165  0.118E-02  0.167E-02   0.00       0.00       1.00       1.00    
     5.0000     8.2608     4.6986     3.3856  0.118E-02  0.167E-02   0.00       0.00       1.00       1.00    
     5.0000     8.0677     4.5898     3.3152  0.118E-02  0.167E-02   0.00       0.00       1.00       1.00    
     5.0000     7.9069     4.5021     3.2582  0.118E-02  0.167E-02   0.00       0.00       1.00       1.00    
     5.0000     7.8450     4.4690     3.2367  0.118E-02  0.167E-02   0.00       0.00       1.00       1.00    
     5.0000     7.8264     4.4591     3.2303  0.118E-02  0.167E-02   0.00       0.00       1.00       1.00    
     5.0000     7.8168     4.4540     3.2270  0.118E-02  0.167E-02   0.00       0.00       1.00       1.00    
     5.0000     7.8106     4.4506     3.2248  0.118E-02  0.167E-02   0.00       0.00       1.00       1.00    
    10.0000     7.8009     4.4455     3.2215  0.118E-02  0.167E-02   0.00       0.00       1.00       1.00    
    10.0000     7.8021     4.4461     3.2219  0.118E-02  0.167E-02   0.00       0.00       1.00       1.00    
    10.0000     7.8035     4.4469     3.2224  0.862E-02  0.131E-01   0.00       0.00       1.00       1.00    
    10.0000     7.7990     4.4445     3.2208  0.862E-02  0.131E-01   0.00       0.00       1.00       1.00    
    10.0000     7.7880     4.4387     3.2171  0.855E-02  0.131E-01   0.00       0.00       1.00       1.00    
    10.0000     7.7916     4.4405     3.2183  0.847E-02  0.131E-01   0.00       0.00       1.00       1.00    
    10.0000     7.8039     4.4471     3.2225  0.847E-02  0.131E-01   0.00       0.00       1.00       1.00    
    10.0000     7.8098     4.4502     3.2245  0.833E-02  0.130E-01   0.00       0.00       1.00       1.00    
    10.0000     7.8159     4.4534     3.2266  0.826E-02  0.129E-01   0.00       0.00       1.00       1.00    
    10.0000     7.8244     4.4580     3.2296  0.813E-02  0.128E-01   0.00       0.00       1.00       1.00    
    10.0000     7.8335     4.4628     3.2327  0.806E-02  0.126E-01   0.00       0.00       1.00       1.00    
    10.0000     7.8577     4.4758     3.2411  0.474E-02  0.746E-02   0.00       0.00       1.00       1.00    
    10.0000     7.8970     4.4968     3.2547  0.472E-02  0.741E-02   0.00       0.00       1.00       1.00    
    10.0000     7.9364     4.5180     3.2685  0.469E-02  0.741E-02   0.00       0.00       1.00       1.00    
    10.0000     7.9752     4.5391     3.2822  0.467E-02  0.735E-02   0.00       0.00       1.00       1.00    
    10.0000     8.0139     4.5602     3.2960  0.465E-02  0.735E-02   0.00       0.00       1.00       1.00    
    10.0000     8.0514     4.5808     3.3093  0.463E-02  0.730E-02   0.00       0.00       1.00       1.00    
    10.0000     8.0887     4.6014     3.3228  0.461E-02  0.730E-02   0.00       0.00       1.00       1.00    
    10.0000     8.1247     4.6215     3.3358  0.459E-02  0.725E-02   0.00       0.00       1.00       1.00    
    10.0000     8.1614     4.6420     3.3491  0.455E-02  0.725E-02   0.00       0.00       1.00       1.00    
    10.0000     8.1969     4.6621     3.3621  0.452E-02  0.719E-02   0.00       0.00       1.00       1.00    
    10.0000     8.2328     4.6825     3.3753  0.450E-02  0.714E-02   0.00       0.00       1.00       1.00    
    10.0000     8.2679     4.7026     3.3883  0.448E-02  0.714E-02   0.00       0.00       1.00       1.00    
    10.0000     8.3028     4.7229     3.4012  0.446E-02  0.709E-02   0.00       0.00       1.00       1.00    
    10.0000     8.3371     4.7429     3.4141  0.442E-02  0.704E-02   0.00       0.00       1.00       1.00    
    10.0000     8.3718     4.7634     3.4271  0.441E-02  0.704E-02   0.00       0.00       1.00       1.00    
    10.0000     8.4054     4.7834     3.4398  0.439E-02  0.699E-02   0.00       0.00       1.00       1.00    
    10.0000     8.4394     4.8038     3.4527  0.435E-02  0.694E-02   0.00       0.00       1.00       1.00    
    10.0000     8.4724     4.8239     3.4652  0.433E-02  0.690E-02   0.00       0.00       1.00       1.00    
    10.0000     8.5080     4.8442     3.4530  0.431E-02  0.690E-02   0.00       0.00       1.00       1.00    
    10.0000     8.5411     4.8615     3.4655  0.427E-02  0.685E-02   0.00       0.00       1.00       1.00    
    10.0000     8.9802     5.0911     3.6311  0.388E-02  0.613E-02   0.00       0.00       1.00       1.00    
    10.0000     9.0208     5.1123     3.6464  0.388E-02  0.613E-02   0.00       0.00       1.00       1.00    
    10.0000     9.0615     5.1336     3.6618  0.386E-02  0.610E-02   0.00       0.00       1.00       1.00    
    10.0000     9.1017     5.1546     3.6769  0.386E-02  0.610E-02   0.00       0.00       1.00       1.00    
    10.0000     9.1422     5.1758     3.6922  0.385E-02  0.606E-02   0.00       0.00       1.00       1.00    
    10.0000     9.1828     5.1970     3.7075  0.385E-02  0.606E-02   0.00       0.00       1.00       1.00    
    10.0000     9.2231     5.2181     3.7227  0.383E-02  0.606E-02   0.00       0.00       1.00       1.00    
    10.0000     9.2639     5.2394     3.7381  0.383E-02  0.602E-02   0.00       0.00       1.00       1.00    
    10.0000     9.3040     5.2604     3.7532  0.383E-02  0.602E-02   0.00       0.00       1.00       1.00    
    10.0000     9.3446     5.2816     3.7685  0.382E-02  0.599E-02   0.00       0.00       1.00       1.00    
    10.0000     9.3853     5.3029     3.7839  0.382E-02  0.599E-02   0.00       0.00       1.00       1.00    
    10.0000     9.4261     5.3242     3.7993  0.380E-02  0.599E-02   0.00       0.00       1.00       1.00    
    10.0000     9.4666     5.3454     3.8146  0.380E-02  0.595E-02   0.00       0.00       1.00       1.00    
    10.0000     9.5077     5.3669     3.8301  0.380E-02  0.595E-02   0.00       0.00       1.00       1.00    
    10.0000     9.5487     5.3883     3.8455  0.379E-02  0.592E-02   0.00       0.00       1.00       1.00    
    10.0000     9.5890     5.4094     3.8607  0.379E-02  0.592E-02   0.00       0.00       1.00       1.00    
     0.0000     9.6296     5.4306     3.8760  0.377E-02  0.592E-02   0.00       0.00       1.00       1.00    
