MODEL.01
AK135-F Continental http://wwwrses.anu.edu.au/seismology/ak135/ak135f.html
ISOTROPIC
KGS
SPHERICAL EARTH
1-D
CONSTANT VELOCITY
LINE08
LINE09
LINE10
LINE11
      H(KM)   VP(KM/S)   VS(KM/S) RHO(GM/CC)     QP         QS       ETAP       ETAS      FREFP      FREFS    
     2.0000     8.0398     4.4844     3.3248   849.       600.       0.00       0.00       1.00       1.00    
     2.0000     8.0398     4.4844     3.3248   849.       600.       0.00       0.00       1.00       1.00    
     2.0000     8.0398     4.4844     3.3248   849.       600.       0.00       0.00       1.00       1.00    
     2.0000     8.0398     4.4844     3.3248   849.       600.       0.00       0.00       1.00       1.00    
     2.0000     8.0398     4.4844     3.3248   849.       600.       0.00       0.00       1.00       1.00    
     2.0000     8.0398     4.4844     3.3248   849.       600.       0.00       0.00       1.00       1.00    
     2.0000     8.0398     4.4844     3.3248   849.       600.       0.00       0.00       1.00       1.00    
     2.0000     8.0398     4.4844     3.3248   849.       600.       0.00       0.00       1.00       1.00    
     2.0000     8.0398     4.4844     3.3248   849.       600.       0.00       0.00       1.00       1.00    
     2.0000     8.0398     4.4844     3.3248   849.       600.       0.00       0.00       1.00       1.00    
     2.0000     8.0398     4.4844     3.3248   849.       600.       0.00       0.00       1.00       1.00    
     2.0000     8.0398     4.4844     3.3248   849.       600.       0.00       0.00       1.00       1.00    
     2.0000     8.0398     4.4844     3.3248   849.       600.       0.00       0.00       1.00       1.00    
     2.0000     8.0398     4.4844     3.3248   849.       600.       0.00       0.00       1.00       1.00    
     2.0000     8.0398     4.4844     3.3248   849.       600.       0.00       0.00       1.00       1.00    
     2.0000     8.0398     4.4844     3.3248   849.       600.       0.00       0.00       1.00       1.00    
     2.0000     8.0398     4.4844     3.3248   849.       600.       0.00       0.00       1.00       1.00    
     2.0000     8.0398     4.4844     3.3248   849.       600.       0.00       0.00       1.00       1.00    
     2.0000     8.0398     4.4844     3.3248   849.       600.       0.00       0.00       1.00       1.00    
     2.0000     8.0398     4.4844     3.3248   849.       600.       0.00       0.00       1.00       1.00    
     2.0000     8.0398     4.4844     3.3248   849.       600.       0.00       0.00       1.00       1.00    
     2.0000     8.0398     4.4844     3.3248   849.       600.       0.00       0.00       1.00       1.00    
     2.0000     8.0398     4.4844     3.3248   849.       600.       0.00       0.00       1.00       1.00    
     2.0000     8.0398     4.4844     3.3248   849.       600.       0.00       0.00       1.00       1.00    
     2.0000     8.0398     4.4844     3.3248   849.       600.       0.00       0.00       1.00       1.00    
     5.0000     8.0398     4.4844     3.3248   849.       600.       0.00       0.00       1.00       1.00    
     5.0000     8.0404     4.4856     3.3251   848.       600.       0.00       0.00       1.00       1.00    
     5.0000     8.0409     4.4868     3.3253   848.       600.       0.00       0.00       1.00       1.00    
     5.0000     8.0415     4.4880     3.3255   848.       600.       0.00       0.00       1.00       1.00    
     5.0000     8.0421     4.4891     3.3258   848.       600.       0.00       0.00       1.00       1.00    
     5.0000     8.0558     4.4886     3.3260   847.       600.       0.00       0.00       1.00       1.00    
     5.0000     8.0433     4.4917     3.3262   848.       600.       0.00       0.00       1.00       1.00    
     5.0000     8.0439     4.4929     3.3265   848.       600.       0.00       0.00       1.00       1.00    
     5.0000     8.0445     4.4922     3.3267   848.       600.       0.00       0.00       1.00       1.00    
     5.0000     8.0450     4.4952     3.3269   848.       600.       0.00       0.00       1.00       1.00    
    10.0000     8.0525     4.4970     3.3273   847.       600.       0.00       0.00       1.00       1.00    
    10.0000     8.0471     4.4984     3.3278   847.       600.       0.00       0.00       1.00       1.00    
    10.0000     8.0642     4.5012     3.4206   116.       76.1       0.00       0.00       1.00       1.00    
    10.0000     8.0922     4.5032     3.4082   116.       76.2       0.00       0.00       1.00       1.00    
    10.0000     8.1196     4.5042     3.3959   117.       76.3       0.00       0.00       1.00       1.00    
    10.0000     8.1472     4.5072     3.3835   118.       76.4       0.00       0.00       1.00       1.00    
    10.0000     8.1752     4.5096     3.3714   118.       76.6       0.00       0.00       1.00       1.00    
    10.0000     8.2030     4.5110     3.3607   120.       77.2       0.00       0.00       1.00       1.00    
    10.0000     8.2306     4.5131     3.3503   121.       77.8       0.00       0.00       1.00       1.00    
    10.0000     8.2589     4.5152     3.3399   123.       78.4       0.00       0.00       1.00       1.00    
    10.0000     8.2868     4.5172     3.3295   124.       79.1       0.00       0.00       1.00       1.00    
    10.0000     8.3189     4.5275     3.3285   211.       134.       0.00       0.00       1.00       1.00    
    10.0000     8.3552     4.5457     3.3369   212.       135.       0.00       0.00       1.00       1.00    
    10.0000     8.3913     4.5639     3.3453   213.       135.       0.00       0.00       1.00       1.00    
    10.0000     8.4278     4.5821     3.3537   214.       136.       0.00       0.00       1.00       1.00    
    10.0000     8.4641     4.6003     3.3621   215.       136.       0.00       0.00       1.00       1.00    
    10.0000     8.5005     4.6180     3.3708   216.       137.       0.00       0.00       1.00       1.00    
    10.0000     8.5370     4.6356     3.3797   217.       137.       0.00       0.00       1.00       1.00    
    10.0000     8.5736     4.6528     3.3886   218.       138.       0.00       0.00       1.00       1.00    
    10.0000     8.6102     4.6704     3.3976   220.       138.       0.00       0.00       1.00       1.00    
    10.0000     8.6467     4.6876     3.4065   221.       139.       0.00       0.00       1.00       1.00    
    10.0000     8.6833     4.7051     3.4157   222.       140.       0.00       0.00       1.00       1.00    
    10.0000     8.7198     4.7224     3.4250   223.       140.       0.00       0.00       1.00       1.00    
    10.0000     8.7563     4.7398     3.4344   224.       141.       0.00       0.00       1.00       1.00    
    10.0000     8.7928     4.7571     3.4437   226.       142.       0.00       0.00       1.00       1.00    
    10.0000     8.8293     4.7746     3.4530   227.       142.       0.00       0.00       1.00       1.00    
    10.0000     8.8659     4.7918     3.4626   228.       143.       0.00       0.00       1.00       1.00    
    10.0000     8.9024     4.8094     3.4724   230.       144.       0.00       0.00       1.00       1.00    
    10.0000     8.9389     4.8266     3.4822   231.       145.       0.00       0.00       1.00       1.00    
    10.0000     8.9754     4.8442     3.4921   232.       145.       0.00       0.00       1.00       1.00    
    10.0000     9.0119     4.8615     3.5019   234.       146.       0.00       0.00       1.00       1.00    
    10.0000     9.3769     5.0911     3.9313   258.       163.       0.00       0.00       1.00       1.00    
    10.0000     9.4105     5.1123     3.9304   258.       163.       0.00       0.00       1.00       1.00    
    10.0000     9.4438     5.1336     3.9295   259.       164.       0.00       0.00       1.00       1.00    
    10.0000     9.4777     5.1546     3.9286   259.       164.       0.00       0.00       1.00       1.00    
    10.0000     9.5112     5.1758     3.9277   260.       165.       0.00       0.00       1.00       1.00    
    10.0000     9.5449     5.1970     3.9269   260.       165.       0.00       0.00       1.00       1.00    
    10.0000     9.5785     5.2181     3.9261   261.       165.       0.00       0.00       1.00       1.00    
    10.0000     9.6119     5.2394     3.9253   261.       166.       0.00       0.00       1.00       1.00    
    10.0000     9.6458     5.2604     3.9245   261.       166.       0.00       0.00       1.00       1.00    
    10.0000     9.6794     5.2816     3.9237   262.       167.       0.00       0.00       1.00       1.00    
    10.0000     9.7130     5.3029     3.9231   262.       167.       0.00       0.00       1.00       1.00    
    10.0000     9.7466     5.3242     3.9229   263.       167.       0.00       0.00       1.00       1.00    
    10.0000     9.7799     5.3454     3.9226   263.       168.       0.00       0.00       1.00       1.00    
    10.0000     9.8137     5.3669     3.9222   263.       168.       0.00       0.00       1.00       1.00    
    10.0000     9.8473     5.3883     3.9220   264.       169.       0.00       0.00       1.00       1.00    
    10.0000     9.8808     5.4094     3.9217   264.       169.       0.00       0.00       1.00       1.00    
    10.0000     9.9144     5.4306     3.9214   265.       169.       0.00       0.00       1.00       1.00    
