MODEL.01
 
ISOTROPIC
KGS
SPHERICAL EARTH
1-D
CONSTANT VELOCITY
LINE08
LINE09
LINE10
LINE11
      H(KM)   VP(KM/S)   VS(KM/S) RHO(GM/CC)     QP         QS       ETAP       ETAS      FREFP      FREFS    
     2.0000     5.7465     3.3900     2.6646  0.118E-02  0.167E-02   0.00       0.00       1.00       1.00    
     2.0000     6.2402     3.6485     2.7703  0.118E-02  0.167E-02   0.00       0.00       1.00       1.00    
     2.0000     6.5741     3.8188     2.8519  0.118E-02  0.167E-02   0.00       0.00       1.00       1.00    
     2.0000     6.5807     3.8222     2.8536  0.118E-02  0.167E-02   0.00       0.00       1.00       1.00    
     2.0000     6.5244     3.7936     2.8392  0.118E-02  0.167E-02   0.00       0.00       1.00       1.00    
     2.0000     6.3150     3.6869     2.7878  0.118E-02  0.167E-02   0.00       0.00       1.00       1.00    
     2.0000     6.3045     3.6815     2.7853  0.118E-02  0.167E-02   0.00       0.00       1.00       1.00    
     2.0000     6.2022     3.6289     2.7615  0.118E-02  0.167E-02   0.00       0.00       1.00       1.00    
     2.0000     6.3974     3.7290     2.8077  0.118E-02  0.167E-02   0.00       0.00       1.00       1.00    
     2.0000     6.4662     3.7640     2.8246  0.118E-02  0.167E-02   0.00       0.00       1.00       1.00    
     2.0000     6.6127     3.8384     2.8619  0.118E-02  0.167E-02   0.00       0.00       1.00       1.00    
     2.0000     6.8040     3.9350     2.9129  0.118E-02  0.167E-02   0.00       0.00       1.00       1.00    
     2.0000     6.9206     3.9938     2.9454  0.118E-02  0.167E-02   0.00       0.00       1.00       1.00    
     2.0000     6.9028     3.9849     2.9403  0.118E-02  0.167E-02   0.00       0.00       1.00       1.00    
     2.0000     6.9210     3.9940     2.9455  0.118E-02  0.167E-02   0.00       0.00       1.00       1.00    
     2.0000     7.6291     4.3552     3.1635  0.118E-02  0.167E-02   0.00       0.00       1.00       1.00    
     2.0000     8.3431     4.7464     3.4163  0.118E-02  0.167E-02   0.00       0.00       1.00       1.00    
     2.0000     8.4631     4.8182     3.4617  0.118E-02  0.167E-02   0.00       0.00       1.00       1.00    
     2.0000     8.4265     4.7961     3.4478  0.118E-02  0.167E-02   0.00       0.00       1.00       1.00    
     2.0000     8.4609     4.8169     3.4608  0.118E-02  0.167E-02   0.00       0.00       1.00       1.00    
     2.0000     8.4942     4.8373     3.4736  0.118E-02  0.167E-02   0.00       0.00       1.00       1.00    
     2.0000     8.3387     4.7438     3.4147  0.118E-02  0.167E-02   0.00       0.00       1.00       1.00    
     2.0000     8.1758     4.6501     3.3544  0.118E-02  0.167E-02   0.00       0.00       1.00       1.00    
     2.0000     8.2540     4.6947     3.3831  0.118E-02  0.167E-02   0.00       0.00       1.00       1.00    
     2.0000     8.3746     4.7650     3.4281  0.118E-02  0.167E-02   0.00       0.00       1.00       1.00    
     5.0000     8.3580     4.7552     3.4219  0.118E-02  0.167E-02   0.00       0.00       1.00       1.00    
     5.0000     8.3460     4.7481     3.4174  0.118E-02  0.167E-02   0.00       0.00       1.00       1.00    
     5.0000     8.3498     4.7504     3.4188  0.118E-02  0.167E-02   0.00       0.00       1.00       1.00    
     5.0000     8.2692     4.7034     3.3888  0.118E-02  0.167E-02   0.00       0.00       1.00       1.00    
     5.0000     8.0587     4.5848     3.3120  0.118E-02  0.167E-02   0.00       0.00       1.00       1.00    
     5.0000     7.8793     4.4873     3.2486  0.118E-02  0.167E-02   0.00       0.00       1.00       1.00    
     5.0000     7.8101     4.4504     3.2246  0.118E-02  0.167E-02   0.00       0.00       1.00       1.00    
     5.0000     7.7899     4.4397     3.2177  0.118E-02  0.167E-02   0.00       0.00       1.00       1.00    
     5.0000     7.7793     4.4340     3.2141  0.118E-02  0.167E-02   0.00       0.00       1.00       1.00    
     5.0000     7.7711     4.4297     3.2113  0.118E-02  0.167E-02   0.00       0.00       1.00       1.00    
    10.0000     7.7590     4.4233     3.2072  0.118E-02  0.167E-02   0.00       0.00       1.00       1.00    
    10.0000     7.7580     4.4228     3.2068  0.118E-02  0.167E-02   0.00       0.00       1.00       1.00    
    10.0000     7.7590     4.4233     3.2072  0.862E-02  0.131E-01   0.00       0.00       1.00       1.00    
    10.0000     7.7542     4.4208     3.2055  0.862E-02  0.131E-01   0.00       0.00       1.00       1.00    
    10.0000     7.7434     4.4151     3.2019  0.855E-02  0.131E-01   0.00       0.00       1.00       1.00    
    10.0000     7.7483     4.4177     3.2035  0.847E-02  0.131E-01   0.00       0.00       1.00       1.00    
    10.0000     7.7628     4.4253     3.2084  0.847E-02  0.131E-01   0.00       0.00       1.00       1.00    
    10.0000     7.7700     4.4291     3.2109  0.833E-02  0.130E-01   0.00       0.00       1.00       1.00    
    10.0000     7.7777     4.4332     3.2135  0.826E-02  0.129E-01   0.00       0.00       1.00       1.00    
    10.0000     7.7884     4.4388     3.2172  0.813E-02  0.128E-01   0.00       0.00       1.00       1.00    
    10.0000     7.7991     4.4446     3.2209  0.806E-02  0.126E-01   0.00       0.00       1.00       1.00    
    10.0000     7.8253     4.4585     3.2299  0.474E-02  0.746E-02   0.00       0.00       1.00       1.00    
    10.0000     7.8663     4.4804     3.2441  0.472E-02  0.741E-02   0.00       0.00       1.00       1.00    
    10.0000     7.9079     4.5027     3.2585  0.469E-02  0.741E-02   0.00       0.00       1.00       1.00    
    10.0000     7.9487     4.5247     3.2729  0.467E-02  0.735E-02   0.00       0.00       1.00       1.00    
    10.0000     7.9894     4.5468     3.2872  0.465E-02  0.735E-02   0.00       0.00       1.00       1.00    
    10.0000     8.0289     4.5684     3.3013  0.463E-02  0.730E-02   0.00       0.00       1.00       1.00    
    10.0000     8.0680     4.5899     3.3153  0.461E-02  0.730E-02   0.00       0.00       1.00       1.00    
    10.0000     8.1060     4.6111     3.3290  0.459E-02  0.725E-02   0.00       0.00       1.00       1.00    
    10.0000     8.1444     4.6325     3.3429  0.455E-02  0.725E-02   0.00       0.00       1.00       1.00    
    10.0000     8.1819     4.6536     3.3566  0.452E-02  0.719E-02   0.00       0.00       1.00       1.00    
    10.0000     8.2196     4.6750     3.3704  0.450E-02  0.714E-02   0.00       0.00       1.00       1.00    
    10.0000     8.2563     4.6960     3.3840  0.448E-02  0.714E-02   0.00       0.00       1.00       1.00    
    10.0000     8.2930     4.7172     3.3976  0.446E-02  0.709E-02   0.00       0.00       1.00       1.00    
    10.0000     8.3290     4.7382     3.4110  0.442E-02  0.704E-02   0.00       0.00       1.00       1.00    
    10.0000     8.3654     4.7596     3.4247  0.441E-02  0.704E-02   0.00       0.00       1.00       1.00    
    10.0000     8.4006     4.7805     3.4379  0.439E-02  0.699E-02   0.00       0.00       1.00       1.00    
    10.0000     8.4362     4.8019     3.4514  0.435E-02  0.694E-02   0.00       0.00       1.00       1.00    
    10.0000     8.4710     4.8230     3.4647  0.433E-02  0.690E-02   0.00       0.00       1.00       1.00    
    10.0000     8.5080     4.8442     3.4530  0.431E-02  0.690E-02   0.00       0.00       1.00       1.00    
    10.0000     8.5411     4.8615     3.4655  0.427E-02  0.685E-02   0.00       0.00       1.00       1.00    
    10.0000     8.9802     5.0911     3.6311  0.388E-02  0.613E-02   0.00       0.00       1.00       1.00    
    10.0000     9.0208     5.1123     3.6464  0.388E-02  0.613E-02   0.00       0.00       1.00       1.00    
    10.0000     9.0615     5.1336     3.6618  0.386E-02  0.610E-02   0.00       0.00       1.00       1.00    
    10.0000     9.1017     5.1546     3.6769  0.386E-02  0.610E-02   0.00       0.00       1.00       1.00    
    10.0000     9.1422     5.1758     3.6922  0.385E-02  0.606E-02   0.00       0.00       1.00       1.00    
    10.0000     9.1828     5.1970     3.7075  0.385E-02  0.606E-02   0.00       0.00       1.00       1.00    
    10.0000     9.2231     5.2181     3.7227  0.383E-02  0.606E-02   0.00       0.00       1.00       1.00    
    10.0000     9.2639     5.2394     3.7381  0.383E-02  0.602E-02   0.00       0.00       1.00       1.00    
    10.0000     9.3040     5.2604     3.7532  0.383E-02  0.602E-02   0.00       0.00       1.00       1.00    
    10.0000     9.3446     5.2816     3.7685  0.382E-02  0.599E-02   0.00       0.00       1.00       1.00    
    10.0000     9.3853     5.3029     3.7839  0.382E-02  0.599E-02   0.00       0.00       1.00       1.00    
    10.0000     9.4261     5.3242     3.7993  0.380E-02  0.599E-02   0.00       0.00       1.00       1.00    
    10.0000     9.4666     5.3454     3.8146  0.380E-02  0.595E-02   0.00       0.00       1.00       1.00    
    10.0000     9.5077     5.3669     3.8301  0.380E-02  0.595E-02   0.00       0.00       1.00       1.00    
    10.0000     9.5487     5.3883     3.8455  0.379E-02  0.592E-02   0.00       0.00       1.00       1.00    
    10.0000     9.5890     5.4094     3.8607  0.379E-02  0.592E-02   0.00       0.00       1.00       1.00    
     0.0000     9.6296     5.4306     3.8760  0.377E-02  0.592E-02   0.00       0.00       1.00       1.00    
