MODEL.01
 
ISOTROPIC
KGS
SPHERICAL EARTH
1-D
CONSTANT VELOCITY
LINE08
LINE09
LINE10
LINE11
      H(KM)   VP(KM/S)   VS(KM/S) RHO(GM/CC)     QP         QS       ETAP       ETAS      FREFP      FREFS    
     2.0000     5.8398     3.4396     2.6832  0.118E-02  0.167E-02   0.00       0.00       1.00       1.00    
     2.0000     6.2469     3.6520     2.7718  0.118E-02  0.167E-02   0.00       0.00       1.00       1.00    
     2.0000     6.5303     3.7966     2.8407  0.118E-02  0.167E-02   0.00       0.00       1.00       1.00    
     2.0000     6.5774     3.8205     2.8527  0.118E-02  0.167E-02   0.00       0.00       1.00       1.00    
     2.0000     6.5518     3.8075     2.8462  0.118E-02  0.167E-02   0.00       0.00       1.00       1.00    
     2.0000     6.3695     3.7147     2.8009  0.118E-02  0.167E-02   0.00       0.00       1.00       1.00    
     2.0000     6.3366     3.6979     2.7930  0.118E-02  0.167E-02   0.00       0.00       1.00       1.00    
     2.0000     6.2601     3.6587     2.7749  0.118E-02  0.167E-02   0.00       0.00       1.00       1.00    
     2.0000     6.4303     3.7458     2.8157  0.118E-02  0.167E-02   0.00       0.00       1.00       1.00    
     2.0000     6.5058     3.7841     2.8345  0.118E-02  0.167E-02   0.00       0.00       1.00       1.00    
     2.0000     6.6350     3.8497     2.8677  0.118E-02  0.167E-02   0.00       0.00       1.00       1.00    
     2.0000     6.7968     3.9314     2.9109  0.118E-02  0.167E-02   0.00       0.00       1.00       1.00    
     2.0000     6.8756     3.9712     2.9327  0.118E-02  0.167E-02   0.00       0.00       1.00       1.00    
     2.0000     6.8930     3.9799     2.9376  0.118E-02  0.167E-02   0.00       0.00       1.00       1.00    
     2.0000     6.9445     4.0059     2.9521  0.118E-02  0.167E-02   0.00       0.00       1.00       1.00    
     2.0000     7.5728     4.3259     3.1449  0.118E-02  0.167E-02   0.00       0.00       1.00       1.00    
     2.0000     8.2819     4.7108     3.3935  0.118E-02  0.167E-02   0.00       0.00       1.00       1.00    
     2.0000     8.4559     4.8138     3.4589  0.118E-02  0.167E-02   0.00       0.00       1.00       1.00    
     2.0000     8.4400     4.8042     3.4529  0.118E-02  0.167E-02   0.00       0.00       1.00       1.00    
     2.0000     8.4727     4.8240     3.4653  0.118E-02  0.167E-02   0.00       0.00       1.00       1.00    
     2.0000     8.4893     4.8342     3.4717  0.118E-02  0.167E-02   0.00       0.00       1.00       1.00    
     2.0000     8.3326     4.7403     3.4124  0.118E-02  0.167E-02   0.00       0.00       1.00       1.00    
     2.0000     8.1756     4.6500     3.3543  0.118E-02  0.167E-02   0.00       0.00       1.00       1.00    
     2.0000     8.2351     4.6838     3.3761  0.118E-02  0.167E-02   0.00       0.00       1.00       1.00    
     2.0000     8.3589     4.7558     3.4223  0.118E-02  0.167E-02   0.00       0.00       1.00       1.00    
     5.0000     8.3668     4.7604     3.4252  0.118E-02  0.167E-02   0.00       0.00       1.00       1.00    
     5.0000     8.3418     4.7457     3.4158  0.118E-02  0.167E-02   0.00       0.00       1.00       1.00    
     5.0000     8.3380     4.7435     3.4144  0.118E-02  0.167E-02   0.00       0.00       1.00       1.00    
     5.0000     8.2544     4.6949     3.3833  0.118E-02  0.167E-02   0.00       0.00       1.00       1.00    
     5.0000     8.0684     4.5902     3.3154  0.118E-02  0.167E-02   0.00       0.00       1.00       1.00    
     5.0000     7.9153     4.5066     3.2611  0.118E-02  0.167E-02   0.00       0.00       1.00       1.00    
     5.0000     7.8565     4.4751     3.2406  0.118E-02  0.167E-02   0.00       0.00       1.00       1.00    
     5.0000     7.8387     4.4656     3.2345  0.118E-02  0.167E-02   0.00       0.00       1.00       1.00    
     5.0000     7.8296     4.4607     3.2313  0.118E-02  0.167E-02   0.00       0.00       1.00       1.00    
     5.0000     7.8240     4.4578     3.2294  0.118E-02  0.167E-02   0.00       0.00       1.00       1.00    
    10.0000     7.8154     4.4532     3.2265  0.118E-02  0.167E-02   0.00       0.00       1.00       1.00    
    10.0000     7.8174     4.4542     3.2271  0.118E-02  0.167E-02   0.00       0.00       1.00       1.00    
    10.0000     7.8189     4.4551     3.2277  0.862E-02  0.131E-01   0.00       0.00       1.00       1.00    
    10.0000     7.8146     4.4528     3.2262  0.862E-02  0.131E-01   0.00       0.00       1.00       1.00    
    10.0000     7.8038     4.4470     3.2225  0.855E-02  0.131E-01   0.00       0.00       1.00       1.00    
    10.0000     7.8067     4.4486     3.2235  0.847E-02  0.131E-01   0.00       0.00       1.00       1.00    
    10.0000     7.8183     4.4548     3.2275  0.847E-02  0.131E-01   0.00       0.00       1.00       1.00    
    10.0000     7.8238     4.4577     3.2294  0.833E-02  0.130E-01   0.00       0.00       1.00       1.00    
    10.0000     7.8293     4.4606     3.2312  0.826E-02  0.129E-01   0.00       0.00       1.00       1.00    
    10.0000     7.8372     4.4648     3.2340  0.813E-02  0.128E-01   0.00       0.00       1.00       1.00    
    10.0000     7.8455     4.4693     3.2369  0.806E-02  0.126E-01   0.00       0.00       1.00       1.00    
    10.0000     7.8692     4.4819     3.2451  0.474E-02  0.746E-02   0.00       0.00       1.00       1.00    
    10.0000     7.9078     4.5026     3.2585  0.472E-02  0.741E-02   0.00       0.00       1.00       1.00    
    10.0000     7.9464     4.5235     3.2721  0.469E-02  0.741E-02   0.00       0.00       1.00       1.00    
    10.0000     7.9846     4.5442     3.2856  0.467E-02  0.735E-02   0.00       0.00       1.00       1.00    
    10.0000     8.0226     4.5650     3.2991  0.465E-02  0.735E-02   0.00       0.00       1.00       1.00    
    10.0000     8.0594     4.5852     3.3122  0.463E-02  0.730E-02   0.00       0.00       1.00       1.00    
    10.0000     8.0960     4.6055     3.3254  0.461E-02  0.730E-02   0.00       0.00       1.00       1.00    
    10.0000     8.1315     4.6252     3.3382  0.459E-02  0.725E-02   0.00       0.00       1.00       1.00    
    10.0000     8.1673     4.6454     3.3513  0.455E-02  0.725E-02   0.00       0.00       1.00       1.00    
    10.0000     8.2023     4.6651     3.3641  0.452E-02  0.719E-02   0.00       0.00       1.00       1.00    
    10.0000     8.2374     4.6852     3.3770  0.450E-02  0.714E-02   0.00       0.00       1.00       1.00    
    10.0000     8.2720     4.7050     3.3898  0.448E-02  0.714E-02   0.00       0.00       1.00       1.00    
    10.0000     8.3062     4.7249     3.4025  0.446E-02  0.709E-02   0.00       0.00       1.00       1.00    
    10.0000     8.3400     4.7446     3.4151  0.442E-02  0.704E-02   0.00       0.00       1.00       1.00    
    10.0000     8.3741     4.7647     3.4280  0.441E-02  0.704E-02   0.00       0.00       1.00       1.00    
    10.0000     8.4071     4.7844     3.4404  0.439E-02  0.699E-02   0.00       0.00       1.00       1.00    
    10.0000     8.4405     4.8045     3.4531  0.435E-02  0.694E-02   0.00       0.00       1.00       1.00    
    10.0000     8.4729     4.8242     3.4654  0.433E-02  0.690E-02   0.00       0.00       1.00       1.00    
    10.0000     8.5080     4.8442     3.4530  0.431E-02  0.690E-02   0.00       0.00       1.00       1.00    
    10.0000     8.5411     4.8615     3.4655  0.427E-02  0.685E-02   0.00       0.00       1.00       1.00    
    10.0000     8.9802     5.0911     3.6311  0.388E-02  0.613E-02   0.00       0.00       1.00       1.00    
    10.0000     9.0208     5.1123     3.6464  0.388E-02  0.613E-02   0.00       0.00       1.00       1.00    
    10.0000     9.0615     5.1336     3.6618  0.386E-02  0.610E-02   0.00       0.00       1.00       1.00    
    10.0000     9.1017     5.1546     3.6769  0.386E-02  0.610E-02   0.00       0.00       1.00       1.00    
    10.0000     9.1422     5.1758     3.6922  0.385E-02  0.606E-02   0.00       0.00       1.00       1.00    
    10.0000     9.1828     5.1970     3.7075  0.385E-02  0.606E-02   0.00       0.00       1.00       1.00    
    10.0000     9.2231     5.2181     3.7227  0.383E-02  0.606E-02   0.00       0.00       1.00       1.00    
    10.0000     9.2639     5.2394     3.7381  0.383E-02  0.602E-02   0.00       0.00       1.00       1.00    
    10.0000     9.3040     5.2604     3.7532  0.383E-02  0.602E-02   0.00       0.00       1.00       1.00    
    10.0000     9.3446     5.2816     3.7685  0.382E-02  0.599E-02   0.00       0.00       1.00       1.00    
    10.0000     9.3853     5.3029     3.7839  0.382E-02  0.599E-02   0.00       0.00       1.00       1.00    
    10.0000     9.4261     5.3242     3.7993  0.380E-02  0.599E-02   0.00       0.00       1.00       1.00    
    10.0000     9.4666     5.3454     3.8146  0.380E-02  0.595E-02   0.00       0.00       1.00       1.00    
    10.0000     9.5077     5.3669     3.8301  0.380E-02  0.595E-02   0.00       0.00       1.00       1.00    
    10.0000     9.5487     5.3883     3.8455  0.379E-02  0.592E-02   0.00       0.00       1.00       1.00    
    10.0000     9.5890     5.4094     3.8607  0.379E-02  0.592E-02   0.00       0.00       1.00       1.00    
     0.0000     9.6296     5.4306     3.8760  0.377E-02  0.592E-02   0.00       0.00       1.00       1.00    
