MODEL.01
 
ISOTROPIC
KGS
SPHERICAL EARTH
1-D
CONSTANT VELOCITY
LINE08
LINE09
LINE10
LINE11
      H(KM)   VP(KM/S)   VS(KM/S) RHO(GM/CC)     QP         QS       ETAP       ETAS      FREFP      FREFS    
     2.0000     5.7870     3.4116     2.6726  0.118E-02  0.167E-02   0.00       0.00       1.00       1.00    
     2.0000     6.2423     3.6496     2.7708  0.118E-02  0.167E-02   0.00       0.00       1.00       1.00    
     2.0000     6.5545     3.8089     2.8469  0.118E-02  0.167E-02   0.00       0.00       1.00       1.00    
     2.0000     6.5816     3.8226     2.8538  0.118E-02  0.167E-02   0.00       0.00       1.00       1.00    
     2.0000     6.5406     3.8018     2.8433  0.118E-02  0.167E-02   0.00       0.00       1.00       1.00    
     2.0000     6.3423     3.7008     2.7943  0.118E-02  0.167E-02   0.00       0.00       1.00       1.00    
     2.0000     6.3191     3.6890     2.7888  0.118E-02  0.167E-02   0.00       0.00       1.00       1.00    
     2.0000     6.2269     3.6417     2.7672  0.118E-02  0.167E-02   0.00       0.00       1.00       1.00    
     2.0000     6.4106     3.7357     2.8109  0.118E-02  0.167E-02   0.00       0.00       1.00       1.00    
     2.0000     6.4824     3.7722     2.8286  0.118E-02  0.167E-02   0.00       0.00       1.00       1.00    
     2.0000     6.6218     3.8430     2.8642  0.118E-02  0.167E-02   0.00       0.00       1.00       1.00    
     2.0000     6.8000     3.9330     2.9118  0.118E-02  0.167E-02   0.00       0.00       1.00       1.00    
     2.0000     6.9001     3.9835     2.9396  0.118E-02  0.167E-02   0.00       0.00       1.00       1.00    
     2.0000     6.8993     3.9831     2.9394  0.118E-02  0.167E-02   0.00       0.00       1.00       1.00    
     2.0000     6.9309     3.9991     2.9483  0.118E-02  0.167E-02   0.00       0.00       1.00       1.00    
     2.0000     7.6031     4.3417     3.1549  0.118E-02  0.167E-02   0.00       0.00       1.00       1.00    
     2.0000     8.3168     4.7310     3.4065  0.118E-02  0.167E-02   0.00       0.00       1.00       1.00    
     2.0000     8.4612     4.8170     3.4609  0.118E-02  0.167E-02   0.00       0.00       1.00       1.00    
     2.0000     8.4335     4.8003     3.4504  0.118E-02  0.167E-02   0.00       0.00       1.00       1.00    
     2.0000     8.4679     4.8211     3.4635  0.118E-02  0.167E-02   0.00       0.00       1.00       1.00    
     2.0000     8.4952     4.8378     3.4739  0.118E-02  0.167E-02   0.00       0.00       1.00       1.00    
     2.0000     8.3396     4.7444     3.4150  0.118E-02  0.167E-02   0.00       0.00       1.00       1.00    
     2.0000     8.1785     4.6517     3.3554  0.118E-02  0.167E-02   0.00       0.00       1.00       1.00    
     2.0000     8.2480     4.6912     3.3809  0.118E-02  0.167E-02   0.00       0.00       1.00       1.00    
     2.0000     8.3710     4.7629     3.4268  0.118E-02  0.167E-02   0.00       0.00       1.00       1.00    
     5.0000     8.3660     4.7599     3.4249  0.118E-02  0.167E-02   0.00       0.00       1.00       1.00    
     5.0000     8.3465     4.7484     3.4176  0.118E-02  0.167E-02   0.00       0.00       1.00       1.00    
     5.0000     8.3471     4.7488     3.4178  0.118E-02  0.167E-02   0.00       0.00       1.00       1.00    
     5.0000     8.2650     4.7010     3.3872  0.118E-02  0.167E-02   0.00       0.00       1.00       1.00    
     5.0000     8.0655     4.5886     3.3144  0.118E-02  0.167E-02   0.00       0.00       1.00       1.00    
     5.0000     7.8979     4.4973     3.2550  0.118E-02  0.167E-02   0.00       0.00       1.00       1.00    
     5.0000     7.8333     4.4627     3.2326  0.118E-02  0.167E-02   0.00       0.00       1.00       1.00    
     5.0000     7.8141     4.4525     3.2260  0.118E-02  0.167E-02   0.00       0.00       1.00       1.00    
     5.0000     7.8042     4.4472     3.2226  0.118E-02  0.167E-02   0.00       0.00       1.00       1.00    
     5.0000     7.7971     4.4435     3.2202  0.118E-02  0.167E-02   0.00       0.00       1.00       1.00    
    10.0000     7.7865     4.4379     3.2165  0.118E-02  0.167E-02   0.00       0.00       1.00       1.00    
    10.0000     7.7870     4.4381     3.2167  0.118E-02  0.167E-02   0.00       0.00       1.00       1.00    
    10.0000     7.7883     4.4388     3.2171  0.862E-02  0.131E-01   0.00       0.00       1.00       1.00    
    10.0000     7.7836     4.4363     3.2156  0.862E-02  0.131E-01   0.00       0.00       1.00       1.00    
    10.0000     7.7727     4.4306     3.2118  0.855E-02  0.131E-01   0.00       0.00       1.00       1.00    
    10.0000     7.7766     4.4326     3.2132  0.847E-02  0.131E-01   0.00       0.00       1.00       1.00    
    10.0000     7.7897     4.4396     3.2176  0.847E-02  0.131E-01   0.00       0.00       1.00       1.00    
    10.0000     7.7960     4.4429     3.2198  0.833E-02  0.130E-01   0.00       0.00       1.00       1.00    
    10.0000     7.8026     4.4464     3.2221  0.826E-02  0.129E-01   0.00       0.00       1.00       1.00    
    10.0000     7.8119     4.4514     3.2253  0.813E-02  0.128E-01   0.00       0.00       1.00       1.00    
    10.0000     7.8216     4.4565     3.2286  0.806E-02  0.126E-01   0.00       0.00       1.00       1.00    
    10.0000     7.8466     4.4698     3.2372  0.474E-02  0.746E-02   0.00       0.00       1.00       1.00    
    10.0000     7.8864     4.4911     3.2511  0.472E-02  0.741E-02   0.00       0.00       1.00       1.00    
    10.0000     7.9264     4.5127     3.2650  0.469E-02  0.741E-02   0.00       0.00       1.00       1.00    
    10.0000     7.9660     4.5341     3.2790  0.467E-02  0.735E-02   0.00       0.00       1.00       1.00    
    10.0000     8.0054     4.5556     3.2929  0.465E-02  0.735E-02   0.00       0.00       1.00       1.00    
    10.0000     8.0436     4.5765     3.3065  0.463E-02  0.730E-02   0.00       0.00       1.00       1.00    
    10.0000     8.0815     4.5974     3.3202  0.461E-02  0.730E-02   0.00       0.00       1.00       1.00    
    10.0000     8.1183     4.6179     3.3334  0.459E-02  0.725E-02   0.00       0.00       1.00       1.00    
    10.0000     8.1555     4.6387     3.3470  0.455E-02  0.725E-02   0.00       0.00       1.00       1.00    
    10.0000     8.1917     4.6591     3.3602  0.452E-02  0.719E-02   0.00       0.00       1.00       1.00    
    10.0000     8.2282     4.6799     3.3736  0.450E-02  0.714E-02   0.00       0.00       1.00       1.00    
    10.0000     8.2638     4.7003     3.3868  0.448E-02  0.714E-02   0.00       0.00       1.00       1.00    
    10.0000     8.2995     4.7209     3.4000  0.446E-02  0.709E-02   0.00       0.00       1.00       1.00    
    10.0000     8.3343     4.7413     3.4130  0.442E-02  0.704E-02   0.00       0.00       1.00       1.00    
    10.0000     8.3696     4.7621     3.4263  0.441E-02  0.704E-02   0.00       0.00       1.00       1.00    
    10.0000     8.4038     4.7824     3.4392  0.439E-02  0.699E-02   0.00       0.00       1.00       1.00    
    10.0000     8.4383     4.8031     3.4522  0.435E-02  0.694E-02   0.00       0.00       1.00       1.00    
    10.0000     8.4719     4.8236     3.4650  0.433E-02  0.690E-02   0.00       0.00       1.00       1.00    
    10.0000     8.5080     4.8442     3.4530  0.431E-02  0.690E-02   0.00       0.00       1.00       1.00    
    10.0000     8.5411     4.8615     3.4655  0.427E-02  0.685E-02   0.00       0.00       1.00       1.00    
    10.0000     8.9802     5.0911     3.6311  0.388E-02  0.613E-02   0.00       0.00       1.00       1.00    
    10.0000     9.0208     5.1123     3.6464  0.388E-02  0.613E-02   0.00       0.00       1.00       1.00    
    10.0000     9.0615     5.1336     3.6618  0.386E-02  0.610E-02   0.00       0.00       1.00       1.00    
    10.0000     9.1017     5.1546     3.6769  0.386E-02  0.610E-02   0.00       0.00       1.00       1.00    
    10.0000     9.1422     5.1758     3.6922  0.385E-02  0.606E-02   0.00       0.00       1.00       1.00    
    10.0000     9.1828     5.1970     3.7075  0.385E-02  0.606E-02   0.00       0.00       1.00       1.00    
    10.0000     9.2231     5.2181     3.7227  0.383E-02  0.606E-02   0.00       0.00       1.00       1.00    
    10.0000     9.2639     5.2394     3.7381  0.383E-02  0.602E-02   0.00       0.00       1.00       1.00    
    10.0000     9.3040     5.2604     3.7532  0.383E-02  0.602E-02   0.00       0.00       1.00       1.00    
    10.0000     9.3446     5.2816     3.7685  0.382E-02  0.599E-02   0.00       0.00       1.00       1.00    
    10.0000     9.3853     5.3029     3.7839  0.382E-02  0.599E-02   0.00       0.00       1.00       1.00    
    10.0000     9.4261     5.3242     3.7993  0.380E-02  0.599E-02   0.00       0.00       1.00       1.00    
    10.0000     9.4666     5.3454     3.8146  0.380E-02  0.595E-02   0.00       0.00       1.00       1.00    
    10.0000     9.5077     5.3669     3.8301  0.380E-02  0.595E-02   0.00       0.00       1.00       1.00    
    10.0000     9.5487     5.3883     3.8455  0.379E-02  0.592E-02   0.00       0.00       1.00       1.00    
    10.0000     9.5890     5.4094     3.8607  0.379E-02  0.592E-02   0.00       0.00       1.00       1.00    
     0.0000     9.6296     5.4306     3.8760  0.377E-02  0.592E-02   0.00       0.00       1.00       1.00    
