MODEL.01
 
ISOTROPIC
KGS
SPHERICAL EARTH
1-D
CONSTANT VELOCITY
LINE08
LINE09
LINE10
LINE11
      H(KM)   VP(KM/S)   VS(KM/S) RHO(GM/CC)     QP         QS       ETAP       ETAS      FREFP      FREFS    
     2.0000     6.4826     3.7724     2.8287  0.118E-02  0.167E-02   0.00       0.00       1.00       1.00    
     2.0000     6.5180     3.7903     2.8376  0.118E-02  0.167E-02   0.00       0.00       1.00       1.00    
     2.0000     6.5530     3.8081     2.8465  0.118E-02  0.167E-02   0.00       0.00       1.00       1.00    
     2.0000     6.5775     3.8206     2.8528  0.118E-02  0.167E-02   0.00       0.00       1.00       1.00    
     2.0000     6.5931     3.8284     2.8568  0.118E-02  0.167E-02   0.00       0.00       1.00       1.00    
     2.0000     6.6193     3.8417     2.8636  0.118E-02  0.167E-02   0.00       0.00       1.00       1.00    
     2.0000     6.6472     3.8558     2.8709  0.118E-02  0.167E-02   0.00       0.00       1.00       1.00    
     2.0000     6.6719     3.8683     2.8774  0.118E-02  0.167E-02   0.00       0.00       1.00       1.00    
     2.0000     6.7098     3.8874     2.8874  0.118E-02  0.167E-02   0.00       0.00       1.00       1.00    
     2.0000     6.7531     3.9093     2.8991  0.118E-02  0.167E-02   0.00       0.00       1.00       1.00    
     2.0000     6.8227     3.9445     2.9181  0.118E-02  0.167E-02   0.00       0.00       1.00       1.00    
     2.0000     6.8777     3.9722     2.9333  0.118E-02  0.167E-02   0.00       0.00       1.00       1.00    
     2.0000     6.9244     3.9957     2.9464  0.118E-02  0.167E-02   0.00       0.00       1.00       1.00    
     2.0000     6.9995     4.0336     2.9679  0.118E-02  0.167E-02   0.00       0.00       1.00       1.00    
     2.0000     7.1213     4.0952     3.0036  0.118E-02  0.167E-02   0.00       0.00       1.00       1.00    
     2.0000     7.3260     4.1991     3.0659  0.118E-02  0.167E-02   0.00       0.00       1.00       1.00    
     2.0000     7.5542     4.3163     3.1388  0.118E-02  0.167E-02   0.00       0.00       1.00       1.00    
     2.0000     7.7311     4.4086     3.1977  0.118E-02  0.167E-02   0.00       0.00       1.00       1.00    
     2.0000     7.8782     4.4867     3.2482  0.118E-02  0.167E-02   0.00       0.00       1.00       1.00    
     2.0000     7.9865     4.5452     3.2862  0.118E-02  0.167E-02   0.00       0.00       1.00       1.00    
     2.0000     8.0264     4.5671     3.3004  0.118E-02  0.167E-02   0.00       0.00       1.00       1.00    
     2.0000     8.0191     4.5631     3.2978  0.118E-02  0.167E-02   0.00       0.00       1.00       1.00    
     2.0000     8.0101     4.5581     3.2946  0.118E-02  0.167E-02   0.00       0.00       1.00       1.00    
     2.0000     8.0011     4.5532     3.2914  0.118E-02  0.167E-02   0.00       0.00       1.00       1.00    
     2.0000     7.9759     4.5395     3.2825  0.118E-02  0.167E-02   0.00       0.00       1.00       1.00    
     5.0000     7.9449     4.5227     3.2715  0.118E-02  0.167E-02   0.00       0.00       1.00       1.00    
     5.0000     7.9484     4.5245     3.2727  0.118E-02  0.167E-02   0.00       0.00       1.00       1.00    
     5.0000     7.9468     4.5237     3.2722  0.118E-02  0.167E-02   0.00       0.00       1.00       1.00    
     5.0000     7.9321     4.5158     3.2670  0.118E-02  0.167E-02   0.00       0.00       1.00       1.00    
     5.0000     7.9092     4.5034     3.2590  0.118E-02  0.167E-02   0.00       0.00       1.00       1.00    
     5.0000     7.8894     4.4927     3.2521  0.118E-02  0.167E-02   0.00       0.00       1.00       1.00    
     5.0000     7.8869     4.4914     3.2512  0.118E-02  0.167E-02   0.00       0.00       1.00       1.00    
     5.0000     7.8865     4.4912     3.2511  0.118E-02  0.167E-02   0.00       0.00       1.00       1.00    
     5.0000     7.8846     4.4902     3.2504  0.118E-02  0.167E-02   0.00       0.00       1.00       1.00    
     5.0000     7.8899     4.4930     3.2523  0.118E-02  0.167E-02   0.00       0.00       1.00       1.00    
    10.0000     7.8936     4.4950     3.2536  0.118E-02  0.167E-02   0.00       0.00       1.00       1.00    
    10.0000     7.8981     4.4974     3.2551  0.118E-02  0.167E-02   0.00       0.00       1.00       1.00    
    10.0000     7.9037     4.5004     3.2571  0.862E-02  0.131E-01   0.00       0.00       1.00       1.00    
    10.0000     7.9060     4.5017     3.2579  0.862E-02  0.131E-01   0.00       0.00       1.00       1.00    
    10.0000     7.9053     4.5013     3.2576  0.855E-02  0.131E-01   0.00       0.00       1.00       1.00    
    10.0000     7.9096     4.5036     3.2591  0.847E-02  0.131E-01   0.00       0.00       1.00       1.00    
    10.0000     7.9143     4.5061     3.2608  0.847E-02  0.131E-01   0.00       0.00       1.00       1.00    
    10.0000     7.9170     4.5076     3.2617  0.833E-02  0.130E-01   0.00       0.00       1.00       1.00    
    10.0000     7.9211     4.5098     3.2632  0.826E-02  0.129E-01   0.00       0.00       1.00       1.00    
    10.0000     7.9252     4.5120     3.2646  0.813E-02  0.128E-01   0.00       0.00       1.00       1.00    
    10.0000     7.9292     4.5142     3.2660  0.806E-02  0.126E-01   0.00       0.00       1.00       1.00    
    10.0000     7.9485     4.5246     3.2728  0.474E-02  0.746E-02   0.00       0.00       1.00       1.00    
    10.0000     7.9823     4.5430     3.2847  0.472E-02  0.741E-02   0.00       0.00       1.00       1.00    
    10.0000     8.0160     4.5614     3.2967  0.469E-02  0.741E-02   0.00       0.00       1.00       1.00    
    10.0000     8.0493     4.5797     3.3086  0.467E-02  0.735E-02   0.00       0.00       1.00       1.00    
    10.0000     8.0826     4.5981     3.3206  0.465E-02  0.735E-02   0.00       0.00       1.00       1.00    
    10.0000     8.1148     4.6160     3.3322  0.463E-02  0.730E-02   0.00       0.00       1.00       1.00    
    10.0000     8.1465     4.6337     3.3437  0.461E-02  0.730E-02   0.00       0.00       1.00       1.00    
    10.0000     8.1774     4.6511     3.3550  0.459E-02  0.725E-02   0.00       0.00       1.00       1.00    
    10.0000     8.2088     4.6688     3.3665  0.455E-02  0.725E-02   0.00       0.00       1.00       1.00    
    10.0000     8.2391     4.6861     3.3776  0.452E-02  0.719E-02   0.00       0.00       1.00       1.00    
    10.0000     8.2699     4.7038     3.3890  0.450E-02  0.714E-02   0.00       0.00       1.00       1.00    
    10.0000     8.3001     4.7213     3.4003  0.448E-02  0.714E-02   0.00       0.00       1.00       1.00    
    10.0000     8.3301     4.7388     3.4115  0.446E-02  0.709E-02   0.00       0.00       1.00       1.00    
    10.0000     8.3599     4.7563     3.4226  0.442E-02  0.704E-02   0.00       0.00       1.00       1.00    
    10.0000     8.3897     4.7740     3.4339  0.441E-02  0.704E-02   0.00       0.00       1.00       1.00    
    10.0000     8.4187     4.7913     3.4448  0.439E-02  0.699E-02   0.00       0.00       1.00       1.00    
    10.0000     8.4481     4.8091     3.4560  0.435E-02  0.694E-02   0.00       0.00       1.00       1.00    
    10.0000     8.4766     4.8264     3.4668  0.433E-02  0.690E-02   0.00       0.00       1.00       1.00    
    10.0000     8.5080     4.8442     3.4530  0.431E-02  0.690E-02   0.00       0.00       1.00       1.00    
    10.0000     8.5411     4.8615     3.4655  0.427E-02  0.685E-02   0.00       0.00       1.00       1.00    
    10.0000     8.9802     5.0911     3.6311  0.388E-02  0.613E-02   0.00       0.00       1.00       1.00    
    10.0000     9.0208     5.1123     3.6464  0.388E-02  0.613E-02   0.00       0.00       1.00       1.00    
    10.0000     9.0615     5.1336     3.6618  0.386E-02  0.610E-02   0.00       0.00       1.00       1.00    
    10.0000     9.1017     5.1546     3.6769  0.386E-02  0.610E-02   0.00       0.00       1.00       1.00    
    10.0000     9.1422     5.1758     3.6922  0.385E-02  0.606E-02   0.00       0.00       1.00       1.00    
    10.0000     9.1828     5.1970     3.7075  0.385E-02  0.606E-02   0.00       0.00       1.00       1.00    
    10.0000     9.2231     5.2181     3.7227  0.383E-02  0.606E-02   0.00       0.00       1.00       1.00    
    10.0000     9.2639     5.2394     3.7381  0.383E-02  0.602E-02   0.00       0.00       1.00       1.00    
    10.0000     9.3040     5.2604     3.7532  0.383E-02  0.602E-02   0.00       0.00       1.00       1.00    
    10.0000     9.3446     5.2816     3.7685  0.382E-02  0.599E-02   0.00       0.00       1.00       1.00    
    10.0000     9.3853     5.3029     3.7839  0.382E-02  0.599E-02   0.00       0.00       1.00       1.00    
    10.0000     9.4261     5.3242     3.7993  0.380E-02  0.599E-02   0.00       0.00       1.00       1.00    
    10.0000     9.4666     5.3454     3.8146  0.380E-02  0.595E-02   0.00       0.00       1.00       1.00    
    10.0000     9.5077     5.3669     3.8301  0.380E-02  0.595E-02   0.00       0.00       1.00       1.00    
    10.0000     9.5487     5.3883     3.8455  0.379E-02  0.592E-02   0.00       0.00       1.00       1.00    
    10.0000     9.5890     5.4094     3.8607  0.379E-02  0.592E-02   0.00       0.00       1.00       1.00    
     0.0000     9.6296     5.4306     3.8760  0.377E-02  0.592E-02   0.00       0.00       1.00       1.00    
