MODEL.01
 
ISOTROPIC
KGS
SPHERICAL EARTH
1-D
CONSTANT VELOCITY
LINE08
LINE09
LINE10
LINE11
      H(KM)   VP(KM/S)   VS(KM/S) RHO(GM/CC)     QP         QS       ETAP       ETAS      FREFP      FREFS    
     2.0000     5.9143     3.4790     2.6985  0.118E-02  0.167E-02   0.00       0.00       1.00       1.00    
     2.0000     6.2586     3.6579     2.7745  0.118E-02  0.167E-02   0.00       0.00       1.00       1.00    
     2.0000     6.5023     3.7824     2.8336  0.118E-02  0.167E-02   0.00       0.00       1.00       1.00    
     2.0000     6.5672     3.8153     2.8501  0.118E-02  0.167E-02   0.00       0.00       1.00       1.00    
     2.0000     6.5562     3.8097     2.8473  0.118E-02  0.167E-02   0.00       0.00       1.00       1.00    
     2.0000     6.3971     3.7289     2.8076  0.118E-02  0.167E-02   0.00       0.00       1.00       1.00    
     2.0000     6.3615     3.7107     2.7990  0.118E-02  0.167E-02   0.00       0.00       1.00       1.00    
     2.0000     6.3099     3.6843     2.7866  0.118E-02  0.167E-02   0.00       0.00       1.00       1.00    
     2.0000     6.4643     3.7631     2.8241  0.118E-02  0.167E-02   0.00       0.00       1.00       1.00    
     2.0000     6.5425     3.8028     2.8438  0.118E-02  0.167E-02   0.00       0.00       1.00       1.00    
     2.0000     6.6578     3.8612     2.8736  0.118E-02  0.167E-02   0.00       0.00       1.00       1.00    
     2.0000     6.7968     3.9314     2.9109  0.118E-02  0.167E-02   0.00       0.00       1.00       1.00    
     2.0000     6.8478     3.9571     2.9250  0.118E-02  0.167E-02   0.00       0.00       1.00       1.00    
     2.0000     6.8827     3.9747     2.9347  0.118E-02  0.167E-02   0.00       0.00       1.00       1.00    
     2.0000     6.9621     4.0148     2.9572  0.118E-02  0.167E-02   0.00       0.00       1.00       1.00    
     2.0000     7.5351     4.3064     3.1325  0.118E-02  0.167E-02   0.00       0.00       1.00       1.00    
     2.0000     8.2319     4.6820     3.3750  0.118E-02  0.167E-02   0.00       0.00       1.00       1.00    
     2.0000     8.4420     4.8054     3.4537  0.118E-02  0.167E-02   0.00       0.00       1.00       1.00    
     2.0000     8.4422     4.8055     3.4537  0.118E-02  0.167E-02   0.00       0.00       1.00       1.00    
     2.0000     8.4693     4.8220     3.4641  0.118E-02  0.167E-02   0.00       0.00       1.00       1.00    
     2.0000     8.4680     4.8212     3.4635  0.118E-02  0.167E-02   0.00       0.00       1.00       1.00    
     2.0000     8.3085     4.7262     3.4034  0.118E-02  0.167E-02   0.00       0.00       1.00       1.00    
     2.0000     8.1590     4.6407     3.3482  0.118E-02  0.167E-02   0.00       0.00       1.00       1.00    
     2.0000     8.2072     4.6679     3.3659  0.118E-02  0.167E-02   0.00       0.00       1.00       1.00    
     2.0000     8.3290     4.7382     3.4110  0.118E-02  0.167E-02   0.00       0.00       1.00       1.00    
     5.0000     8.3512     4.7512     3.4193  0.118E-02  0.167E-02   0.00       0.00       1.00       1.00    
     5.0000     8.3250     4.7358     3.4095  0.118E-02  0.167E-02   0.00       0.00       1.00       1.00    
     5.0000     8.3155     4.7303     3.4060  0.118E-02  0.167E-02   0.00       0.00       1.00       1.00    
     5.0000     8.2306     4.6813     3.3745  0.118E-02  0.167E-02   0.00       0.00       1.00       1.00    
     5.0000     8.0625     4.5869     3.3133  0.118E-02  0.167E-02   0.00       0.00       1.00       1.00    
     5.0000     7.9278     4.5134     3.2655  0.118E-02  0.167E-02   0.00       0.00       1.00       1.00    
     5.0000     7.8771     4.4861     3.2478  0.118E-02  0.167E-02   0.00       0.00       1.00       1.00    
     5.0000     7.8613     4.4777     3.2423  0.118E-02  0.167E-02   0.00       0.00       1.00       1.00    
     5.0000     7.8533     4.4734     3.2396  0.118E-02  0.167E-02   0.00       0.00       1.00       1.00    
     5.0000     7.8497     4.4715     3.2383  0.118E-02  0.167E-02   0.00       0.00       1.00       1.00    
    10.0000     7.8438     4.4683     3.2363  0.118E-02  0.167E-02   0.00       0.00       1.00       1.00    
    10.0000     7.8472     4.4701     3.2374  0.118E-02  0.167E-02   0.00       0.00       1.00       1.00    
    10.0000     7.8494     4.4713     3.2382  0.862E-02  0.131E-01   0.00       0.00       1.00       1.00    
    10.0000     7.8454     4.4692     3.2368  0.862E-02  0.131E-01   0.00       0.00       1.00       1.00    
    10.0000     7.8349     4.4636     3.2332  0.855E-02  0.131E-01   0.00       0.00       1.00       1.00    
    10.0000     7.8371     4.4647     3.2339  0.847E-02  0.131E-01   0.00       0.00       1.00       1.00    
    10.0000     7.8472     4.4701     3.2374  0.847E-02  0.131E-01   0.00       0.00       1.00       1.00    
    10.0000     7.8518     4.4726     3.2390  0.833E-02  0.130E-01   0.00       0.00       1.00       1.00    
    10.0000     7.8562     4.4750     3.2406  0.826E-02  0.129E-01   0.00       0.00       1.00       1.00    
    10.0000     7.8628     4.4785     3.2428  0.813E-02  0.128E-01   0.00       0.00       1.00       1.00    
    10.0000     7.8699     4.4823     3.2453  0.806E-02  0.126E-01   0.00       0.00       1.00       1.00    
    10.0000     7.8923     4.4943     3.2531  0.474E-02  0.746E-02   0.00       0.00       1.00       1.00    
    10.0000     7.9294     4.5143     3.2661  0.472E-02  0.741E-02   0.00       0.00       1.00       1.00    
    10.0000     7.9668     4.5345     3.2792  0.469E-02  0.741E-02   0.00       0.00       1.00       1.00    
    10.0000     8.0035     4.5545     3.2923  0.467E-02  0.735E-02   0.00       0.00       1.00       1.00    
    10.0000     8.0400     4.5746     3.3053  0.465E-02  0.735E-02   0.00       0.00       1.00       1.00    
    10.0000     8.0754     4.5941     3.3180  0.463E-02  0.730E-02   0.00       0.00       1.00       1.00    
    10.0000     8.1108     4.6137     3.3307  0.461E-02  0.730E-02   0.00       0.00       1.00       1.00    
    10.0000     8.1448     4.6327     3.3431  0.459E-02  0.725E-02   0.00       0.00       1.00       1.00    
    10.0000     8.1794     4.6522     3.3557  0.455E-02  0.725E-02   0.00       0.00       1.00       1.00    
    10.0000     8.2129     4.6712     3.3680  0.452E-02  0.719E-02   0.00       0.00       1.00       1.00    
    10.0000     8.2469     4.6906     3.3805  0.450E-02  0.714E-02   0.00       0.00       1.00       1.00    
    10.0000     8.2803     4.7098     3.3929  0.448E-02  0.714E-02   0.00       0.00       1.00       1.00    
    10.0000     8.3132     4.7289     3.4051  0.446E-02  0.709E-02   0.00       0.00       1.00       1.00    
    10.0000     8.3458     4.7480     3.4173  0.442E-02  0.704E-02   0.00       0.00       1.00       1.00    
    10.0000     8.3785     4.7674     3.4296  0.441E-02  0.704E-02   0.00       0.00       1.00       1.00    
    10.0000     8.4104     4.7864     3.4417  0.439E-02  0.699E-02   0.00       0.00       1.00       1.00    
    10.0000     8.4428     4.8059     3.4539  0.435E-02  0.694E-02   0.00       0.00       1.00       1.00    
    10.0000     8.4739     4.8248     3.4658  0.433E-02  0.690E-02   0.00       0.00       1.00       1.00    
    10.0000     8.5080     4.8442     3.4530  0.431E-02  0.690E-02   0.00       0.00       1.00       1.00    
    10.0000     8.5411     4.8615     3.4655  0.427E-02  0.685E-02   0.00       0.00       1.00       1.00    
    10.0000     8.9802     5.0911     3.6311  0.388E-02  0.613E-02   0.00       0.00       1.00       1.00    
    10.0000     9.0208     5.1123     3.6464  0.388E-02  0.613E-02   0.00       0.00       1.00       1.00    
    10.0000     9.0615     5.1336     3.6618  0.386E-02  0.610E-02   0.00       0.00       1.00       1.00    
    10.0000     9.1017     5.1546     3.6769  0.386E-02  0.610E-02   0.00       0.00       1.00       1.00    
    10.0000     9.1422     5.1758     3.6922  0.385E-02  0.606E-02   0.00       0.00       1.00       1.00    
    10.0000     9.1828     5.1970     3.7075  0.385E-02  0.606E-02   0.00       0.00       1.00       1.00    
    10.0000     9.2231     5.2181     3.7227  0.383E-02  0.606E-02   0.00       0.00       1.00       1.00    
    10.0000     9.2639     5.2394     3.7381  0.383E-02  0.602E-02   0.00       0.00       1.00       1.00    
    10.0000     9.3040     5.2604     3.7532  0.383E-02  0.602E-02   0.00       0.00       1.00       1.00    
    10.0000     9.3446     5.2816     3.7685  0.382E-02  0.599E-02   0.00       0.00       1.00       1.00    
    10.0000     9.3853     5.3029     3.7839  0.382E-02  0.599E-02   0.00       0.00       1.00       1.00    
    10.0000     9.4261     5.3242     3.7993  0.380E-02  0.599E-02   0.00       0.00       1.00       1.00    
    10.0000     9.4666     5.3454     3.8146  0.380E-02  0.595E-02   0.00       0.00       1.00       1.00    
    10.0000     9.5077     5.3669     3.8301  0.380E-02  0.595E-02   0.00       0.00       1.00       1.00    
    10.0000     9.5487     5.3883     3.8455  0.379E-02  0.592E-02   0.00       0.00       1.00       1.00    
    10.0000     9.5890     5.4094     3.8607  0.379E-02  0.592E-02   0.00       0.00       1.00       1.00    
     0.0000     9.6296     5.4306     3.8760  0.377E-02  0.592E-02   0.00       0.00       1.00       1.00    
