MODEL.01
 
ISOTROPIC
KGS
SPHERICAL EARTH
1-D
CONSTANT VELOCITY
LINE08
LINE09
LINE10
LINE11
      H(KM)   VP(KM/S)   VS(KM/S) RHO(GM/CC)     QP         QS       ETAP       ETAS      FREFP      FREFS    
     2.0000     5.9742     3.5105     2.7112  0.118E-02  0.167E-02   0.00       0.00       1.00       1.00    
     2.0000     6.1881     3.6217     2.7583  0.118E-02  0.167E-02   0.00       0.00       1.00       1.00    
     2.0000     6.3524     3.7060     2.7968  0.118E-02  0.167E-02   0.00       0.00       1.00       1.00    
     2.0000     6.4281     3.7446     2.8152  0.118E-02  0.167E-02   0.00       0.00       1.00       1.00    
     2.0000     6.4589     3.7603     2.8228  0.118E-02  0.167E-02   0.00       0.00       1.00       1.00    
     2.0000     6.3561     3.7079     2.7977  0.118E-02  0.167E-02   0.00       0.00       1.00       1.00    
     2.0000     6.3397     3.6995     2.7937  0.118E-02  0.167E-02   0.00       0.00       1.00       1.00    
     2.0000     6.3412     3.7003     2.7941  0.118E-02  0.167E-02   0.00       0.00       1.00       1.00    
     2.0000     6.4544     3.7580     2.8217  0.118E-02  0.167E-02   0.00       0.00       1.00       1.00    
     2.0000     6.5339     3.7984     2.8416  0.118E-02  0.167E-02   0.00       0.00       1.00       1.00    
     2.0000     6.6451     3.8548     2.8703  0.118E-02  0.167E-02   0.00       0.00       1.00       1.00    
     2.0000     6.7503     3.9079     2.8983  0.118E-02  0.167E-02   0.00       0.00       1.00       1.00    
     2.0000     6.7204     3.8928     2.8903  0.118E-02  0.167E-02   0.00       0.00       1.00       1.00    
     2.0000     6.7528     3.9092     2.8990  0.118E-02  0.167E-02   0.00       0.00       1.00       1.00    
     2.0000     6.8919     3.9794     2.9373  0.118E-02  0.167E-02   0.00       0.00       1.00       1.00    
     2.0000     7.3893     4.2315     3.0857  0.118E-02  0.167E-02   0.00       0.00       1.00       1.00    
     2.0000     8.1188     4.6182     3.3336  0.118E-02  0.167E-02   0.00       0.00       1.00       1.00    
     2.0000     8.4251     4.7952     3.4472  0.118E-02  0.167E-02   0.00       0.00       1.00       1.00    
     2.0000     8.4513     4.8110     3.4572  0.118E-02  0.167E-02   0.00       0.00       1.00       1.00    
     2.0000     8.4349     4.8011     3.4509  0.118E-02  0.167E-02   0.00       0.00       1.00       1.00    
     2.0000     8.3606     4.7567     3.4229  0.118E-02  0.167E-02   0.00       0.00       1.00       1.00    
     2.0000     8.1661     4.6447     3.3508  0.118E-02  0.167E-02   0.00       0.00       1.00       1.00    
     2.0000     7.9886     4.5464     3.2870  0.118E-02  0.167E-02   0.00       0.00       1.00       1.00    
     2.0000     7.9900     4.5472     3.2875  0.118E-02  0.167E-02   0.00       0.00       1.00       1.00    
     2.0000     8.1068     4.6115     3.3293  0.118E-02  0.167E-02   0.00       0.00       1.00       1.00    
     5.0000     8.1744     4.6494     3.3539  0.118E-02  0.167E-02   0.00       0.00       1.00       1.00    
     5.0000     8.1810     4.6531     3.3563  0.118E-02  0.167E-02   0.00       0.00       1.00       1.00    
     5.0000     8.1781     4.6515     3.3552  0.118E-02  0.167E-02   0.00       0.00       1.00       1.00    
     5.0000     8.1100     4.6133     3.3305  0.118E-02  0.167E-02   0.00       0.00       1.00       1.00    
     5.0000     7.9912     4.5478     3.2879  0.118E-02  0.167E-02   0.00       0.00       1.00       1.00    
     5.0000     7.9014     4.4992     3.2563  0.118E-02  0.167E-02   0.00       0.00       1.00       1.00    
     5.0000     7.8725     4.4837     3.2462  0.118E-02  0.167E-02   0.00       0.00       1.00       1.00    
     5.0000     7.8632     4.4787     3.2430  0.118E-02  0.167E-02   0.00       0.00       1.00       1.00    
     5.0000     7.8579     4.4758     3.2411  0.118E-02  0.167E-02   0.00       0.00       1.00       1.00    
     5.0000     7.8581     4.4760     3.2412  0.118E-02  0.167E-02   0.00       0.00       1.00       1.00    
    10.0000     7.8574     4.4756     3.2410  0.118E-02  0.167E-02   0.00       0.00       1.00       1.00    
    10.0000     7.8643     4.4793     3.2433  0.118E-02  0.167E-02   0.00       0.00       1.00       1.00    
    10.0000     7.8700     4.4823     3.2453  0.862E-02  0.131E-01   0.00       0.00       1.00       1.00    
    10.0000     7.8677     4.4811     3.2445  0.862E-02  0.131E-01   0.00       0.00       1.00       1.00    
    10.0000     7.8588     4.4763     3.2414  0.855E-02  0.131E-01   0.00       0.00       1.00       1.00    
    10.0000     7.8599     4.4770     3.2418  0.847E-02  0.131E-01   0.00       0.00       1.00       1.00    
    10.0000     7.8682     4.4814     3.2447  0.847E-02  0.131E-01   0.00       0.00       1.00       1.00    
    10.0000     7.8731     4.4840     3.2464  0.833E-02  0.130E-01   0.00       0.00       1.00       1.00    
    10.0000     7.8778     4.4865     3.2481  0.826E-02  0.129E-01   0.00       0.00       1.00       1.00    
    10.0000     7.8836     4.4896     3.2501  0.813E-02  0.128E-01   0.00       0.00       1.00       1.00    
    10.0000     7.8898     4.4929     3.2522  0.806E-02  0.126E-01   0.00       0.00       1.00       1.00    
    10.0000     7.9111     4.5044     3.2597  0.474E-02  0.746E-02   0.00       0.00       1.00       1.00    
    10.0000     7.9473     4.5239     3.2724  0.472E-02  0.741E-02   0.00       0.00       1.00       1.00    
    10.0000     7.9832     4.5434     3.2851  0.469E-02  0.741E-02   0.00       0.00       1.00       1.00    
    10.0000     8.0188     4.5629     3.2977  0.467E-02  0.735E-02   0.00       0.00       1.00       1.00    
    10.0000     8.0543     4.5824     3.3104  0.465E-02  0.735E-02   0.00       0.00       1.00       1.00    
    10.0000     8.0887     4.6014     3.3228  0.463E-02  0.730E-02   0.00       0.00       1.00       1.00    
    10.0000     8.1226     4.6203     3.3350  0.461E-02  0.730E-02   0.00       0.00       1.00       1.00    
    10.0000     8.1557     4.6388     3.3470  0.459E-02  0.725E-02   0.00       0.00       1.00       1.00    
    10.0000     8.1891     4.6577     3.3592  0.455E-02  0.725E-02   0.00       0.00       1.00       1.00    
    10.0000     8.2216     4.6761     3.3712  0.452E-02  0.719E-02   0.00       0.00       1.00       1.00    
    10.0000     8.2545     4.6949     3.3833  0.450E-02  0.714E-02   0.00       0.00       1.00       1.00    
    10.0000     8.2867     4.7136     3.3953  0.448E-02  0.714E-02   0.00       0.00       1.00       1.00    
    10.0000     8.3187     4.7322     3.4072  0.446E-02  0.709E-02   0.00       0.00       1.00       1.00    
    10.0000     8.3506     4.7508     3.4191  0.442E-02  0.704E-02   0.00       0.00       1.00       1.00    
    10.0000     8.3823     4.7696     3.4311  0.441E-02  0.704E-02   0.00       0.00       1.00       1.00    
    10.0000     8.4132     4.7880     3.4427  0.439E-02  0.699E-02   0.00       0.00       1.00       1.00    
    10.0000     8.4445     4.8069     3.4546  0.435E-02  0.694E-02   0.00       0.00       1.00       1.00    
    10.0000     8.4747     4.8253     3.4661  0.433E-02  0.690E-02   0.00       0.00       1.00       1.00    
    10.0000     8.5080     4.8442     3.4530  0.431E-02  0.690E-02   0.00       0.00       1.00       1.00    
    10.0000     8.5411     4.8615     3.4655  0.427E-02  0.685E-02   0.00       0.00       1.00       1.00    
    10.0000     8.9802     5.0911     3.6311  0.388E-02  0.613E-02   0.00       0.00       1.00       1.00    
    10.0000     9.0208     5.1123     3.6464  0.388E-02  0.613E-02   0.00       0.00       1.00       1.00    
    10.0000     9.0615     5.1336     3.6618  0.386E-02  0.610E-02   0.00       0.00       1.00       1.00    
    10.0000     9.1017     5.1546     3.6769  0.386E-02  0.610E-02   0.00       0.00       1.00       1.00    
    10.0000     9.1422     5.1758     3.6922  0.385E-02  0.606E-02   0.00       0.00       1.00       1.00    
    10.0000     9.1828     5.1970     3.7075  0.385E-02  0.606E-02   0.00       0.00       1.00       1.00    
    10.0000     9.2231     5.2181     3.7227  0.383E-02  0.606E-02   0.00       0.00       1.00       1.00    
    10.0000     9.2639     5.2394     3.7381  0.383E-02  0.602E-02   0.00       0.00       1.00       1.00    
    10.0000     9.3040     5.2604     3.7532  0.383E-02  0.602E-02   0.00       0.00       1.00       1.00    
    10.0000     9.3446     5.2816     3.7685  0.382E-02  0.599E-02   0.00       0.00       1.00       1.00    
    10.0000     9.3853     5.3029     3.7839  0.382E-02  0.599E-02   0.00       0.00       1.00       1.00    
    10.0000     9.4261     5.3242     3.7993  0.380E-02  0.599E-02   0.00       0.00       1.00       1.00    
    10.0000     9.4666     5.3454     3.8146  0.380E-02  0.595E-02   0.00       0.00       1.00       1.00    
    10.0000     9.5077     5.3669     3.8301  0.380E-02  0.595E-02   0.00       0.00       1.00       1.00    
    10.0000     9.5487     5.3883     3.8455  0.379E-02  0.592E-02   0.00       0.00       1.00       1.00    
    10.0000     9.5890     5.4094     3.8607  0.379E-02  0.592E-02   0.00       0.00       1.00       1.00    
     0.0000     9.6296     5.4306     3.8760  0.377E-02  0.592E-02   0.00       0.00       1.00       1.00    
