MODEL.01
 
ISOTROPIC
KGS
SPHERICAL EARTH
1-D
CONSTANT VELOCITY
LINE08
LINE09
LINE10
LINE11
      H(KM)   VP(KM/S)   VS(KM/S) RHO(GM/CC)     QP         QS       ETAP       ETAS      FREFP      FREFS    
     2.0000     6.4121     3.7365     2.8112  0.118E-02  0.167E-02   0.00       0.00       1.00       1.00    
     2.0000     6.4325     3.7469     2.8163  0.118E-02  0.167E-02   0.00       0.00       1.00       1.00    
     2.0000     6.4555     3.7586     2.8219  0.118E-02  0.167E-02   0.00       0.00       1.00       1.00    
     2.0000     6.4736     3.7678     2.8265  0.118E-02  0.167E-02   0.00       0.00       1.00       1.00    
     2.0000     6.4796     3.7708     2.8279  0.118E-02  0.167E-02   0.00       0.00       1.00       1.00    
     2.0000     6.4960     3.7792     2.8321  0.118E-02  0.167E-02   0.00       0.00       1.00       1.00    
     2.0000     6.5218     3.7923     2.8385  0.118E-02  0.167E-02   0.00       0.00       1.00       1.00    
     2.0000     6.5356     3.7993     2.8421  0.118E-02  0.167E-02   0.00       0.00       1.00       1.00    
     2.0000     6.5523     3.8078     2.8463  0.118E-02  0.167E-02   0.00       0.00       1.00       1.00    
     2.0000     6.5823     3.8229     2.8540  0.118E-02  0.167E-02   0.00       0.00       1.00       1.00    
     2.0000     6.6446     3.8545     2.8702  0.118E-02  0.167E-02   0.00       0.00       1.00       1.00    
     2.0000     6.7084     3.8868     2.8871  0.118E-02  0.167E-02   0.00       0.00       1.00       1.00    
     2.0000     6.7724     3.9191     2.9043  0.118E-02  0.167E-02   0.00       0.00       1.00       1.00    
     2.0000     6.8320     3.9491     2.9206  0.118E-02  0.167E-02   0.00       0.00       1.00       1.00    
     2.0000     6.8943     3.9806     2.9380  0.118E-02  0.167E-02   0.00       0.00       1.00       1.00    
     2.0000     6.9929     4.0303     2.9660  0.118E-02  0.167E-02   0.00       0.00       1.00       1.00    
     2.0000     7.1295     4.0994     3.0060  0.118E-02  0.167E-02   0.00       0.00       1.00       1.00    
     2.0000     7.2909     4.1813     3.0550  0.118E-02  0.167E-02   0.00       0.00       1.00       1.00    
     2.0000     7.4743     4.2751     3.1128  0.118E-02  0.167E-02   0.00       0.00       1.00       1.00    
     2.0000     7.6451     4.3635     3.1688  0.118E-02  0.167E-02   0.00       0.00       1.00       1.00    
     2.0000     7.7602     4.4240     3.2076  0.118E-02  0.167E-02   0.00       0.00       1.00       1.00    
     2.0000     7.8252     4.4584     3.2298  0.118E-02  0.167E-02   0.00       0.00       1.00       1.00    
     2.0000     7.8631     4.4786     3.2429  0.118E-02  0.167E-02   0.00       0.00       1.00       1.00    
     2.0000     7.8751     4.4851     3.2471  0.118E-02  0.167E-02   0.00       0.00       1.00       1.00    
     2.0000     7.8604     4.4772     3.2420  0.118E-02  0.167E-02   0.00       0.00       1.00       1.00    
     5.0000     7.8399     4.4663     3.2349  0.118E-02  0.167E-02   0.00       0.00       1.00       1.00    
     5.0000     7.8596     4.4768     3.2417  0.118E-02  0.167E-02   0.00       0.00       1.00       1.00    
     5.0000     7.8750     4.4850     3.2471  0.118E-02  0.167E-02   0.00       0.00       1.00       1.00    
     5.0000     7.8807     4.4881     3.2491  0.118E-02  0.167E-02   0.00       0.00       1.00       1.00    
     5.0000     7.8781     4.4867     3.2482  0.118E-02  0.167E-02   0.00       0.00       1.00       1.00    
     5.0000     7.8717     4.4833     3.2459  0.118E-02  0.167E-02   0.00       0.00       1.00       1.00    
     5.0000     7.8755     4.4853     3.2473  0.118E-02  0.167E-02   0.00       0.00       1.00       1.00    
     5.0000     7.8775     4.4864     3.2479  0.118E-02  0.167E-02   0.00       0.00       1.00       1.00    
     5.0000     7.8762     4.4857     3.2475  0.118E-02  0.167E-02   0.00       0.00       1.00       1.00    
     5.0000     7.8820     4.4888     3.2495  0.118E-02  0.167E-02   0.00       0.00       1.00       1.00    
    10.0000     7.8859     4.4909     3.2509  0.118E-02  0.167E-02   0.00       0.00       1.00       1.00    
    10.0000     7.8901     4.4931     3.2523  0.118E-02  0.167E-02   0.00       0.00       1.00       1.00    
    10.0000     7.8961     4.4963     3.2544  0.862E-02  0.131E-01   0.00       0.00       1.00       1.00    
    10.0000     7.8995     4.4981     3.2556  0.862E-02  0.131E-01   0.00       0.00       1.00       1.00    
    10.0000     7.9002     4.4985     3.2558  0.855E-02  0.131E-01   0.00       0.00       1.00       1.00    
    10.0000     7.9052     4.5012     3.2576  0.847E-02  0.131E-01   0.00       0.00       1.00       1.00    
    10.0000     7.9099     4.5038     3.2592  0.847E-02  0.131E-01   0.00       0.00       1.00       1.00    
    10.0000     7.9127     4.5053     3.2602  0.833E-02  0.130E-01   0.00       0.00       1.00       1.00    
    10.0000     7.9169     4.5076     3.2617  0.826E-02  0.129E-01   0.00       0.00       1.00       1.00    
    10.0000     7.9213     4.5099     3.2632  0.813E-02  0.128E-01   0.00       0.00       1.00       1.00    
    10.0000     7.9255     4.5122     3.2647  0.806E-02  0.126E-01   0.00       0.00       1.00       1.00    
    10.0000     7.9451     4.5227     3.2716  0.474E-02  0.746E-02   0.00       0.00       1.00       1.00    
    10.0000     7.9791     4.5412     3.2836  0.472E-02  0.741E-02   0.00       0.00       1.00       1.00    
    10.0000     8.0129     4.5597     3.2956  0.469E-02  0.741E-02   0.00       0.00       1.00       1.00    
    10.0000     8.0466     4.5781     3.3076  0.467E-02  0.735E-02   0.00       0.00       1.00       1.00    
    10.0000     8.0800     4.5966     3.3196  0.465E-02  0.735E-02   0.00       0.00       1.00       1.00    
    10.0000     8.1123     4.6146     3.3313  0.463E-02  0.730E-02   0.00       0.00       1.00       1.00    
    10.0000     8.1443     4.6324     3.3429  0.461E-02  0.730E-02   0.00       0.00       1.00       1.00    
    10.0000     8.1754     4.6499     3.3542  0.459E-02  0.725E-02   0.00       0.00       1.00       1.00    
    10.0000     8.2069     4.6678     3.3658  0.455E-02  0.725E-02   0.00       0.00       1.00       1.00    
    10.0000     8.2375     4.6852     3.3770  0.452E-02  0.719E-02   0.00       0.00       1.00       1.00    
    10.0000     8.2685     4.7030     3.3885  0.450E-02  0.714E-02   0.00       0.00       1.00       1.00    
    10.0000     8.2988     4.7206     3.3998  0.448E-02  0.714E-02   0.00       0.00       1.00       1.00    
    10.0000     8.3291     4.7382     3.4111  0.446E-02  0.709E-02   0.00       0.00       1.00       1.00    
    10.0000     8.3590     4.7558     3.4223  0.442E-02  0.704E-02   0.00       0.00       1.00       1.00    
    10.0000     8.3890     4.7736     3.4336  0.441E-02  0.704E-02   0.00       0.00       1.00       1.00    
    10.0000     8.4182     4.7910     3.4446  0.439E-02  0.699E-02   0.00       0.00       1.00       1.00    
    10.0000     8.4478     4.8089     3.4558  0.435E-02  0.694E-02   0.00       0.00       1.00       1.00    
    10.0000     8.4765     4.8263     3.4668  0.433E-02  0.690E-02   0.00       0.00       1.00       1.00    
    10.0000     8.5080     4.8442     3.4530  0.431E-02  0.690E-02   0.00       0.00       1.00       1.00    
    10.0000     8.5411     4.8615     3.4655  0.427E-02  0.685E-02   0.00       0.00       1.00       1.00    
    10.0000     8.9802     5.0911     3.6311  0.388E-02  0.613E-02   0.00       0.00       1.00       1.00    
    10.0000     9.0208     5.1123     3.6464  0.388E-02  0.613E-02   0.00       0.00       1.00       1.00    
    10.0000     9.0615     5.1336     3.6618  0.386E-02  0.610E-02   0.00       0.00       1.00       1.00    
    10.0000     9.1017     5.1546     3.6769  0.386E-02  0.610E-02   0.00       0.00       1.00       1.00    
    10.0000     9.1422     5.1758     3.6922  0.385E-02  0.606E-02   0.00       0.00       1.00       1.00    
    10.0000     9.1828     5.1970     3.7075  0.385E-02  0.606E-02   0.00       0.00       1.00       1.00    
    10.0000     9.2231     5.2181     3.7227  0.383E-02  0.606E-02   0.00       0.00       1.00       1.00    
    10.0000     9.2639     5.2394     3.7381  0.383E-02  0.602E-02   0.00       0.00       1.00       1.00    
    10.0000     9.3040     5.2604     3.7532  0.383E-02  0.602E-02   0.00       0.00       1.00       1.00    
    10.0000     9.3446     5.2816     3.7685  0.382E-02  0.599E-02   0.00       0.00       1.00       1.00    
    10.0000     9.3853     5.3029     3.7839  0.382E-02  0.599E-02   0.00       0.00       1.00       1.00    
    10.0000     9.4261     5.3242     3.7993  0.380E-02  0.599E-02   0.00       0.00       1.00       1.00    
    10.0000     9.4666     5.3454     3.8146  0.380E-02  0.595E-02   0.00       0.00       1.00       1.00    
    10.0000     9.5077     5.3669     3.8301  0.380E-02  0.595E-02   0.00       0.00       1.00       1.00    
    10.0000     9.5487     5.3883     3.8455  0.379E-02  0.592E-02   0.00       0.00       1.00       1.00    
    10.0000     9.5890     5.4094     3.8607  0.379E-02  0.592E-02   0.00       0.00       1.00       1.00    
     0.0000     9.6296     5.4306     3.8760  0.377E-02  0.592E-02   0.00       0.00       1.00       1.00    
