MODEL.01
 
ISOTROPIC
KGS
SPHERICAL EARTH
1-D
CONSTANT VELOCITY
LINE08
LINE09
LINE10
LINE11
      H(KM)   VP(KM/S)   VS(KM/S) RHO(GM/CC)     QP         QS       ETAP       ETAS      FREFP      FREFS    
     2.0000     6.0124     3.5305     2.7193  0.118E-02  0.167E-02   0.00       0.00       1.00       1.00    
     2.0000     6.2726     3.6652     2.7778  0.118E-02  0.167E-02   0.00       0.00       1.00       1.00    
     2.0000     6.4629     3.7623     2.8238  0.118E-02  0.167E-02   0.00       0.00       1.00       1.00    
     2.0000     6.5360     3.7995     2.8422  0.118E-02  0.167E-02   0.00       0.00       1.00       1.00    
     2.0000     6.5405     3.8018     2.8433  0.118E-02  0.167E-02   0.00       0.00       1.00       1.00    
     2.0000     6.4165     3.7387     2.8123  0.118E-02  0.167E-02   0.00       0.00       1.00       1.00    
     2.0000     6.3907     3.7256     2.8060  0.118E-02  0.167E-02   0.00       0.00       1.00       1.00    
     2.0000     6.3747     3.7174     2.8021  0.118E-02  0.167E-02   0.00       0.00       1.00       1.00    
     2.0000     6.5037     3.7831     2.8340  0.118E-02  0.167E-02   0.00       0.00       1.00       1.00    
     2.0000     6.5793     3.8214     2.8532  0.118E-02  0.167E-02   0.00       0.00       1.00       1.00    
     2.0000     6.6760     3.8704     2.8784  0.118E-02  0.167E-02   0.00       0.00       1.00       1.00    
     2.0000     6.7757     3.9207     2.9052  0.118E-02  0.167E-02   0.00       0.00       1.00       1.00    
     2.0000     6.7727     3.9192     2.9044  0.118E-02  0.167E-02   0.00       0.00       1.00       1.00    
     2.0000     6.8048     3.9354     2.9131  0.118E-02  0.167E-02   0.00       0.00       1.00       1.00    
     2.0000     6.9208     3.9939     2.9454  0.118E-02  0.167E-02   0.00       0.00       1.00       1.00    
     2.0000     7.4348     4.2548     3.1002  0.118E-02  0.167E-02   0.00       0.00       1.00       1.00    
     2.0000     8.1294     4.6241     3.3375  0.118E-02  0.167E-02   0.00       0.00       1.00       1.00    
     2.0000     8.3993     4.7797     3.4375  0.118E-02  0.167E-02   0.00       0.00       1.00       1.00    
     2.0000     8.4274     4.7966     3.4481  0.118E-02  0.167E-02   0.00       0.00       1.00       1.00    
     2.0000     8.4432     4.8061     3.4541  0.118E-02  0.167E-02   0.00       0.00       1.00       1.00    
     2.0000     8.4108     4.7866     3.4418  0.118E-02  0.167E-02   0.00       0.00       1.00       1.00    
     2.0000     8.2450     4.6895     3.3798  0.118E-02  0.167E-02   0.00       0.00       1.00       1.00    
     2.0000     8.1025     4.6091     3.3278  0.118E-02  0.167E-02   0.00       0.00       1.00       1.00    
     2.0000     8.1339     4.6266     3.3391  0.118E-02  0.167E-02   0.00       0.00       1.00       1.00    
     2.0000     8.2480     4.6912     3.3809  0.118E-02  0.167E-02   0.00       0.00       1.00       1.00    
     5.0000     8.2867     4.7135     3.3953  0.118E-02  0.167E-02   0.00       0.00       1.00       1.00    
     5.0000     8.2687     4.7031     3.3886  0.118E-02  0.167E-02   0.00       0.00       1.00       1.00    
     5.0000     8.2546     4.6950     3.3834  0.118E-02  0.167E-02   0.00       0.00       1.00       1.00    
     5.0000     8.1728     4.6485     3.3533  0.118E-02  0.167E-02   0.00       0.00       1.00       1.00    
     5.0000     8.0319     4.5701     3.3024  0.118E-02  0.167E-02   0.00       0.00       1.00       1.00    
     5.0000     7.9231     4.5109     3.2639  0.118E-02  0.167E-02   0.00       0.00       1.00       1.00    
     5.0000     7.8843     4.4900     3.2503  0.118E-02  0.167E-02   0.00       0.00       1.00       1.00    
     5.0000     7.8719     4.4833     3.2460  0.118E-02  0.167E-02   0.00       0.00       1.00       1.00    
     5.0000     7.8655     4.4799     3.2438  0.118E-02  0.167E-02   0.00       0.00       1.00       1.00    
     5.0000     7.8644     4.4793     3.2434  0.118E-02  0.167E-02   0.00       0.00       1.00       1.00    
    10.0000     7.8619     4.4780     3.2425  0.118E-02  0.167E-02   0.00       0.00       1.00       1.00    
    10.0000     7.8673     4.4809     3.2444  0.118E-02  0.167E-02   0.00       0.00       1.00       1.00    
    10.0000     7.8713     4.4830     3.2458  0.862E-02  0.131E-01   0.00       0.00       1.00       1.00    
    10.0000     7.8681     4.4813     3.2447  0.862E-02  0.131E-01   0.00       0.00       1.00       1.00    
    10.0000     7.8586     4.4762     3.2414  0.855E-02  0.131E-01   0.00       0.00       1.00       1.00    
    10.0000     7.8603     4.4771     3.2420  0.847E-02  0.131E-01   0.00       0.00       1.00       1.00    
    10.0000     7.8689     4.4817     3.2449  0.847E-02  0.131E-01   0.00       0.00       1.00       1.00    
    10.0000     7.8731     4.4840     3.2464  0.833E-02  0.130E-01   0.00       0.00       1.00       1.00    
    10.0000     7.8771     4.4862     3.2478  0.826E-02  0.129E-01   0.00       0.00       1.00       1.00    
    10.0000     7.8828     4.4892     3.2498  0.813E-02  0.128E-01   0.00       0.00       1.00       1.00    
    10.0000     7.8890     4.4925     3.2519  0.806E-02  0.126E-01   0.00       0.00       1.00       1.00    
    10.0000     7.9104     4.5040     3.2594  0.474E-02  0.746E-02   0.00       0.00       1.00       1.00    
    10.0000     7.9465     4.5235     3.2721  0.472E-02  0.741E-02   0.00       0.00       1.00       1.00    
    10.0000     7.9825     4.5431     3.2848  0.469E-02  0.741E-02   0.00       0.00       1.00       1.00    
    10.0000     8.0182     4.5626     3.2975  0.467E-02  0.735E-02   0.00       0.00       1.00       1.00    
    10.0000     8.0538     4.5821     3.3102  0.465E-02  0.735E-02   0.00       0.00       1.00       1.00    
    10.0000     8.0882     4.6011     3.3226  0.463E-02  0.730E-02   0.00       0.00       1.00       1.00    
    10.0000     8.1222     4.6201     3.3349  0.461E-02  0.730E-02   0.00       0.00       1.00       1.00    
    10.0000     8.1553     4.6386     3.3469  0.459E-02  0.725E-02   0.00       0.00       1.00       1.00    
    10.0000     8.1889     4.6575     3.3591  0.455E-02  0.725E-02   0.00       0.00       1.00       1.00    
    10.0000     8.2213     4.6760     3.3711  0.452E-02  0.719E-02   0.00       0.00       1.00       1.00    
    10.0000     8.2542     4.6948     3.3832  0.450E-02  0.714E-02   0.00       0.00       1.00       1.00    
    10.0000     8.2866     4.7135     3.3952  0.448E-02  0.714E-02   0.00       0.00       1.00       1.00    
    10.0000     8.3186     4.7321     3.4072  0.446E-02  0.709E-02   0.00       0.00       1.00       1.00    
    10.0000     8.3504     4.7507     3.4190  0.442E-02  0.704E-02   0.00       0.00       1.00       1.00    
    10.0000     8.3822     4.7695     3.4310  0.441E-02  0.704E-02   0.00       0.00       1.00       1.00    
    10.0000     8.4131     4.7880     3.4427  0.439E-02  0.699E-02   0.00       0.00       1.00       1.00    
    10.0000     8.4444     4.8069     3.4546  0.435E-02  0.694E-02   0.00       0.00       1.00       1.00    
    10.0000     8.4747     4.8253     3.4661  0.433E-02  0.690E-02   0.00       0.00       1.00       1.00    
    10.0000     8.5080     4.8442     3.4530  0.431E-02  0.690E-02   0.00       0.00       1.00       1.00    
    10.0000     8.5411     4.8615     3.4655  0.427E-02  0.685E-02   0.00       0.00       1.00       1.00    
    10.0000     8.9802     5.0911     3.6311  0.388E-02  0.613E-02   0.00       0.00       1.00       1.00    
    10.0000     9.0208     5.1123     3.6464  0.388E-02  0.613E-02   0.00       0.00       1.00       1.00    
    10.0000     9.0615     5.1336     3.6618  0.386E-02  0.610E-02   0.00       0.00       1.00       1.00    
    10.0000     9.1017     5.1546     3.6769  0.386E-02  0.610E-02   0.00       0.00       1.00       1.00    
    10.0000     9.1422     5.1758     3.6922  0.385E-02  0.606E-02   0.00       0.00       1.00       1.00    
    10.0000     9.1828     5.1970     3.7075  0.385E-02  0.606E-02   0.00       0.00       1.00       1.00    
    10.0000     9.2231     5.2181     3.7227  0.383E-02  0.606E-02   0.00       0.00       1.00       1.00    
    10.0000     9.2639     5.2394     3.7381  0.383E-02  0.602E-02   0.00       0.00       1.00       1.00    
    10.0000     9.3040     5.2604     3.7532  0.383E-02  0.602E-02   0.00       0.00       1.00       1.00    
    10.0000     9.3446     5.2816     3.7685  0.382E-02  0.599E-02   0.00       0.00       1.00       1.00    
    10.0000     9.3853     5.3029     3.7839  0.382E-02  0.599E-02   0.00       0.00       1.00       1.00    
    10.0000     9.4261     5.3242     3.7993  0.380E-02  0.599E-02   0.00       0.00       1.00       1.00    
    10.0000     9.4666     5.3454     3.8146  0.380E-02  0.595E-02   0.00       0.00       1.00       1.00    
    10.0000     9.5077     5.3669     3.8301  0.380E-02  0.595E-02   0.00       0.00       1.00       1.00    
    10.0000     9.5487     5.3883     3.8455  0.379E-02  0.592E-02   0.00       0.00       1.00       1.00    
    10.0000     9.5890     5.4094     3.8607  0.379E-02  0.592E-02   0.00       0.00       1.00       1.00    
     0.0000     9.6296     5.4306     3.8760  0.377E-02  0.592E-02   0.00       0.00       1.00       1.00    
