MODEL.01
 
ISOTROPIC
KGS
SPHERICAL EARTH
1-D
CONSTANT VELOCITY
LINE08
LINE09
LINE10
LINE11
      H(KM)   VP(KM/S)   VS(KM/S) RHO(GM/CC)     QP         QS       ETAP       ETAS      FREFP      FREFS    
     2.0000     5.7656     3.4001     2.6683  0.118E-02  0.167E-02   0.00       0.00       1.00       1.00    
     2.0000     6.2410     3.6489     2.7705  0.118E-02  0.167E-02   0.00       0.00       1.00       1.00    
     2.0000     6.5648     3.8141     2.8495  0.118E-02  0.167E-02   0.00       0.00       1.00       1.00    
     2.0000     6.5816     3.8226     2.8538  0.118E-02  0.167E-02   0.00       0.00       1.00       1.00    
     2.0000     6.5329     3.7979     2.8414  0.118E-02  0.167E-02   0.00       0.00       1.00       1.00    
     2.0000     6.3285     3.6938     2.7910  0.118E-02  0.167E-02   0.00       0.00       1.00       1.00    
     2.0000     6.3115     3.6851     2.7870  0.118E-02  0.167E-02   0.00       0.00       1.00       1.00    
     2.0000     6.2138     3.6349     2.7642  0.118E-02  0.167E-02   0.00       0.00       1.00       1.00    
     2.0000     6.4034     3.7320     2.8091  0.118E-02  0.167E-02   0.00       0.00       1.00       1.00    
     2.0000     6.4735     3.7678     2.8264  0.118E-02  0.167E-02   0.00       0.00       1.00       1.00    
     2.0000     6.6170     3.8405     2.8630  0.118E-02  0.167E-02   0.00       0.00       1.00       1.00    
     2.0000     6.8021     3.9340     2.9124  0.118E-02  0.167E-02   0.00       0.00       1.00       1.00    
     2.0000     6.9108     3.9889     2.9426  0.118E-02  0.167E-02   0.00       0.00       1.00       1.00    
     2.0000     6.9013     3.9841     2.9399  0.118E-02  0.167E-02   0.00       0.00       1.00       1.00    
     2.0000     6.9256     3.9964     2.9468  0.118E-02  0.167E-02   0.00       0.00       1.00       1.00    
     2.0000     7.6165     4.3487     3.1593  0.118E-02  0.167E-02   0.00       0.00       1.00       1.00    
     2.0000     8.3308     4.7392     3.4117  0.118E-02  0.167E-02   0.00       0.00       1.00       1.00    
     2.0000     8.4624     4.8178     3.4614  0.118E-02  0.167E-02   0.00       0.00       1.00       1.00    
     2.0000     8.4301     4.7982     3.4491  0.118E-02  0.167E-02   0.00       0.00       1.00       1.00    
     2.0000     8.4645     4.8191     3.4622  0.118E-02  0.167E-02   0.00       0.00       1.00       1.00    
     2.0000     8.4952     4.8379     3.4739  0.118E-02  0.167E-02   0.00       0.00       1.00       1.00    
     2.0000     8.3399     4.7445     3.4151  0.118E-02  0.167E-02   0.00       0.00       1.00       1.00    
     2.0000     8.1776     4.6512     3.3550  0.118E-02  0.167E-02   0.00       0.00       1.00       1.00    
     2.0000     8.2515     4.6933     3.3822  0.118E-02  0.167E-02   0.00       0.00       1.00       1.00    
     2.0000     8.3735     4.7644     3.4277  0.118E-02  0.167E-02   0.00       0.00       1.00       1.00    
     5.0000     8.3625     4.7579     3.4236  0.118E-02  0.167E-02   0.00       0.00       1.00       1.00    
     5.0000     8.3466     4.7485     3.4176  0.118E-02  0.167E-02   0.00       0.00       1.00       1.00    
     5.0000     8.3490     4.7499     3.4185  0.118E-02  0.167E-02   0.00       0.00       1.00       1.00    
     5.0000     8.2677     4.7025     3.3882  0.118E-02  0.167E-02   0.00       0.00       1.00       1.00    
     5.0000     8.0624     4.5869     3.3133  0.118E-02  0.167E-02   0.00       0.00       1.00       1.00    
     5.0000     7.8887     4.4923     3.2518  0.118E-02  0.167E-02   0.00       0.00       1.00       1.00    
     5.0000     7.8215     4.4565     3.2286  0.118E-02  0.167E-02   0.00       0.00       1.00       1.00    
     5.0000     7.8018     4.4460     3.2218  0.118E-02  0.167E-02   0.00       0.00       1.00       1.00    
     5.0000     7.7916     4.4405     3.2183  0.118E-02  0.167E-02   0.00       0.00       1.00       1.00    
     5.0000     7.7840     4.4365     3.2157  0.118E-02  0.167E-02   0.00       0.00       1.00       1.00    
    10.0000     7.7725     4.4305     3.2118  0.118E-02  0.167E-02   0.00       0.00       1.00       1.00    
    10.0000     7.7723     4.4303     3.2117  0.118E-02  0.167E-02   0.00       0.00       1.00       1.00    
    10.0000     7.7734     4.4309     3.2121  0.862E-02  0.131E-01   0.00       0.00       1.00       1.00    
    10.0000     7.7686     4.4284     3.2104  0.862E-02  0.131E-01   0.00       0.00       1.00       1.00    
    10.0000     7.7578     4.4227     3.2068  0.855E-02  0.131E-01   0.00       0.00       1.00       1.00    
    10.0000     7.7622     4.4250     3.2082  0.847E-02  0.131E-01   0.00       0.00       1.00       1.00    
    10.0000     7.7760     4.4323     3.2130  0.847E-02  0.131E-01   0.00       0.00       1.00       1.00    
    10.0000     7.7827     4.4359     3.2152  0.833E-02  0.130E-01   0.00       0.00       1.00       1.00    
    10.0000     7.7899     4.4397     3.2177  0.826E-02  0.129E-01   0.00       0.00       1.00       1.00    
    10.0000     7.7999     4.4450     3.2211  0.813E-02  0.128E-01   0.00       0.00       1.00       1.00    
    10.0000     7.8101     4.4504     3.2246  0.806E-02  0.126E-01   0.00       0.00       1.00       1.00    
    10.0000     7.8357     4.4640     3.2335  0.474E-02  0.746E-02   0.00       0.00       1.00       1.00    
    10.0000     7.8762     4.4856     3.2475  0.472E-02  0.741E-02   0.00       0.00       1.00       1.00    
    10.0000     7.9170     4.5076     3.2617  0.469E-02  0.741E-02   0.00       0.00       1.00       1.00    
    10.0000     7.9572     4.5293     3.2758  0.467E-02  0.735E-02   0.00       0.00       1.00       1.00    
    10.0000     7.9973     4.5511     3.2900  0.465E-02  0.735E-02   0.00       0.00       1.00       1.00    
    10.0000     8.0360     4.5724     3.3039  0.463E-02  0.730E-02   0.00       0.00       1.00       1.00    
    10.0000     8.0745     4.5936     3.3177  0.461E-02  0.730E-02   0.00       0.00       1.00       1.00    
    10.0000     8.1121     4.6144     3.3312  0.459E-02  0.725E-02   0.00       0.00       1.00       1.00    
    10.0000     8.1498     4.6355     3.3449  0.455E-02  0.725E-02   0.00       0.00       1.00       1.00    
    10.0000     8.1866     4.6563     3.3583  0.452E-02  0.719E-02   0.00       0.00       1.00       1.00    
    10.0000     8.2238     4.6774     3.3720  0.450E-02  0.714E-02   0.00       0.00       1.00       1.00    
    10.0000     8.2599     4.6981     3.3853  0.448E-02  0.714E-02   0.00       0.00       1.00       1.00    
    10.0000     8.2961     4.7190     3.3988  0.446E-02  0.709E-02   0.00       0.00       1.00       1.00    
    10.0000     8.3317     4.7397     3.4120  0.442E-02  0.704E-02   0.00       0.00       1.00       1.00    
    10.0000     8.3675     4.7608     3.4255  0.441E-02  0.704E-02   0.00       0.00       1.00       1.00    
    10.0000     8.4022     4.7814     3.4386  0.439E-02  0.699E-02   0.00       0.00       1.00       1.00    
    10.0000     8.4372     4.8025     3.4518  0.435E-02  0.694E-02   0.00       0.00       1.00       1.00    
    10.0000     8.4714     4.8233     3.4649  0.433E-02  0.690E-02   0.00       0.00       1.00       1.00    
    10.0000     8.5080     4.8442     3.4530  0.431E-02  0.690E-02   0.00       0.00       1.00       1.00    
    10.0000     8.5411     4.8615     3.4655  0.427E-02  0.685E-02   0.00       0.00       1.00       1.00    
    10.0000     8.9802     5.0911     3.6311  0.388E-02  0.613E-02   0.00       0.00       1.00       1.00    
    10.0000     9.0208     5.1123     3.6464  0.388E-02  0.613E-02   0.00       0.00       1.00       1.00    
    10.0000     9.0615     5.1336     3.6618  0.386E-02  0.610E-02   0.00       0.00       1.00       1.00    
    10.0000     9.1017     5.1546     3.6769  0.386E-02  0.610E-02   0.00       0.00       1.00       1.00    
    10.0000     9.1422     5.1758     3.6922  0.385E-02  0.606E-02   0.00       0.00       1.00       1.00    
    10.0000     9.1828     5.1970     3.7075  0.385E-02  0.606E-02   0.00       0.00       1.00       1.00    
    10.0000     9.2231     5.2181     3.7227  0.383E-02  0.606E-02   0.00       0.00       1.00       1.00    
    10.0000     9.2639     5.2394     3.7381  0.383E-02  0.602E-02   0.00       0.00       1.00       1.00    
    10.0000     9.3040     5.2604     3.7532  0.383E-02  0.602E-02   0.00       0.00       1.00       1.00    
    10.0000     9.3446     5.2816     3.7685  0.382E-02  0.599E-02   0.00       0.00       1.00       1.00    
    10.0000     9.3853     5.3029     3.7839  0.382E-02  0.599E-02   0.00       0.00       1.00       1.00    
    10.0000     9.4261     5.3242     3.7993  0.380E-02  0.599E-02   0.00       0.00       1.00       1.00    
    10.0000     9.4666     5.3454     3.8146  0.380E-02  0.595E-02   0.00       0.00       1.00       1.00    
    10.0000     9.5077     5.3669     3.8301  0.380E-02  0.595E-02   0.00       0.00       1.00       1.00    
    10.0000     9.5487     5.3883     3.8455  0.379E-02  0.592E-02   0.00       0.00       1.00       1.00    
    10.0000     9.5890     5.4094     3.8607  0.379E-02  0.592E-02   0.00       0.00       1.00       1.00    
     0.0000     9.6296     5.4306     3.8760  0.377E-02  0.592E-02   0.00       0.00       1.00       1.00    
