R200101016SNU.1.0
SNU     
2001  10 16  2  1 10
 2048     0.050     0.066     1.000    10.000     1.000
R200120907SNU.1.0
SNU     
2001 209  7 32  7 28
 2048     0.050     0.067     1.000    10.000     1.000
R200102603SNU.1.0
SNU     
2001  26  3 16  1 26
 2048     0.050     0.069     1.000    10.000     1.000
R200022014SNU.1.0
SNU     
2000 220 14 33  8  7
 2048     0.050     0.069     1.000    10.000     1.000
R200128701SNU.1.0
SNU     
2001 287  1 10 10 14
 2048     0.050     0.070     1.000    10.000     1.000
R200114505SNU.1.0
SNU     
2001 145  5  6  5 25
 2048     0.050     0.070     1.000    10.000     1.000
R200029909SNU.1.0
SNU     
2000 299  9 32 10 25
 2048     0.050     0.070     1.000    10.000     1.000
R200030412SNU.1.0
SNU     
2000 304 12  1 10 30
 2048     0.050     0.070     1.000    10.000     1.000
R200101613SNU.1.0
SNU     
2001  16 13 25  1 16
 2048     0.050     0.070     1.000    10.000     1.000
R200206212SNU.1.0
SNU     
2002  62 12  8  3  3
 2048     0.050     0.071     1.000    10.000     1.000
R200113802SNU.1.0
SNU     
2001 138  2  5  5 18
 2048     0.050     0.072     1.000    10.000     1.000
R200208414SNU.1.0
SNU     
2002  84 14 56  3 25
 2048     0.050     0.072     1.000    10.000     1.000
R200132421SNU.1.0
SNU     
2001 324 21  8 11 20
 2048     0.050     0.072     1.000    10.000     1.000
R200114808SNU.1.0
SNU     
2001 148  8 37  5 28
 2048     0.050     0.072     1.000    10.000     1.000
R200120318SNU.1.0
SNU     
2001 203 18 15  7 22
 2048     0.050     0.073     1.000    10.000     1.000
R200129203SNU.1.0
SNU     
2001 292  3 28 10 19
 2048     0.050     0.074     1.000    10.000     1.000
R200107805SNU.1.0
SNU     
2001  78  5 52  3 19
 2048     0.050     0.074     1.000    10.000     1.000
R200110721SNU.1.0
SNU     
2001 107 21 54  4 17
 2048     0.050     0.075     1.000    10.000     1.000
R200116519SNU.1.0
SNU     
2001 165 19 48  6 14
 2048     0.050     0.075     1.000    10.000     1.000
R200025419SNU.1.0
SNU     
2000 254 19  6  9 10
 2048     0.050     0.075     1.000    10.000     1.000
R200105507SNU.1.0
SNU     
2001  55  7 23  2 24
 2048     0.050     0.076     1.000    10.000     1.000
R200027920SNU.1.0
SNU     
2000 279 20  6 10  5
 2048     0.050     0.079     1.000    10.000     1.000
R200101016SNU.2.5
SNU     
2001  10 16  2  1 10
 2048     0.050     0.066     2.500    10.000     0.400
R200120907SNU.2.5
SNU     
2001 209  7 32  7 28
 2048     0.050     0.067     2.500    10.000     0.400
R200102603SNU.2.5
SNU     
2001  26  3 16  1 26
 2048     0.050     0.069     2.500    10.000     0.400
R200022014SNU.2.5
SNU     
2000 220 14 33  8  7
 2048     0.050     0.069     2.500    10.000     0.400
R200128701SNU.2.5
SNU     
2001 287  1 10 10 14
 2048     0.050     0.070     2.500    10.000     0.400
R200114505SNU.2.5
SNU     
2001 145  5  6  5 25
 2048     0.050     0.070     2.500    10.000     0.400
R200029909SNU.2.5
SNU     
2000 299  9 32 10 25
 2048     0.050     0.070     2.500    10.000     0.400
R200101613SNU.2.5
SNU     
2001  16 13 25  1 16
 2048     0.050     0.070     2.500    10.000     0.400
R200206212SNU.2.5
SNU     
2002  62 12  8  3  3
 2048     0.050     0.071     2.500    10.000     0.400
R200208414SNU.2.5
SNU     
2002  84 14 56  3 25
 2048     0.050     0.072     2.500    10.000     0.400
R200132421SNU.2.5
SNU     
2001 324 21  8 11 20
 2048     0.050     0.072     2.500    10.000     0.400
R200114808SNU.2.5
SNU     
2001 148  8 37  5 28
 2048     0.050     0.072     2.500    10.000     0.400
R200129203SNU.2.5
SNU     
2001 292  3 28 10 19
 2048     0.050     0.074     2.500    10.000     0.400
R200107805SNU.2.5
SNU     
2001  78  5 52  3 19
 2048     0.050     0.074     2.500    10.000     0.400
R200110721SNU.2.5
SNU     
2001 107 21 54  4 17
 2048     0.050     0.075     2.500    10.000     0.400
R200025419SNU.2.5
SNU     
2000 254 19  6  9 10
 2048     0.050     0.075     2.500    10.000     0.400
R200105507SNU.2.5
SNU     
2001  55  7 23  2 24
 2048     0.050     0.076     2.500    10.000     0.400
