0.167094 0.117533
0.251926 0.181806
0.594141 0.470320
0.788200 0.652343
0.919020 0.781190
1.174863 1.043820
1.395160 1.276360
1.536692 1.426060
1.659548 1.554600
1.967026 1.861970
2.102755 1.986901
2.300382 2.151363
2.423945 2.241087
2.767798 2.421698
2.903928 2.459038
3.148162 2.467005
3.385497 2.391388
3.599055 2.243452
3.729498 2.112410
3.861987 1.945780
4.129258 1.501245
4.218190 1.319990
4.586118 0.387800
4.637512 0.234114
4.842768 -0.436145
5.074346 -1.296969
5.272815 -2.116381
5.532071 -3.285263
5.705984 -4.120090
5.987399 -5.528019
6.099732 -6.100045
6.299935 -7.117109
6.541498 -8.309902
6.690669 -9.008277
6.920526 -9.993778
7.131768 -10.765735
7.348014 -11.380317
7.438590 -11.574368
7.746015 -11.897835
7.931013 -11.803381
8.052908 -11.605691
8.270424 -10.958906
8.589882 -9.255364
8.607850 -9.131052
8.963405 -6.007264
9.114030 -4.291376
9.221593 -2.920348
9.572447 2.389191
9.721106 5.013347
9.871626 7.882982
