0.167094 1.454114
0.251926 2.090979
0.594141 -0.604922
0.788200 1.406900
0.919020 1.932449
1.174863 3.428739
1.395160 -0.717067
1.536692 7.592890
1.659548 4.532973
1.967026 1.306902
2.102755 0.394733
2.300382 5.397251
2.423945 1.702729
2.767798 -2.408023
2.903928 -2.636157
3.148162 -0.576736
3.385497 0.618862
3.599055 1.573584
3.729498 0.051000
3.861987 5.017693
4.129258 -0.118030
4.218190 5.299718
4.586118 -3.174428
4.637512 0.247761
4.842768 -0.238355
5.074346 -4.845401
5.272815 -6.652367
5.532071 2.010856
5.705984 -5.136518
5.987399 -7.846735
6.099732 -2.771527
6.299935 -7.563555
6.541498 -6.010481
6.690669 -5.692532
6.920526 -11.858079
7.131768 -12.064032
7.348014 -14.036041
7.438590 -8.549364
7.746015 -9.013240
7.931013 -12.399696
8.052908 -11.168660
8.270424 -7.486245
8.589882 -4.637842
8.607850 -9.541062
8.963405 -7.126390
9.114030 -3.272174
9.221593 -1.003201
9.572447 6.564496
9.721106 4.684137
9.871626 8.706694
