47.39500 7.23130 0.860 45.969
46.94960 8.24280 0.880 50.980
46.77470 6.96140 0.720 52.146 
47.48230 8.38940 0.780 52.188 
46.75680 8.15110 1.280 52.260 
46.87190 8.42610 0.860 53.715 
47.37050 8.58200 0.615 53.905 
46.96910 8.63820 1.920 55.414 
47.76620 8.49350 0.590 56.119 
46.38830 7.62810 1.550 56.253 
46.38530 7.47340 2.910 56.578 
47.41610 8.90890 0.860 58.295 
46.84660 9.00710 1.809 60.596 
46.53480 6.26590 1.130 61.155 
46.08130 7.40910 2.410 62.528 
46.05190 7.96510 2.210 63.073 
46.06690 6.93100 1.780 63.075 
47.25070 9.34490 2.500 63.477 
46.41160 8.92570 2.173 63.945 
47.28960 9.48750 1.730 66.152 
46.10570 8.87250 1.850 67.601 
46.48640 9.47040 1.930 68.619 
46.83940 9.79430 2.800 70.801 
46.41340 10.02310 2.310 74.348 
46.68960 10.13310 1.600 75.318