0.021219 12.848950
0.480648 12.137028
0.558808 17.305193
0.940398 12.448592
1.069861 16.350727
1.480243 14.644675
1.588070 13.354804
1.930381 18.834477
2.249929 12.373948
2.255198 9.476677
2.677185 -18.377963
2.849588 -15.075693
3.099334 -13.174173
3.428074 -17.406430
3.589658 -15.463759
3.943299 -15.692066
4.044718 -20.172824
4.303258 -16.433444
4.658722 -20.247997
4.887291 -17.026273
5.245084 1.121522
5.294082 -0.104415
5.571879 4.945578
5.834444 2.338667
6.229677 8.649837
6.433036 7.356708
6.554980 5.669037
6.981416 11.160050
7.174158 12.416347
7.410067 9.636585
7.547448 14.334225
7.959061 11.551538
8.031424 11.857596
8.310562 11.789667
8.668715 8.594767
8.850265 7.465233
9.056140 4.133795
9.283758 3.488137
9.500742 -1.853946
9.870756 -7.207005
