2.440000000000000000e+04
2.520000000000000000e+04
2.560000000000000000e+04
2.580000000000000000e+04
2.590000000000000000e+04
2.595000000000000000e+04
2.600000000000000000e+04
2.605000000000000000e+04
2.610000000000000000e+04
2.615000000000000000e+04
2.620000000000000000e+04
2.625000000000000000e+04
2.630000000000000000e+04
2.635000000000000000e+04
2.640000000000000000e+04
2.645000000000000000e+04
2.650000000000000000e+04
2.655000000000000000e+04
2.660000000000000000e+04
2.665000000000000000e+04
2.670000000000000000e+04
2.675000000000000000e+04
2.680000000000000000e+04
2.685000000000000000e+04
2.690000000000000000e+04
2.695000000000000000e+04
2.700000000000000000e+04
2.705000000000000000e+04
2.710000000000000000e+04
2.715000000000000000e+04
2.720000000000000000e+04
2.725000000000000000e+04
2.730000000000000000e+04
2.735000000000000000e+04
2.740000000000000000e+04
2.745000000000000000e+04
2.750000000000000000e+04
2.755000000000000000e+04
2.760000000000000000e+04
2.765000000000000000e+04
2.770000000000000000e+04
2.775000000000000000e+04
2.780000000000000000e+04
2.785000000000000000e+04
2.790000000000000000e+04
2.795000000000000000e+04
2.800000000000000000e+04
2.805000000000000000e+04
2.810000000000000000e+04
2.815000000000000000e+04
2.820000000000000000e+04
2.825000000000000000e+04
2.830000000000000000e+04
2.835000000000000000e+04
2.840000000000000000e+04
2.845000000000000000e+04
2.850000000000000000e+04
2.855000000000000000e+04
2.860000000000000000e+04
2.865000000000000000e+04
2.870000000000000000e+04
2.875000000000000000e+04
2.880000000000000000e+04
2.885000000000000000e+04
2.890000000000000000e+04
2.895000000000000000e+04
2.900000000000000000e+04
2.905000000000000000e+04
2.910000000000000000e+04
2.915000000000000000e+04
2.920000000000000000e+04
2.925000000000000000e+04
2.930000000000000000e+04
2.940000000000000000e+04
2.960000000000000000e+04
3.000000000000000000e+04
3.080000000000000000e+04
