sequence number	age_(ka)	ESL-revised	2xsigma_age_ka)	2xsigma_esl_(m)	G
0.070000 0.580000 0.072500 0.450000
0.090000 -0.110000 0.100000 0.140360
0.090000 -0.110000 0.100000 0.140360
0.120000 -0.110000 0.100000 0.140480
0.180000 -0.110000 0.150000 0.140650
0.360000 0.080000 0.150000 0.220910
0.360000 0.080000 0.070000 0.280800
0.370000 0.260000 0.140000 0.211070
0.430000 -0.170000 0.070000 0.680640
0.440000 0.640000 0.075000 1.510300
0.480000 -0.590000 0.070000 0.281900
0.590000 -0.090000 0.090500 0.147060
0.610000 -0.190000 0.098000 0.146570
0.610000 -0.090000 0.099000 0.146230
0.610000 -0.090000 0.100500 0.146400
0.640000 -0.100000 0.112000 1.021400
0.640000 -0.670000 0.110000 0.147540
0.680000 -0.100000 0.124000 0.148400
0.720000 -0.110000 0.126000 0.149240
0.730000 1.250000 0.070000 2.690400
0.740000 0.570000 0.160000 0.245150
0.750000 -0.220000 0.119000 0.150310
0.790000 0.890000 0.118000 1.030600
0.800000 2.340000 0.100000 2.510100
0.820000 0.770000 0.070000 0.541790
0.850000 -0.530000 0.100000 1.500500
0.870000 -0.010000 0.200000 0.544080
0.910000 -1.430000 0.174000 1.000800
0.920000 0.170000 0.070000 0.240990
0.920000 -1.010000 0.090000 0.227420
0.980000 -1.960000 0.196000 0.908190
1.060000 -1.890000 0.130500 0.907300
1.060000 -0.110000 0.126000 0.284640
1.060000 -0.280000 0.180000 0.279120
1.060000 -0.180000 0.142500 0.159190
1.060000 0.280000 0.070000 2.070800
1.070000 0.420000 0.070000 0.239910
1.080000 -0.180000 0.070000 0.230200
1.120000 -0.100000 0.150000 0.160760
1.120000 -0.330000 0.154000 0.502630
1.130000 -0.890000 0.070000 0.543570
1.150000 -0.130000 0.180000 0.290030
1.160000 0.040000 0.190000 0.284820
1.180000 0.680000 0.070000 0.623060
1.180000 -0.880000 0.131000 0.543890
1.190000 0.130000 0.130000 0.285430
1.220000 0.540000 0.160000 0.289230
1.220000 0.640000 0.175000 1.432100
1.250000 -0.170000 0.100000 1.501200
1.250000 0.120000 0.070000 0.635610
1.250000 -0.790000 0.135000 0.454870
1.270000 -0.730000 0.070000 0.545470
1.280000 -0.330000 0.490000 0.166410
1.290000 0.160000 0.118000 0.493540
1.290000 -0.580000 0.114000 0.503900
1.300000 -0.900000 0.105000 0.470260
1.310000 -0.230000 0.085000 0.454970
1.340000 0.070000 0.080000 0.636440
1.390000 0.040000 0.070000 0.637280
1.410000 -0.560000 0.131000 0.172190
1.430000 -0.270000 0.173500 0.172750
1.450000 -1.900000 0.100000 0.703330
1.460000 -0.380000 0.160000 0.321870
1.470000 -1.130000 0.180000 1.512900
1.470000 -0.070000 0.153000 0.173780
1.480000 -0.180000 0.581000 0.174640
1.490000 -0.280000 0.159500 0.173900
1.500000 2.160000 0.070000 2.511200
1.500000 -0.280000 0.159500 0.174620
1.500000 -0.280000 0.239000 1.501400
1.510000 -1.310000 0.100000 0.305530
1.520000 0.060000 0.208000 1.024200
1.540000 0.160000 0.095000 0.826820
1.540000 -0.200000 0.159500 0.176780
1.570000 -0.200000 0.158500 0.178180
1.570000 -0.100000 0.160000 0.177480
1.570000 -0.570000 0.261000 1.003300
1.580000 -0.300000 0.163000 0.177200
1.590000 0.240000 0.160000 0.343220
1.600000 -0.210000 0.166500 0.178880
1.600000 -0.310000 0.202500 0.178880
1.610000 0.740000 0.070000 0.242280
1.630000 -0.510000 0.163500 0.180000
1.640000 -0.090000 0.165000 0.328870
1.640000 -0.320000 0.153500 0.181960
1.650000 -2.830000 0.100000 0.704920
1.670000 -0.910000 0.145000 0.180250
1.670000 -0.320000 0.199000 0.256550
1.700000 0.380000 0.080000 0.253370
1.710000 0.420000 0.125000 1.023900
1.710000 -1.310000 0.386000 4.400900
1.720000 -0.140000 0.158500 0.183610
1.730000 -0.340000 0.196500 0.182180
1.730000 -0.240000 0.159500 0.182870
1.740000 0.270000 0.251000 0.422130
1.740000 -0.250000 0.161000 0.183690
1.760000 -0.080000 0.232000 0.436960
1.770000 -0.570000 0.180000 0.379590
1.770000 -0.350000 0.188000 0.185510
1.770000 -0.450000 0.070000 0.185240
1.770000 0.250000 0.180000 0.374470
1.780000 0.500000 0.190000 1.514400
1.780000 -0.450000 0.070000 0.185780
1.790000 -1.550000 0.221000 0.677200
1.810000 -0.900000 0.205000 1.003300
1.820000 1.020000 0.080000 0.248950
1.820000 -0.290000 0.180000 0.380030
1.820000 -0.490000 0.244000 0.187530
1.820000 -0.160000 0.156500 1.096700
1.830000 0.330000 0.224000 0.187660
1.830000 -0.560000 0.193500 0.717080
1.840000 -0.370000 0.182500 0.187990
1.840000 -0.470000 0.193000 0.188660
1.850000 0.570000 0.119000 1.034400
1.860000 -0.370000 0.156500 0.190110
1.870000 0.290000 0.180000 0.386260
1.870000 -0.370000 0.163000 0.189100
1.880000 -0.270000 0.160000 0.188450
1.880000 -0.370000 0.165000 0.188450
1.880000 0.550000 0.128000 1.034800
1.900000 0.280000 0.100000 0.273550
1.900000 -0.390000 0.195000 0.190240
1.900000 -0.490000 0.163000 0.190500
1.910000 0.560000 0.294000 1.037400
1.920000 -1.140000 0.361500 3.711300
1.920000 -0.390000 0.070000 0.193750
1.920000 -0.290000 0.192000 0.193500
1.940000 0.140000 0.339000 0.869820
1.940000 -0.120000 0.208000 1.065700
1.940000 -0.970000 0.214000 1.004100
1.950000 -0.300000 0.156500 0.191350
1.950000 -0.500000 0.159000 0.192010
1.950000 -0.450000 0.200000 0.559120
1.960000 -0.080000 0.180000 0.401980
1.970000 0.300000 0.114000 1.025300
1.970000 -1.330000 0.070000 0.550530
2.000000 -1.020000 0.725000 0.554350
2.000000 0.600000 0.080000 0.597200
2.000000 -0.310000 0.200500 0.193300
2.010000 0.310000 0.180000 0.407540
2.030000 -0.110000 0.337000 1.005400
2.060000 -0.990000 0.070000 0.465180
2.060000 1.880000 0.072000 0.606090
2.070000 -1.040000 0.259000 1.004700
2.080000 -0.130000 0.070000 0.606010
2.080000 0.870000 0.071500 0.256090
2.100000 -2.550000 0.100000 1.503600
2.100000 0.120000 0.183500 0.343860
2.100000 0.120000 0.185000 0.344150
2.100000 0.250000 0.260000 0.418310
2.150000 -0.190000 0.208000 0.354100
2.180000 -0.050000 0.070000 0.466910
2.190000 -0.460000 0.150500 0.202210
2.200000 -1.730000 0.080000 0.569110
2.210000 0.080000 0.070000 0.260170
2.210000 -1.110000 0.339000 1.005700
2.220000 0.390000 0.120000 0.516350
2.220000 -0.480000 0.156000 0.202850
2.230000 -0.450000 0.070000 0.343040
2.260000 0.250000 0.180000 0.449320
2.290000 -1.270000 0.080000 0.562890
2.320000 -0.090000 0.080000 0.271140
2.340000 0.100000 0.070000 2.104100
2.350000 -0.110000 0.105000 1.118500
2.350000 1.330000 0.339000 0.209310
2.350000 -0.600000 0.487000 0.273630
2.350000 1.080000 0.300000 1.072500
2.390000 0.750000 0.207000 1.108700
2.390000 0.960000 0.420000 0.342510
2.420000 -0.170000 0.070000 0.470860
2.420000 0.380000 0.265000 0.339830
2.440000 0.500000 0.297500 0.729250
2.440000 -0.690000 0.220000 0.477740
2.450000 -0.510000 0.070000 0.565430
2.460000 -1.670000 0.164000 1.008900
2.470000 -0.490000 0.070000 0.471690
2.470000 0.220000 0.160000 0.481720
2.480000 0.460000 0.135000 0.520000
2.490000 -1.520000 0.100000 1.505300
2.490000 -0.540000 0.171500 0.215790
2.510000 -0.540000 0.170500 0.216480
2.510000 0.900000 0.134000 0.345610
2.520000 -1.560000 0.215000 0.721220
2.530000 -0.750000 0.100000 1.505500
2.530000 -0.650000 0.172500 0.215250
2.530000 -2.270000 0.218000 0.624030
2.540000 -0.940000 0.180280 0.298000
2.540000 0.290000 0.240000 0.346230
2.560000 -0.860000 0.224000 0.325960
2.570000 -0.760000 0.224000 0.326410
2.590000 -0.870000 0.141420 0.273760
2.610000 0.310000 0.080000 0.247730
2.610000 -0.670000 0.167000 0.219840
2.620000 -0.770000 0.070000 0.474460
2.620000 -0.470000 0.581000 0.218720
2.640000 -0.620000 0.543500 3.911800
2.660000 -2.270000 0.070000 0.555310
2.700000 -0.270000 0.090000 0.402500
2.710000 1.040000 0.640000 0.514880
2.720000 -1.560000 0.070000 0.568990
2.730000 -0.660000 0.080000 0.278060
2.730000 -0.690000 0.172500 0.221560
2.750000 -0.080000 0.300000 1.047100
2.750000 -0.500000 0.167000 0.221900
2.750000 -0.700000 0.167000 0.221900
2.790000 -0.330000 0.115000 0.860040
2.790000 -0.710000 0.135000 0.224030
2.800000 0.300000 0.080000 0.248680
2.800000 -0.860000 0.085000 0.477810
2.800000 -0.510000 0.128000 0.224980
2.810000 -0.720000 0.149500 0.223850
2.810000 -0.720000 0.135500 0.224030
2.830000 0.300000 0.070000 0.248970
2.830000 0.070000 0.300000 0.387900
2.830000 -0.520000 0.142500 0.227430
2.840000 -0.720000 0.150000 0.225830
2.840000 0.750000 1.680000 0.352340
2.850000 0.290000 0.085000 0.249180
2.850000 0.750000 0.144000 0.352330
2.880000 -1.070000 0.205000 1.013900
2.900000 0.120000 0.300000 2.512100
2.900000 -0.620000 0.227000 0.331340
2.930000 -1.230000 0.085000 0.481260
2.940000 -0.840000 0.173500 0.230570
2.970000 -0.860000 0.070000 0.571810
2.980000 -0.660000 0.195000 0.231630
3.000000 -0.860000 0.219500 0.232680
3.000000 -0.750000 0.320000 0.566590
3.000000 -1.250000 0.095000 0.472110
3.010000 -0.870000 0.253000 1.013800
3.020000 -0.980000 0.070000 0.482810
3.030000 -0.430000 0.681500 0.556300
3.060000 -0.510000 0.070000 0.290360
3.080000 -0.410000 0.070000 0.483690
3.130000 0.750000 0.085000 0.347980
3.140000 -1.670000 0.070000 0.564390
3.170000 0.160000 0.070000 0.251550
3.170000 -1.080000 0.223610 0.336210
3.180000 -1.200000 0.141420 0.284230
3.190000 -0.900000 0.207000 0.354730
3.200000 -0.820000 0.184000 0.239410
3.200000 -0.530000 0.200000 0.583800
3.220000 0.250000 0.085000 0.252220
3.220000 -0.720000 0.165000 0.237190
3.230000 -0.360000 0.244000 1.092700
3.230000 -0.210000 0.112000 2.078800
3.260000 -1.200000 0.080000 0.487340
3.260000 -0.970000 0.080000 0.348620
3.270000 -1.960000 0.070000 0.298280
3.270000 -0.950000 0.200000 0.608540
3.320000 -0.700000 0.200000 0.568460
3.330000 -0.700000 0.402500 0.750600
3.330000 -0.750000 0.160500 0.242670
3.350000 -2.050000 0.350000 0.545500
3.350000 -0.230000 0.148000 0.552550
3.350000 -1.480000 0.285000 0.310690
3.370000 -0.290000 0.371000 1.827600
3.390000 -0.040000 0.185000 0.311470
3.410000 -0.770000 0.080000 0.576820
3.440000 0.320000 0.085000 0.282530
3.440000 -0.460000 0.105000 0.391260
3.450000 -0.210000 0.085000 0.491610
3.460000 -0.390000 0.180000 0.640280
3.470000 -0.020000 0.117000 0.541120
3.470000 -0.700000 0.135000 1.530100
3.480000 -1.640000 0.243000 1.029800
3.490000 -0.610000 0.085000 1.418300
3.490000 -1.600000 0.095000 0.477830
3.500000 0.410000 0.085000 0.283370
3.500000 -1.470000 0.115000 0.360960
3.510000 -1.100000 0.190000 0.563440
3.540000 -0.300000 0.299500 0.745550
3.540000 -2.180000 0.280000 0.318440
3.550000 -0.990000 0.070000 0.309400
3.550000 -0.620000 0.164500 0.247170
3.550000 -0.820000 0.236500 0.247170
3.560000 0.510000 0.237000 1.138300
3.560000 -0.390000 0.080000 0.616700
3.580000 -0.190000 0.139000 0.544530
3.580000 -0.930000 0.197500 0.247170
3.610000 -0.720000 0.070000 0.570840
3.610000 -2.130000 0.242000 1.570800
3.610000 -1.680000 0.165000 0.479520
3.610000 -0.430000 0.340000 0.370410
3.620000 -0.370000 0.375000 1.831500
3.630000 -0.740000 0.179000 0.248290
3.640000 -0.560000 0.070000 0.312930
3.680000 -0.960000 0.170000 0.249210
3.700000 0.030000 0.200000 2.515600
3.700000 -0.970000 0.172500 0.249720
3.700000 -0.840000 0.224000 0.556440
3.710000 -0.400000 0.070000 0.582260
3.740000 0.470000 0.080000 2.526500
3.760000 -2.350000 0.300000 0.473320
3.760000 -0.380000 0.430000 1.171800
3.800000 -0.700000 0.070000 0.251180
3.820000 -2.350000 0.205000 1.535300
3.820000 -1.110000 0.180000 0.251590
3.830000 -0.350000 0.070000 2.082100
3.860000 -2.120000 0.085000 0.574470
3.860000 -1.150000 0.085000 0.501900
3.870000 -0.820000 0.226500 0.253750
3.870000 -0.170000 0.070000 2.082400
3.880000 -1.430000 0.200000 0.277230
3.880000 -1.030000 0.180500 0.253710
3.890000 -0.960000 0.261000 0.305480
3.910000 -0.150000 0.085000 0.316420
3.910000 -0.990000 0.070000 0.321770
3.910000 -1.130000 0.604000 0.254150
3.910000 -0.500000 0.070000 0.619730
3.920000 -0.840000 0.189000 0.255570
3.930000 -0.040000 0.210000 1.533200
3.930000 -0.840000 0.182500 0.253600
3.940000 -0.270000 0.115000 0.614110
3.940000 -1.270000 0.270000 1.091500
3.950000 -1.120000 0.180000 0.724250
3.950000 0.020000 0.120000 1.078000
3.950000 -1.470000 0.146000 0.295010
3.950000 -0.950000 0.486000 1.036800
4.010000 -1.910000 0.085000 0.379300
4.010000 -2.030000 0.070000 0.505540
4.020000 -3.240000 0.100000 1.513300
4.050000 -1.090000 0.180000 0.734540
4.090000 -2.440000 0.124000 0.614630
4.090000 -1.570000 0.195000 0.507240
4.110000 -2.020000 0.070000 2.531800
4.110000 -3.780000 0.145000 1.540700
4.110000 -0.130000 0.070000 0.623140
4.120000 -2.050000 0.507000 1.042500
4.130000 -1.220000 0.200500 0.256030
4.140000 -0.820000 0.193500 0.257330
4.150000 0.010000 0.524000 1.111000
4.180000 -1.230000 0.191000 0.259930
4.200000 -1.130000 0.227000 1.045300
4.210000 -1.150000 0.182000 0.258600
4.220000 -1.150000 0.182500 0.258490
4.220000 1.150000 0.386000 0.764400
4.230000 -2.520000 0.140000 1.094200
4.240000 -1.150000 0.180000 0.260140
4.260000 -0.870000 0.187000 1.047700
4.270000 -1.330000 0.090000 0.332870
4.270000 -1.460000 0.184000 0.311080
4.280000 -2.400000 0.130000 0.642190
4.280000 -0.970000 0.188500 0.257760
4.280000 -2.150000 0.306000 1.048300
4.290000 -2.270000 0.070000 2.534800
4.300000 -1.080000 0.179000 0.261420
4.310000 -1.240000 0.243000 3.914000
4.340000 -1.040000 0.400000 0.796050
4.370000 -0.440000 0.199500 1.540800
4.370000 -1.810000 0.280000 0.346930
4.380000 -1.430000 0.070000 0.337450
4.390000 -1.220000 0.186000 0.261040
4.390000 -2.020000 0.260000 0.347100
4.400000 -0.760000 0.070000 0.515510
4.400000 -3.530000 0.419000 0.578030
4.420000 -2.210000 0.425000 1.068600
4.430000 -1.240000 0.190500 0.261330
4.440000 -1.010000 0.091500 1.003000
4.470000 -1.250000 0.202000 0.262830
4.470000 -1.200000 0.200000 0.603770
4.480000 -2.030000 0.070000 0.340140
4.490000 -0.190000 0.412000 1.228200
4.500000 0.170000 0.380000 0.816130
4.510000 -0.890000 0.105000 0.639030
4.510000 -2.090000 0.223000 1.057900
4.530000 -0.350000 0.117000 1.133500
4.530000 -1.380000 0.200000 0.817000
4.530000 -1.340000 0.300000 1.059500
4.570000 -1.730000 0.100000 0.343440
4.580000 -1.490000 0.080000 0.520150
4.590000 -1.020000 0.185000 1.551300
4.600000 -0.060000 0.198500 1.545400
4.610000 -0.980000 0.070000 0.646270
4.610000 -1.210000 0.179500 0.262340
4.610000 0.390000 0.215000 1.130600
4.620000 -0.760000 0.213500 1.130500
4.650000 -0.830000 0.409000 1.065900
4.650000 -2.820000 0.407000 0.785650
4.660000 -2.140000 0.085000 0.623230
4.670000 -2.890000 0.220000 0.848130
4.670000 -0.760000 0.158000 0.585750
4.670000 -0.760000 0.099500 0.586220
4.680000 0.910000 0.070000 2.542500
4.680000 -0.700000 0.395500 0.782880
4.680000 -1.250000 0.162500 0.262170
4.680000 -1.350000 0.157000 0.261320
4.700000 -1.150000 0.160000 0.261320
4.710000 -0.800000 0.143500 0.588550
4.710000 -1.260000 0.167000 0.261130
4.750000 -0.600000 0.158000 1.111200
4.780000 -1.090000 0.177500 0.261560
4.800000 -2.360000 0.080000 0.585270
4.810000 -2.030000 0.223610 0.349840
4.820000 0.520000 0.780000 0.867310
4.840000 -2.060000 0.224000 0.348620
4.850000 -0.740000 0.309000 1.127200
4.870000 -4.700000 0.395000 1.644000
4.950000 -1.610000 0.533000 1.083300
4.960000 -3.030000 0.220000 0.899000
5.030000 -0.570000 0.200000 1.555500
5.060000 -3.000000 0.238000 1.110400
5.060000 -1.910000 0.195000 0.350380
5.070000 -1.690000 0.250000 0.312800
5.070000 -2.120000 0.226000 0.326700
5.080000 -2.200000 0.256000 0.312960
5.100000 -2.800000 0.220000 0.919180
5.100000 -2.460000 0.234000 0.321410
5.100000 -3.500000 0.237000 1.149900
5.110000 -0.810000 0.215000 1.135600
5.130000 -2.390000 0.105000 0.331610
5.140000 -0.640000 0.172000 1.142500
5.140000 -1.240000 0.176500 0.259330
5.150000 -2.740000 0.185000 0.316930
5.160000 -1.440000 0.070000 0.258630
5.180000 -3.690000 0.115000 0.507830
5.210000 -2.020000 0.085000 0.541370
5.240000 -2.790000 0.090000 0.458510
5.250000 -1.540000 0.226000 0.327750
5.260000 -1.490000 0.191500 0.255490
5.270000 -2.720000 0.105000 0.358300
5.320000 -4.100000 0.100000 1.526300
5.320000 -2.570000 0.280000 0.368500
5.330000 -1.400000 0.140000 0.754160
5.330000 -2.380000 0.100000 0.437380
5.370000 -1.390000 0.155000 0.377960
5.410000 -2.450000 0.115000 0.331640
5.420000 -2.160000 0.080000 0.331700
5.430000 -3.420000 0.573000 1.120900
5.440000 -2.490000 0.070000 0.550700
5.450000 -1.760000 0.140000 0.761850
5.460000 -2.680000 0.141420 0.299590
5.460000 -1.680000 0.142000 0.349790
5.470000 -1.820000 0.100000 0.369490
5.470000 -1.210000 0.282000 1.156300
5.480000 -2.320000 0.163000 0.323350
5.500000 -2.650000 0.242000 0.323060
5.500000 -2.000000 0.271000 1.156100
5.500000 -4.140000 0.070000 0.519150
5.560000 -1.720000 0.300000 0.990490
5.560000 -1.660000 0.102500 0.641980
5.600000 -2.410000 0.223610 0.348040
5.600000 -2.810000 0.152000 0.355750
5.630000 -1.680000 0.140000 0.787250
5.680000 -2.810000 0.213000 0.336480
5.680000 -0.430000 0.070000 0.471820
5.690000 -1.720000 0.200000 0.587850
5.710000 -2.800000 0.421000 1.148200
5.710000 -0.750000 0.070000 0.650730
5.740000 -1.830000 0.140000 0.793730
5.750000 -0.860000 0.170000 0.691880
5.760000 -3.440000 0.158000 1.154500
5.760000 -2.550000 0.234000 0.345540
5.770000 -1.530000 0.140000 0.813750
5.770000 -1.090000 0.181000 0.351050
5.770000 -2.980000 0.190000 0.693620
5.780000 -2.190000 0.140000 0.800770
5.790000 -2.890000 0.150000 0.392370
5.810000 -3.090000 0.200000 0.652710
5.820000 -0.850000 0.070000 2.095100
5.850000 -2.950000 0.210000 0.396330
5.850000 -2.950000 0.190000 0.294580
5.860000 -2.030000 0.140000 0.806070
5.890000 -2.460000 0.165000 0.356800
5.890000 -2.800000 0.152000 0.295790
5.900000 -2.910000 0.165000 0.294330
5.920000 -1.800000 0.200000 0.588080
5.940000 -2.010000 0.140000 0.835240
5.940000 -3.290000 0.100000 0.471520
5.940000 -2.380000 0.095000 0.759750
5.940000 -2.910000 0.115000 0.360640
5.950000 -3.280000 0.370000 1.176100
5.950000 -0.480000 0.070000 0.657620
5.960000 -2.720000 0.115000 0.410070
5.970000 -2.810000 0.240000 0.361130
5.990000 -3.440000 0.085000 0.664200
5.990000 -2.600000 0.141420 0.279340
5.990000 -4.710000 0.264000 1.147600
6.020000 -3.230000 0.096500 1.223900
6.030000 -2.800000 0.175000 0.371320
6.030000 -3.220000 0.100000 0.361070
6.030000 -2.970000 0.162000 0.395470
6.030000 -0.160000 0.097500 0.751990
6.050000 -3.310000 0.175000 0.373940
6.050000 -2.710000 0.300000 0.894040
6.050000 -2.150000 0.133500 0.685770
6.060000 -3.560000 0.100000 0.479510
6.060000 -2.510000 0.150000 1.591400
6.070000 -2.800000 0.141420 0.278040
6.070000 -2.630000 0.080000 0.325380
6.080000 -2.780000 0.141000 0.325980
6.090000 -2.920000 0.141420 0.277300
6.090000 -3.000000 0.200000 0.361950
6.100000 -3.300000 0.112000 1.257500
6.100000 -2.200000 0.106500 1.225300
6.100000 -3.710000 0.080000 0.361410
6.110000 -4.030000 0.186000 1.496800
6.110000 -3.240000 0.070000 0.293970
6.110000 -2.280000 0.108500 0.688720
6.120000 -3.880000 0.100000 0.503530
6.120000 -2.720000 0.145000 1.606300
6.130000 -2.890000 0.224000 0.342900
6.130000 -5.230000 0.120000 0.561640
6.140000 -3.450000 0.154000 0.362590
6.150000 -2.890000 0.175000 0.293020
6.160000 -3.100000 0.300000 0.906530
6.170000 -3.210000 0.200000 0.292070
6.180000 -3.600000 0.100000 0.383040
6.200000 -2.240000 0.140000 0.860960
6.220000 -2.670000 0.141420 0.292080
6.230000 -4.450000 0.080000 0.775540
6.240000 -2.990000 0.161000 0.291580
6.240000 -1.860000 0.070000 0.667750
6.270000 -5.360000 0.100000 0.770800
6.270000 -3.900000 0.389000 1.221000
6.280000 -7.290000 0.287000 1.131200
6.300000 -3.260000 0.141420 0.290630
6.310000 -2.590000 0.100000 0.634750
6.320000 -3.270000 0.159000 0.342760
6.320000 -2.000000 0.070000 2.076800
6.330000 -3.110000 0.146000 1.604400
6.340000 -3.240000 0.224000 0.341970
6.350000 -3.030000 0.070000 1.258100
6.360000 -2.460000 0.140000 0.884110
6.380000 -3.040000 0.182000 0.413080
6.380000 -3.420000 0.200000 0.592090
6.380000 -4.380000 0.250000 0.477790
6.410000 -3.750000 0.123000 0.869750
6.410000 -2.850000 0.095500 0.431130
6.420000 -4.430000 0.146000 1.504000
6.430000 -4.560000 0.070000 0.385680
6.430000 -3.320000 0.141420 0.290920
6.440000 -2.500000 0.159500 1.610100
6.450000 -3.810000 0.160000 1.624000
6.450000 -4.380000 0.250000 0.486600
6.460000 -3.830000 0.179500 0.878510
6.480000 -4.920000 0.085000 0.697340
6.480000 -3.380000 0.141420 0.290670
6.490000 -3.510000 0.300000 0.944470
6.490000 -3.490000 0.141420 0.291490
6.490000 -3.860000 0.188000 0.401350
6.490000 -4.290000 0.310000 0.998170
6.500000 -3.980000 0.299000 1.680700
6.520000 -3.650000 0.105000 0.369720
6.520000 -3.290000 0.218000 0.360540
6.530000 -3.640000 0.095000 0.590380
6.540000 -3.560000 0.141420 0.290390
6.560000 -2.900000 0.174000 0.417710
6.570000 -3.260000 0.140000 0.916090
6.580000 -3.620000 0.175000 0.434860
6.580000 -3.610000 0.141420 0.290990
6.590000 -4.120000 0.170000 1.617900
6.600000 -3.500000 0.189000 0.444440
6.620000 -3.030000 0.242000 3.915000
6.620000 -3.860000 0.141420 0.290980
6.640000 -3.970000 0.075000 0.386330
6.640000 -4.070000 0.180000 2.135900
6.650000 -3.940000 0.240000 0.432800
6.660000 -4.530000 0.110000 0.532610
6.660000 -3.560000 0.145000 0.374060
6.670000 -2.950000 0.132500 0.758050
6.700000 -4.990000 0.100000 0.534210
6.700000 -3.420000 0.306000 0.361160
6.700000 -5.440000 0.155000 0.860990
6.710000 -4.420000 0.110000 0.635600
6.740000 -3.760000 0.175000 0.458710
6.750000 -4.500000 0.110000 0.747730
6.780000 -3.130000 0.128000 0.775340
6.820000 -6.810000 0.182000 1.187400
6.820000 -3.660000 0.200000 5.009200
6.820000 -6.250000 0.080000 1.320900
6.820000 -4.550000 0.070000 0.685150
6.830000 -1.760000 0.070000 2.096900
6.840000 -5.680000 0.197000 1.435600
6.870000 -4.750000 0.140000 0.711240
6.900000 -9.850000 0.200000 2.563700
6.910000 -4.560000 0.120000 0.744830
6.910000 -5.290000 0.115000 0.831390
6.920000 -4.260000 0.195000 3.076600
6.920000 -2.080000 0.070000 2.156400
6.930000 -3.950000 0.193000 3.077100
6.930000 -6.520000 0.140000 0.672370
6.950000 -6.780000 0.070000 0.601000
6.970000 -3.370000 0.204500 3.078200
6.980000 -4.780000 0.125000 0.393810
7.030000 -5.330000 0.120000 0.741530
7.030000 -3.460000 0.170000 3.089400
7.030000 -6.340000 0.135000 0.844930
7.030000 -5.980000 0.200000 2.180600
7.040000 -5.860000 0.112000 0.680190
7.050000 -5.170000 0.115000 0.741020
7.050000 -4.620000 0.300000 0.992160
7.070000 -2.390000 0.070000 0.713320
7.090000 -5.080000 0.100000 0.657250
7.090000 -7.940000 0.075500 0.843050
7.100000 -5.650000 0.110000 0.688520
7.100000 -6.020000 0.138000 1.074400
7.120000 -6.480000 0.130000 0.675920
7.140000 -6.730000 0.185000 0.858210
7.140000 -4.450000 0.184000 3.084900
7.160000 -5.890000 0.100000 1.552200
7.180000 -3.860000 0.425000 3.818700
7.180000 -7.960000 0.298000 0.966730
7.180000 -6.460000 0.236000 1.516400
7.180000 -5.970000 0.145000 0.671080
7.200000 -9.680000 0.100000 2.636800
7.200000 -3.700000 0.200000 2.525300
7.200000 -4.060000 0.145000 3.097500
7.210000 -3.790000 0.200000 5.089600
7.230000 -5.500000 0.175000 3.088600
7.240000 -4.590000 0.160500 3.088800
7.270000 -5.410000 0.147000 3.090400
7.280000 -5.620000 0.120000 3.101300
7.280000 -6.220000 0.135000 3.090600
7.280000 -8.830000 0.325000 0.836030
7.290000 -4.770000 0.149000 1.405700
7.300000 -5.540000 0.300000 1.009600
7.300000 -8.890000 0.070000 1.058900
7.300000 -6.640000 0.115000 3.101500
7.330000 -6.310000 0.179000 1.521500
7.350000 -9.950000 0.350000 0.832890
7.400000 -12.250000 0.200000 2.589000
7.400000 -9.230000 0.074000 0.662410
7.410000 -8.490000 0.270000 0.478830
7.410000 -6.770000 0.171000 1.533600
7.420000 -6.100000 0.133500 3.096500
7.420000 -7.500000 0.134000 3.097000
7.440000 -7.320000 0.130500 3.098100
7.460000 -12.090000 0.280000 2.569400
7.490000 -7.810000 0.252000 1.035700
7.510000 -8.940000 0.075000 0.654700
7.520000 -7.280000 0.097500 0.845920
7.520000 -5.310000 0.100000 3.113600
7.520000 -9.960000 0.090000 0.654170
7.550000 -8.170000 0.070000 0.847040
7.550000 -9.170000 0.070000 0.910580
7.550000 -8.900000 0.070000 0.652880
7.560000 -8.850000 0.235000 0.462360
7.560000 -7.640000 0.080000 0.704550
7.580000 -5.250000 0.166000 0.717940
7.590000 -8.750000 0.070000 0.867610
7.590000 -9.080000 0.085000 0.648910
7.610000 -11.560000 0.184000 3.373900
7.620000 -8.940000 0.100000 0.847920
7.620000 -12.450000 0.180000 3.133600
7.650000 -10.620000 0.228000 3.222100
7.670000 -11.170000 0.175000 1.151000
7.670000 -7.720000 0.200000 5.115100
7.680000 -9.960000 0.110000 3.122900
7.690000 -7.410000 0.182000 1.559600
7.700000 -11.480000 0.120000 3.124000
7.720000 -8.500000 0.135000 3.125700
7.720000 -8.500000 0.125000 3.125700
7.740000 -12.210000 0.310000 1.080200
7.740000 -6.900000 0.200000 1.072200
7.780000 -9.320000 0.200000 5.116900
7.780000 -10.760000 0.070000 0.636370
7.780000 -9.090000 0.142000 5.394700
7.780000 -10.870000 0.170000 0.808940
7.790000 -11.450000 0.092000 1.295900
7.790000 -11.450000 0.092000 1.098000
7.790000 -10.790000 0.147000 3.116300
7.840000 -11.500000 0.100000 0.628160
7.840000 -9.840000 0.148000 1.073600
7.850000 -8.860000 0.355000 1.580700
7.860000 -14.520000 0.308000 1.207800
7.880000 -9.590000 0.135000 0.632100
7.880000 -10.390000 0.090000 0.803440
7.890000 -11.320000 0.070000 0.625760
7.920000 -11.500000 0.070000 0.628400
7.950000 -12.080000 0.450000 0.760420
7.960000 -12.010000 0.226000 3.197400
7.970000 -8.880000 0.070000 1.073900
7.970000 -8.140000 0.200000 2.039500
7.970000 -11.000000 0.135000 0.619570
7.990000 -12.950000 0.070000 0.798130
8.000000 -13.770000 0.300000 2.629800
8.000000 -10.260000 0.350000 0.798340
8.000000 -15.840000 0.218000 1.075000
8.040000 -16.310000 0.123000 1.240500
8.050000 -14.870000 0.130000 3.148100
8.060000 -13.380000 0.120000 3.148200
8.070000 -12.160000 0.156500 3.133200
8.100000 -13.180000 0.161500 3.134800
8.100000 -13.190000 0.240000 0.789820
8.110000 -12.430000 0.160000 3.152200
8.110000 -11.010000 0.265000 1.959500
8.120000 -15.730000 0.175000 3.153700
8.120000 -12.870000 0.088000 3.069100
8.140000 -13.910000 0.166000 3.137300
8.150000 -12.310000 0.125000 0.604950
8.160000 -12.540000 0.172000 5.402500
8.160000 -13.230000 0.195000 0.605670
8.170000 -9.060000 0.200000 2.042500
8.170000 -15.050000 0.160000 0.801930
8.180000 -15.570000 0.155000 0.785750
8.190000 -11.190000 0.145000 0.603940
8.200000 -10.350000 0.210000 3.839000
8.200000 -9.540000 0.130000 2.706800
8.200000 -5.800000 0.200000 2.536000
8.200000 -8.000000 0.300000 2.536000
8.230000 -18.370000 0.135000 3.163100
8.230000 -13.700000 0.085000 0.781630
8.230000 -12.100000 0.180000 0.599560
8.240000 -18.250000 0.260000 2.924200
8.260000 -17.850000 0.326000 1.259600
8.260000 -18.320000 0.120000 1.266500
8.260000 -20.330000 0.220000 2.924100
8.290000 -21.960000 0.100000 3.168000
8.300000 -13.960000 0.135000 5.402000
8.300000 -15.290000 0.100000 0.795710
8.350000 -15.420000 0.071000 1.242800
8.350000 -15.420000 0.070000 1.422600
8.360000 -18.200000 0.240000 2.357200
8.370000 -19.960000 0.227000 1.339700
8.390000 -19.110000 0.300000 2.926300
8.400000 -19.110000 0.130000 3.178100
8.400000 -22.110000 0.125000 3.178700
8.400000 -11.090000 0.200000 2.047400
8.410000 -14.200000 0.230000 0.775370
8.450000 -15.770000 0.195000 0.945510
8.450000 -16.230000 0.090000 0.773910
8.470000 -17.900000 0.151000 5.401100
8.470000 -17.100000 0.135000 0.587760
8.470000 -17.600000 0.120000 0.773620
8.490000 -20.950000 0.167000 5.401000
8.510000 -15.930000 0.105000 0.787850
8.520000 -16.610000 0.151000 5.400900
8.540000 -13.790000 0.238000 0.958530
8.560000 -20.070000 0.120000 1.258600
8.560000 -21.610000 0.165000 3.191400
8.560000 -17.890000 0.140000 0.583640
8.570000 -25.770000 0.220000 2.379100
8.580000 -23.500000 0.100000 5.159000
8.600000 -13.400000 0.300000 2.542300
8.610000 -17.560000 0.160000 0.769090
8.620000 -20.890000 0.096000 3.072400
8.710000 -14.190000 0.200000 2.052800
8.730000 -14.570000 0.425000 4.345600
8.730000 -26.060000 0.140000 2.409700
8.760000 -20.380000 0.220000 5.419900
8.790000 -19.490000 0.200000 5.167600
8.800000 -18.830000 0.195000 0.791430
8.800000 -18.830000 0.115000 0.791430
8.850000 -29.920000 0.180000 2.546000
8.910000 -27.200000 0.506500 1.684400
8.920000 -25.960000 0.200000 5.029900
8.930000 -21.020000 0.070000 3.126600
8.940000 -20.320000 0.070000 3.117800
8.950000 -24.690000 0.340000 2.366900
8.960000 -17.090000 0.366000 4.525500
8.990000 -24.630000 0.080000 2.118700
8.990000 -24.800000 0.342000 3.075500
9.020000 -15.540000 0.525000 4.458800
9.070000 -24.790000 0.070000 2.123100
9.110000 -18.990000 0.080000 2.549700
9.110000 -28.350000 0.140000 2.371600
9.130000 -26.770000 0.147000 5.410200
9.150000 -24.300000 0.070000 3.149900
9.170000 -29.310000 0.140000 0.704990
9.180000 -21.750000 0.200000 2.064500
9.220000 -25.180000 0.080000 2.129500
9.220000 -39.540000 0.140000 2.375400
9.240000 -33.450000 0.200000 2.670300
9.330000 -28.760000 0.140000 5.210500
9.350000 -29.170000 0.140000 3.069900
9.360000 -37.600000 0.140000 3.012300
9.370000 -37.100000 0.140000 3.097100
9.440000 -36.670000 0.771000 2.782100
9.460000 -38.380000 0.200000 5.064700
9.470000 -31.860000 0.323000 2.201000
9.490000 -40.590000 0.200000 2.387800
9.510000 -30.090000 0.138000 5.421400
9.540000 -31.380000 0.093000 2.056500
9.560000 -32.250000 0.122000 5.423900
9.560000 -35.550000 0.121000 5.423400
9.600000 -31.330000 0.080000 5.241300
9.610000 -35.520000 0.200000 4.044100
9.610000 -34.000000 0.100000 3.096200
9.620000 -30.810000 0.070000 3.213600
9.640000 -36.240000 0.190000 2.096400
9.720000 -31.330000 0.178000 2.082800
9.730000 -36.340000 0.135000 2.087900
9.800000 -35.330000 0.190000 3.133700
9.830000 -33.190000 0.136000 2.198500
9.840000 -39.350000 0.202000 5.435500
9.850000 -37.030000 0.090000 3.120600
9.880000 -33.890000 0.120000 5.253300
9.900000 -37.120000 0.100000 5.424200
9.920000 -31.810000 0.070000 3.253000
9.940000 -34.770000 0.070000 3.265300
9.950000 -38.780000 0.104000 5.423700
9.980000 -36.140000 0.100000 5.265900
9.980000 -37.230000 0.080000 3.123500
10.030000 -42.360000 0.124000 5.433800
10.040000 -43.800000 0.200000 5.055400
10.180000 -42.390000 0.140000 5.276000
10.200000 -50.720000 0.175000 5.442400
10.200000 -47.900000 0.305000 3.905500
10.230000 -42.040000 0.187000 5.455300
10.260000 -41.150000 0.280000 2.707600
10.290000 -40.240000 0.100000 5.295700
10.310000 -40.330000 0.100000 5.294500
10.320000 -46.220000 0.244000 5.463200
10.490000 -48.090000 0.193000 5.446500
10.500000 -50.610000 0.192000 5.446700
10.540000 -42.530000 0.240000 2.254800
10.570000 -40.940000 0.078000 3.367000
10.630000 -49.860000 0.289000 5.467000
10.640000 -48.100000 0.120000 5.317400
10.690000 -46.320000 0.280000 2.517900
10.780000 -55.140000 0.221000 5.458000
10.790000 -54.200000 0.090000 3.156800
10.810000 -42.740000 0.070000 3.379700
10.900000 -58.150000 0.165000 3.126500
10.900000 -46.300000 0.090000 3.160100
11.080000 -60.180000 0.240000 1.167700
11.080000 -44.830000 0.074000 3.417700
11.090000 -49.060000 0.080000 5.348200
11.130000 -57.750000 0.208000 5.470400
11.150000 -50.740000 0.280000 4.869000
11.350000 -56.970000 0.080000 5.374100
11.370000 -60.540000 0.200000 5.086300
11.380000 -61.640000 0.260000 0.796420
11.390000 -59.060000 0.070000 3.447100
11.390000 -57.660000 0.072000 3.456200
11.400000 -60.940000 0.150000 0.797620
11.410000 -59.770000 0.426000 5.512800
11.510000 -59.470000 0.070000 3.460500
11.510000 -59.070000 0.074000 3.470300
11.560000 -62.950000 0.080000 5.394400
11.580000 -58.790000 0.070000 3.186600
11.640000 -62.080000 0.280000 0.799150
11.670000 -64.200000 0.275000 3.152300
11.950000 -68.400000 0.192000 6.003400
12.000000 -58.660000 0.120000 10.220000
12.000000 -62.440000 0.070000 3.547800
12.030000 -63.050000 0.810000 0.818550
12.170000 -62.800000 0.076000 3.562200
12.200000 -62.700000 0.070000 3.571300
12.200000 -61.730000 0.200000 3.074100
12.230000 -66.210000 0.189500 5.745400
12.280000 -65.310000 0.262000 5.513400
12.290000 -55.320000 0.200000 4.091000
12.630000 -73.740000 0.218000 5.518300
12.640000 -73.600000 0.253000 6.776800
12.650000 -66.260000 0.199000 5.519500
12.730000 -77.720000 0.187000 8.047600
12.770000 -67.250000 0.160000 10.278000
12.780000 -67.860000 0.120000 10.278000
12.800000 -65.590000 0.070000 3.676100
12.840000 -67.450000 0.078000 3.672700
12.940000 -68.370000 0.120000 10.280000
12.950000 -70.760000 0.100000 5.544700
12.970000 -73.540000 0.120000 3.264700
12.980000 -69.860000 0.120000 10.283000
12.990000 -69.300000 0.070000 3.654000
13.000000 -76.190000 0.205000 5.541400
13.080000 -73.840000 0.085000 3.280300
13.090000 -71.070000 0.112000 3.692400
13.140000 -70.930000 0.100000 10.303000
13.180000 -71.730000 0.070000 3.677300
13.310000 -77.130000 0.135000 7.029700
13.440000 -83.490000 0.155000 3.310200
13.560000 -75.830000 0.070000 3.750800
13.570000 -76.150000 0.070000 3.754500
13.580000 -76.370000 0.070000 3.756900
13.600000 -73.800000 0.160000 10.334000
13.630000 -76.760000 0.070000 3.768500
13.840000 -76.410000 0.140000 5.688700
14.080000 -97.120000 0.082000 3.970900
14.100000 -93.020000 0.565000 3.350500
14.150000 -93.700000 0.470000 3.346600
14.180000 -87.810000 0.430000 8.628300
14.260000 -100.200000 0.114000 3.973400
14.280000 -91.360000 0.465000 3.424300
14.300000 -87.020000 0.070000 5.746000
14.300000 -99.210000 0.150000 3.980300
14.310000 -92.950000 0.455000 3.349100
14.320000 -91.410000 0.460000 3.425400
14.320000 -100.380000 0.455000 3.306900
14.340000 -94.740000 0.500000 3.410500
14.340000 -100.390000 0.410000 3.306700
14.350000 -102.230000 0.070000 5.761200
14.350000 -94.740000 0.530000 3.305600
14.350000 -96.140000 0.550000 3.409200
14.350000 -99.840000 0.530000 3.305600
14.400000 -102.810000 0.220000 3.980400
14.410000 -102.750000 0.096000 3.977700
14.520000 -97.550000 0.070000 10.412000
14.540000 -104.660000 0.070000 3.975000
14.570000 -102.160000 0.070000 3.962200
14.640000 -103.570000 0.070000 5.831800
14.720000 -98.070000 0.540000 3.423400
14.730000 -100.180000 0.535000 3.432000
14.740000 -101.230000 0.540000 3.441000
14.750000 -100.100000 0.555000 3.450000
14.760000 -99.920000 0.565000 3.459000
14.990000 -103.080000 0.070000 10.446000
15.140000 -96.810000 0.446000 8.770300
15.150000 -106.090000 0.070000 10.442000
15.180000 -106.990000 0.120000 10.442000
15.290000 -98.560000 0.585000 3.325400
15.410000 -108.900000 0.615000 3.278200
15.510000 -109.810000 0.070000 10.478000
15.860000 -110.250000 0.677000 10.488000
15.940000 -117.870000 0.300000 3.590600
16.020000 -116.310000 0.140000 5.944600
16.300000 -117.990000 0.235000 3.655500
16.800000 -121.780000 0.250000 5.099200
16.900000 -125.360000 0.400000 3.091600
16.980000 -122.310000 0.250000 5.520600
17.080000 -124.690000 0.120000 10.178000
17.100000 -125.330000 0.500000 3.091900
17.580000 -121.740000 0.070000 4.491900
18.120000 -120.920000 0.070000 4.399400
18.170000 -121.600000 0.070000 4.391200
18.180000 -121.790000 0.070000 4.406200
18.200000 -125.120000 0.500000 3.094500
18.220000 -121.700000 0.070000 4.394200
18.230000 -118.050000 0.320000 3.392400
18.410000 -123.340000 0.290000 3.778300
18.410000 -117.560000 0.070000 4.374400
18.450000 -121.870000 0.070000 4.384000
18.550000 -122.910000 0.070000 4.370900
18.720000 -125.170000 0.070000 4.380600
18.750000 -123.480000 0.074000 4.403800
18.780000 -123.690000 0.070000 4.429600
18.810000 -125.400000 0.138000 4.393900
18.840000 -121.810000 0.300000 3.396800
19.080000 -130.220000 0.100000 4.341600
19.120000 -131.640000 0.280000 3.185800
19.250000 -122.030000 0.335000 3.480900
19.390000 -118.380000 0.088000 4.303300
19.460000 -133.650000 0.320000 3.593600
19.520000 -119.950000 0.112000 4.298100
19.670000 -131.960000 0.300000 3.232000
19.710000 -120.550000 0.070000 4.281600
19.720000 -127.370000 0.370000 5.561800
19.740000 -132.000000 0.260000 3.238000
20.040000 -132.670000 0.100000 10.247000
20.400000 -142.160000 0.300000 5.162300
20.480000 -133.410000 0.270000 3.255900
20.520000 -138.110000 1.190000 5.185500
21.000000 -136.530000 1.000000 5.931300
21.690000 -133.870000 0.240000 3.899700
21.920000 -129.830000 0.245000 3.589500
21.980000 -136.490000 0.180000 5.244700
23.790000 -127.980000 0.440000 3.594500
24.040000 -142.540000 0.514500 13.786000
24.480000 -133.900000 0.760000 3.593000
28.280000 -126.620000 0.280000 4.193900
28.330000 -127.030000 0.260000 7.869400
29.070000 -125.720000 0.500000 7.862000
29.210000 -128.860000 1.200000 3.546200
29.580000 -123.970000 0.290000 7.854100
29.980000 -123.070000 0.340000 7.847500
30.150000 -102.150000 0.160000 4.631800
30.230000 -102.360000 0.070000 4.640300
30.240000 -102.930000 0.070000 4.621700
30.300000 -102.790000 0.110000 4.685800
31.500000 -84.840000 1.500000 5.347000
31.530000 -77.390000 0.200000 4.301200
32.000000 -83.990000 0.200000 5.860000
32.260000 -77.790000 0.500000 6.041500
32.600000 -75.880000 0.400000 4.465400
34.100000 -69.880000 0.700000 4.632500
34.800000 -70.190000 0.400000 3.465500
