0.105120 -2.429979 -39.078150 -0.230300
0.135360 -0.214909 -0.373650 -0.086950
0.165601 -0.208681 -0.373650 -0.086950
0.195841 -0.202453 -0.373650 -0.086950
0.226081 -0.196224 -0.373650 -0.086950
0.256321 -0.189996 -0.373650 -0.086950
0.286562 -0.183768 -0.373650 -0.230300
0.316802 -0.177539 -0.373650 -0.230300
0.347042 -0.171343 -0.230300 -0.230300
0.377282 -0.165352 -0.230300 -0.086950
0.407523 -0.159629 -0.230300 -0.086950
0.437763 -0.154701 -0.230300 -0.086950
0.468003 -0.149956 -0.230300 -0.086950
0.498243 -0.145301 -0.230300 -0.086950
0.528483 -0.140691 -0.230300 -0.086950
0.558724 -0.136169 -0.230300 -0.086950
0.588964 -0.131836 -0.230300 -0.086950
0.619204 -0.127661 -0.230300 -0.086950
0.649444 -0.123661 -0.230300 -0.086950
0.679685 -0.119899 -0.230300 -0.086950
0.709925 -0.116443 -0.230300 -0.086950
0.740165 -0.113745 -0.230300 -0.086950
0.770405 -0.112548 -0.230300 -0.086950
0.800646 -0.112870 -0.230300 -0.086950
0.830886 -0.114416 -0.230300 -0.086950
0.861126 -0.116461 -0.230300 -0.086950
0.891366 -0.118755 -0.230300 -0.086950
0.921607 -0.121200 -0.230300 -0.086950
0.951847 -0.123738 -0.230300 -0.086950
0.982087 -0.126328 -0.230300 -0.086950
1.012327 -0.128918 -0.230300 -0.086950
1.042568 -0.131527 -0.230300 -0.086950
1.072808 -0.134153 -0.230300 -0.086950
1.103048 -0.136833 -0.230300 -0.086950
1.133288 -0.139613 -0.230300 -0.086950
1.163528 -0.142574 -0.230300 -0.086950
1.193769 -0.145809 -0.230300 -0.086950
1.224009 -0.149310 -0.230300 -0.086950
1.254249 -0.153010 -0.230300 -0.086950
1.284489 -0.156873 -0.230300 -0.086950
1.314730 -0.161035 -0.230300 -0.086950
1.344970 -0.165352 -0.230300 -0.230300
1.375210 -0.169888 -0.230300 -0.230300
1.405450 -0.174531 -0.230300 -0.230300
1.435691 -0.179331 -0.230300 -0.230300
1.465931 -0.184185 -0.373650 -0.230300
1.496171 -0.189079 -0.373650 -0.230300
1.526411 -0.194009 -0.373650 -0.230300
1.556652 -0.198959 -0.373650 -0.230300
1.586892 -0.203932 -0.373650 -0.230300
1.617132 -0.208925 -0.373650 -0.230300
1.647372 -0.213956 -0.373650 -0.230300
1.677613 -0.218988 -0.373650 -0.230300
1.707853 -0.224020 -0.373650 -0.230300
1.738093 -0.229051 -0.373650 -0.230300
1.768333 -0.234083 -0.373650 -0.230300
1.798574 -0.239115 -0.373650 -0.230300
1.828814 -0.244147 -0.373650 -0.230300
1.859054 -0.249179 -0.373650 -0.230300
1.889294 -0.254211 -0.373650 -0.230300
1.919534 -0.259247 -0.373650 -0.230300
1.949775 -0.264284 -0.373650 -0.230300
1.980015 -0.269321 -0.373650 -0.230300
2.010255 -0.274359 -0.373650 -0.230300
2.040495 -0.279396 -0.373650 -0.230300
2.070736 -0.284433 -0.373650 -0.230300
2.100976 -0.289470 -0.373650 -0.230300
2.131216 -0.294507 -0.373650 -0.230300
2.161456 -0.299551 -0.373650 -0.230300
2.191697 -0.304613 -0.373650 -0.230300
2.221937 -0.309676 -0.373650 -0.230300
2.252177 -0.314749 -0.517000 -0.230300
2.282417 -0.319901 -0.517000 -0.230300
2.312658 -0.325271 -0.517000 -0.230300
2.342898 -0.331036 -0.517000 -0.230300
2.373138 -0.337251 -0.517000 -0.230300
2.403378 -0.344148 -0.517000 -0.373650
2.433619 -0.351394 -0.517000 -0.373650
2.463859 -0.358876 -0.517000 -0.373650
2.494099 -0.366946 -0.517000 -0.373650
2.524339 -0.375143 -0.517000 -0.373650
2.554580 -0.383349 -0.517000 -0.373650
2.584820 -0.391584 -0.517000 -0.373650
2.615060 -0.399819 -0.517000 -0.373650
2.645300 -0.408054 -0.517000 -0.373650
2.675540 -0.416288 -0.517000 -0.373650
2.705781 -0.424523 -0.517000 -0.373650
2.736021 -0.432758 -0.517000 -0.373650
2.766261 -0.440992 -0.517000 -0.373650
2.796501 -0.449227 -0.660350 -0.373650
2.826742 -0.457462 -0.660350 -0.373650
2.856982 -0.465696 -0.660350 -0.373650
2.887222 -0.473931 -0.660350 -0.373650
2.917462 -0.482166 -0.660350 -0.373650
2.947703 -0.490400 -0.660350 -0.373650
2.977943 -0.498635 -0.660350 -0.373650
3.008183 -0.506870 -0.660350 -0.373650
3.038423 -0.515105 -0.660350 -0.373650
3.068664 -0.523339 -0.660350 -0.373650
3.098904 -0.531631 -0.660350 -0.373650
3.129144 -0.540026 -0.660350 -0.373650
3.159384 -0.548488 -0.660350 -0.373650
3.189625 -0.557104 -0.660350 -0.373650
3.219865 -0.565819 -0.660350 -0.373650
3.250105 -0.574760 -0.660350 -0.373650
3.280345 -0.583736 -0.803700 -0.373650
3.310585 -0.592873 -0.803700 -0.517000
3.340826 -0.602231 -0.803700 -0.517000
3.371066 -0.611610 -0.803700 -0.517000
3.401306 -0.620989 -0.803700 -0.517000
3.431546 -0.630368 -0.803700 -0.517000
3.461787 -0.639822 -0.803700 -0.517000
3.492027 -0.649502 -0.803700 -0.517000
3.522267 -0.659475 -0.803700 -0.517000
3.552507 -0.669854 -0.803700 -0.660350
3.582748 -0.680354 -0.947050 -0.660350
3.612988 -0.690855 -0.947050 -0.660350
3.643228 -0.701355 -0.947050 -0.660350
3.673468 -0.712049 -0.947050 -0.660350
3.703709 -0.723105 -0.947050 -0.660350
3.733949 -0.735375 -0.947050 -0.660350
3.764189 -0.750350 -0.947050 -0.660350
3.794429 -0.766328 -0.947050 -0.660350
3.824670 -0.782419 -0.947050 -0.803700
3.854910 -0.798522 -0.947050 -0.803700
3.885150 -0.814713 -1.090400 -0.803700
3.915390 -0.831057 -1.090400 -0.803700
3.945631 -0.847807 -1.090400 -0.803700
3.975871 -0.865048 -1.090400 -0.803700
4.006111 -0.882943 -1.090400 -0.803700
4.036351 -0.902318 -1.090400 -0.803700
4.066591 -0.922430 -1.090400 -0.803700
4.096832 -0.943507 -1.233750 -0.947050
4.127072 -0.965357 -1.233750 -0.947050
4.157312 -0.987528 -1.233750 -0.947050
4.187552 -1.009988 -1.233750 -0.947050
4.217793 -1.033302 -1.233750 -0.947050
4.248033 -1.057645 -1.377100 -0.947050
4.278273 -1.084280 -1.377100 -0.947050
4.308513 -1.112238 -1.377100 -1.090400
4.338754 -1.140467 -1.377100 -1.090400
4.368994 -1.168901 -1.377100 -1.090400
4.399234 -1.197334 -1.520450 -1.090400
4.429474 -1.225861 -1.520450 -1.090400
4.459715 -1.254577 -1.520450 -1.090400
4.489955 -1.283603 -1.520450 -1.233750
4.520195 -1.312789 -1.520450 -1.233750
4.550435 -1.342117 -1.663800 -1.233750
4.580676 -1.371493 -1.663800 -1.233750
4.610916 -1.401005 -1.663800 -1.377100
4.641156 -1.430740 -1.663800 -1.377100
4.671396 -1.461073 -1.663800 -1.377100
4.701636 -1.492385 -1.663800 -1.377100
4.731877 -1.525031 -1.807150 -1.377100
4.762117 -1.558221 -1.807150 -1.377100
4.792357 -1.591414 -1.807150 -1.520450
4.822597 -1.624606 -1.807150 -1.520450
4.852838 -1.657799 -1.807150 -1.520450
4.883078 -1.690991 -1.950500 -1.520450
4.913318 -1.724184 -1.950500 -1.663800
4.943558 -1.757376 -1.950500 -1.663800
4.973799 -1.790569 -1.950500 -1.663800
5.004039 -1.823761 -1.950500 -1.807150
5.034279 -1.856954 -2.093850 -1.807150
5.064519 -1.890146 -2.093850 -1.807150
5.094760 -1.923339 -2.093850 -1.807150
5.125000 -1.956532 -2.093850 -1.950500
5.155240 -1.989724 -2.093850 -1.950500
5.185480 -2.022917 -2.237200 -1.950500
5.215721 -2.056109 -2.237200 -1.950500
5.245961 -2.089302 -2.237200 -2.093850
5.276201 -2.122494 -2.237200 -2.093850
5.306441 -2.155687 -2.237200 -2.093850
5.336682 -2.188879 -2.380550 -2.093850
5.366922 -2.222072 -2.380550 -2.237200
5.397162 -2.255264 -2.380550 -2.237200
5.427402 -2.288457 -2.380550 -2.237200
5.457642 -2.321649 -2.523900 -2.237200
5.487883 -2.354842 -2.523900 -2.380550
5.518123 -2.388034 -2.523900 -2.380550
5.548363 -2.421227 -2.523900 -2.380550
5.578603 -2.454419 -2.523900 -2.380550
5.608844 -2.487612 -2.667250 -2.523900
5.639084 -2.520805 -2.667250 -2.523900
5.669324 -2.553997 -2.667250 -2.523900
5.699564 -2.587190 -2.667250 -2.667250
5.729805 -2.620382 -2.667250 -2.667250
5.760045 -2.653575 -2.810600 -2.667250
5.790285 -2.686767 -2.810600 -2.667250
5.820525 -2.719960 -2.810600 -2.810600
5.850766 -2.753152 -2.810600 -2.810600
5.881006 -2.786345 -2.953950 -2.810600
5.911246 -2.819537 -2.953950 -2.810600
5.941486 -2.852730 -2.953950 -2.810600
5.971727 -2.885922 -2.953950 -2.953950
6.001967 -2.919115 -3.097300 -2.953950
6.032207 -2.952307 -3.097300 -2.953950
6.062447 -2.985500 -3.097300 -2.953950
6.092687 -3.018692 -3.097300 -2.953950
6.122928 -3.051885 -3.240650 -3.097300
6.153168 -3.085078 -3.240650 -3.097300
6.183408 -3.118270 -3.240650 -3.097300
6.213648 -3.151463 -3.240650 -3.097300
6.243889 -3.184655 -3.384000 -3.097300
6.274129 -3.217848 -3.384000 -3.240650
6.304369 -3.251040 -3.384000 -3.240650
6.334609 -3.284233 -3.384000 -3.240650
6.364850 -3.317425 -3.527350 -3.240650
6.395090 -3.350618 -3.527350 -3.240650
6.425330 -3.383810 -3.527350 -3.384000
6.455570 -3.417003 -3.527350 -3.384000
6.485811 -3.450195 -3.670700 -3.384000
6.516051 -3.483388 -3.670700 -3.384000
6.546291 -3.516580 -3.670700 -3.384000
6.576531 -3.550057 -3.670700 -3.527350
6.606772 -3.584562 -3.814050 -3.527350
6.637012 -3.619361 -3.814050 -3.527350
6.667252 -3.656189 -3.814050 -3.527350
6.697492 -3.698099 -3.957400 -3.670700
6.727733 -3.757914 -3.957400 -3.670700
6.757973 -3.846907 -4.244100 -3.814050
6.788213 -4.004482 -4.387450 -3.957400
6.818453 -4.201716 -4.530800 -4.100750
6.848693 -4.403129 -4.817500 -4.244100
6.878934 -4.604541 -4.960850 -4.530800
6.909174 -4.805953 -5.104200 -4.674150
6.939414 -5.007366 -5.247550 -4.960850
6.969654 -5.208778 -5.534250 -5.104200
6.999895 -5.410191 -5.677600 -5.390900
7.030135 -5.611603 -5.820950 -5.534250
7.060375 -5.813016 -6.107650 -5.677600
7.090615 -6.014428 -6.251000 -5.964300
7.120856 -6.215841 -6.394350 -6.107650
7.151096 -6.417253 -6.681050 -6.394350
7.181336 -6.618666 -6.824400 -6.537700
7.211576 -6.820078 -6.967750 -6.824400
7.241817 -7.021491 -7.254450 -6.967750
7.272057 -7.222903 -7.397800 -7.254450
7.302297 -7.424315 -7.541150 -7.397800
7.332537 -7.625728 -7.827850 -7.541150
7.362778 -7.827140 -7.971200 -7.827850
7.393018 -8.028553 -8.114550 -7.971200
7.423258 -8.229965 -8.401250 -8.257900
7.453498 -8.431378 -8.544600 -8.401250
7.483738 -8.632790 -8.831300 -8.544600
7.513979 -8.834203 -8.974650 -8.831300
7.544219 -9.035615 -9.261350 -8.974650
7.574459 -9.237028 -9.404700 -9.261350
7.604699 -9.438440 -9.548050 -9.404700
7.634940 -9.639853 -9.834750 -9.548050
7.665180 -9.841265 -9.978100 -9.834750
7.695420 -10.042677 -10.264800 -9.978100
7.725660 -10.244090 -10.408150 -10.121450
7.755901 -10.445502 -10.694850 -10.408150
7.786141 -10.646915 -10.838200 -10.551500
7.816381 -10.848327 -11.124900 -10.694850
7.846621 -11.049740 -11.268250 -10.838200
7.876862 -11.251152 -11.411600 -11.124900
7.907102 -11.452565 -11.698300 -11.268250
7.937342 -11.653977 -11.841650 -11.411600
7.967582 -11.855390 -12.128350 -11.698300
7.997823 -12.056802 -12.271700 -11.841650
8.028063 -12.258215 -12.558400 -11.985000
8.058303 -12.459627 -12.701750 -12.271700
8.088543 -12.661039 -12.988450 -12.415050
8.118784 -12.862452 -13.131800 -12.558400
8.149024 -13.085358 -13.275150 -12.988450
8.179264 -13.361138 -13.561850 -13.275150
8.209504 -13.678048 -13.991900 -13.561850
8.239744 -14.097906 -14.421950 -13.991900
8.269985 -14.539279 -14.852000 -14.421950
8.300225 -14.980652 -15.282050 -14.852000
8.330465 -15.422024 -15.712100 -15.282050
8.360705 -15.863397 -16.142150 -15.712100
8.390946 -16.304770 -16.572200 -16.142150
8.421186 -16.746142 -17.002250 -16.572200
8.451426 -17.187515 -17.432300 -17.145600
8.481666 -17.628888 -17.862350 -17.575650
8.511907 -18.070261 -18.292400 -18.005700
8.542147 -18.511633 -18.865800 -18.435750
8.572387 -18.953006 -19.295850 -18.865800
8.602627 -19.394379 -19.725900 -19.295850
8.632868 -19.835751 -20.155950 -19.725900
8.663108 -20.277124 -20.586000 -20.155950
8.693348 -20.718497 -21.016050 -20.586000
8.723588 -21.159869 -21.446100 -21.016050
8.753829 -21.601242 -21.876150 -21.446100
8.784069 -22.042615 -22.306200 -22.019500
8.814309 -22.483987 -22.736250 -22.449550
8.844549 -22.925360 -23.166300 -22.879600
8.874790 -23.366733 -23.596350 -23.309650
8.905030 -23.808106 -24.026400 -23.739700
8.935270 -24.249478 -24.456450 -24.169750
8.965510 -24.690851 -24.886500 -24.599800
8.995750 -25.132224 -25.459900 -25.029850
9.025991 -25.573596 -25.889950 -25.459900
9.056231 -26.014969 -26.320000 -25.889950
9.086471 -26.456342 -26.750050 -26.320000
9.116711 -26.897714 -27.180100 -26.750050
9.146952 -27.339087 -27.610150 -27.323450
9.177192 -27.780460 -28.040200 -27.753500
9.207432 -28.221832 -28.470250 -28.183550
9.237672 -28.663205 -28.900300 -28.613600
9.267913 -29.104578 -29.330350 -29.043650
9.298153 -29.545951 -29.760400 -29.473700
9.328393 -29.987323 -30.190450 -29.903750
9.358633 -30.428696 -30.763850 -30.333800
9.388874 -30.870069 -31.193900 -30.763850
9.419114 -31.311441 -31.623950 -31.193900
9.449354 -31.752814 -32.054000 -31.623950
9.479594 -32.194187 -32.484050 -32.054000
9.509835 -32.635559 -32.914100 -32.484050
9.540075 -33.076932 -33.344150 -32.914100
9.570315 -33.518305 -33.774200 -33.344150
9.600555 -33.959677 -34.204250 -33.774200
9.630795 -34.401050 -34.634300 -34.347600
9.661036 -34.842423 -35.064350 -34.777650
9.691276 -35.283796 -35.637750 -35.207700
9.721516 -35.725168 -36.067800 -35.637750
9.751756 -36.166541 -36.497850 -36.067800
9.781997 -36.607914 -36.927900 -36.497850
9.812237 -37.049286 -37.357950 -36.927900
9.842477 -37.490659 -37.788000 -37.357950
9.872717 -37.932032 -38.218050 -37.788000
9.902958 -38.373404 -38.648100 -38.218050
9.933198 -38.814777 -39.078150 -38.648100
9.963438 -39.256150 -39.508200 -39.078150
9.993678 -39.697523 -39.938250 -39.508200
10.023919 -40.138895 -40.511650 -39.938250
10.054159 -40.580268 -40.941700 -40.368300
10.084399 -41.021641 -41.371750 -40.798350
10.114639 -41.463013 -41.801800 -41.228400
10.144880 -41.904386 -42.231850 -41.801800
10.175120 -42.345759 -42.661900 -42.231850
10.205360 -42.787131 -43.091950 -42.661900
10.235600 -43.228504 -43.522000 -43.091950
10.265841 -43.669877 -43.952050 -43.522000
10.296081 -44.111249 -44.525450 -43.952050
10.326321 -44.552622 -44.955500 -44.382100
10.356561 -44.993995 -45.385550 -44.812150
10.386801 -45.435368 -45.815600 -45.242200
10.417042 -45.876740 -46.245650 -45.672250
10.447282 -46.318113 -46.675700 -46.102300
10.477522 -46.759486 -47.105750 -46.532350
10.507762 -47.200858 -47.535800 -46.962400
10.538003 -47.642231 -47.965850 -47.392450
10.568243 -48.083604 -48.395900 -47.822500
10.598483 -48.524976 -48.969300 -48.252550
10.628723 -48.966349 -49.399350 -48.682600
10.658964 -49.407722 -49.829400 -49.112650
10.689204 -49.849094 -50.259450 -49.542700
10.719444 -50.290467 -50.689500 -49.972750
10.749684 -50.731840 -51.119550 -50.402800
10.779925 -51.173213 -51.549600 -50.832850
10.810165 -51.614585 -51.979650 -51.262900
10.840405 -52.055958 -52.409700 -51.836300
10.870645 -52.497331 -52.983100 -52.266350
10.900886 -52.938703 -53.413150 -52.696400
10.931126 -53.380076 -53.843200 -53.126450
10.961366 -53.821449 -54.273250 -53.556500
10.991606 -54.262821 -54.703300 -53.986550
11.021846 -54.704194 -55.133350 -54.416600
11.052087 -55.145567 -55.563400 -54.846650
11.082327 -55.586939 -55.993450 -55.276700
11.112567 -56.028312 -56.566850 -55.706750
11.142807 -56.469685 -56.996900 -56.136800
11.173048 -56.911058 -57.426950 -56.566850
11.203288 -57.352430 -57.857000 -56.996900
11.233528 -57.793803 -58.287050 -57.426950
11.263768 -58.235176 -58.717100 -57.857000
11.294009 -58.676548 -59.147150 -58.287050
11.324249 -59.117921 -59.577200 -58.717100
11.354489 -59.559294 -60.007250 -59.147150
11.384729 -60.000666 -60.580650 -59.577200
11.414970 -60.441105 -61.010700 -60.007250
11.445210 -60.860944 -61.440750 -60.437300
11.475450 -61.226885 -61.727450 -60.867350
11.505690 -61.546004 -62.157500 -61.010700
11.535931 -61.775675 -62.587550 -61.010700
11.566171 -61.912076 -62.730900 -61.154050
11.596411 -61.966202 -62.874250 -61.154050
11.626651 -61.994135 -62.874250 -61.297400
11.656892 -62.021887 -62.874250 -61.440750
11.687132 -62.049640 -62.730900 -61.440750
11.717372 -62.077393 -62.730900 -61.584100
11.747612 -62.105146 -62.730900 -61.584100
11.777852 -62.132899 -62.730900 -61.584100
11.808093 -62.160651 -62.730900 -61.727450
11.838333 -62.188404 -62.730900 -61.727450
11.868573 -62.216157 -62.730900 -61.727450
11.898813 -62.243910 -62.874250 -61.727450
11.929054 -62.271662 -62.874250 -61.870800
11.959294 -62.299415 -62.874250 -61.870800
11.989534 -62.327168 -62.874250 -61.870800
12.019774 -62.354921 -63.017600 -61.870800
12.050015 -62.382674 -63.017600 -61.870800
12.080255 -62.410426 -63.160950 -61.870800
12.110495 -62.438179 -63.160950 -61.727450
12.140735 -62.465932 -63.304300 -61.727450
12.170976 -62.493685 -63.447650 -61.727450
12.201216 -62.521438 -63.447650 -61.727450
12.231456 -62.549190 -63.591000 -61.727450
12.261696 -62.576943 -63.734350 -61.584100
12.291937 -62.604696 -63.734350 -61.584100
12.322177 -62.648169 -63.877700 -61.584100
12.352417 -62.733108 -63.877700 -61.727450
12.382657 -62.873591 -64.021050 -61.727450
12.412897 -63.132738 -64.307750 -62.014150
12.443138 -63.499799 -64.737800 -62.444200
12.473378 -63.933077 -65.311200 -62.730900
12.503618 -64.411299 -65.741250 -63.160950
12.533858 -64.902915 -66.171300 -63.734350
12.564099 -65.398927 -66.744700 -64.307750
12.594339 -65.895838 -67.174750 -64.737800
12.624579 -66.392806 -67.604800 -65.311200
12.654819 -66.889774 -68.178200 -65.741250
12.685060 -67.386741 -68.608250 -66.314650
12.715300 -67.883709 -69.038300 -66.888050
12.745540 -68.380676 -69.468350 -67.318100
12.775780 -68.877644 -70.041750 -67.891500
12.806021 -69.374611 -70.471800 -68.321550
12.836261 -69.871579 -70.901850 -68.894950
12.866501 -70.368547 -71.475250 -69.325000
12.896741 -70.865514 -71.905300 -69.898400
12.926982 -71.362482 -72.335350 -70.471800
12.957222 -71.859449 -72.908750 -70.901850
12.987462 -72.356417 -73.338800 -71.475250
13.017702 -72.853385 -73.768850 -72.048650
13.047943 -73.350352 -74.342250 -72.478700
13.078183 -73.847320 -74.772300 -73.052100
13.108423 -74.344287 -75.202350 -73.625500
13.138663 -74.841255 -75.775750 -74.055550
13.168903 -75.338223 -76.205800 -74.628950
13.199144 -75.835190 -76.635850 -75.059000
13.229384 -76.332158 -77.209250 -75.632400
13.259624 -76.829125 -77.639300 -76.205800
13.289864 -77.326093 -78.212700 -76.635850
13.320105 -77.823060 -78.642750 -77.209250
13.350345 -78.320028 -79.072800 -77.639300
13.380585 -78.816996 -79.646200 -78.212700
13.410825 -79.313963 -80.076250 -78.786100
13.441066 -79.810931 -80.506300 -79.216150
13.471306 -80.307898 -81.079700 -79.789550
13.501546 -80.804866 -81.509750 -80.219600
13.531786 -81.301834 -81.939800 -80.793000
13.562027 -81.798801 -82.513200 -81.223050
13.592267 -82.295769 -82.943250 -81.796450
13.622507 -82.792736 -83.516650 -82.226500
13.652747 -83.289704 -83.946700 -82.799900
13.682988 -83.786672 -84.376750 -83.229950
13.713228 -84.283639 -84.950150 -83.803350
13.743468 -84.780607 -85.380200 -84.376750
13.773708 -85.277574 -85.953600 -84.806800
13.803948 -85.774542 -86.383650 -85.380200
13.834189 -86.271509 -86.957050 -85.810250
13.864429 -86.768477 -87.387100 -86.383650
13.894669 -87.265445 -87.817150 -86.813700
13.924909 -87.762412 -88.390550 -87.387100
13.955150 -88.259380 -88.820600 -87.817150
13.985390 -88.756347 -89.394000 -88.390550
14.015630 -89.253315 -89.824050 -88.820600
14.045870 -89.750283 -90.397450 -89.394000
14.076111 -90.247250 -90.827500 -89.824050
14.106351 -90.744218 -91.400900 -90.254100
14.136591 -91.241185 -91.830950 -90.827500
14.166831 -91.738153 -92.404350 -91.257550
14.197072 -92.235121 -92.834400 -91.830950
14.227312 -92.732088 -93.407800 -92.261000
14.257552 -93.229056 -93.981200 -92.691050
14.287792 -93.726023 -94.411250 -93.264450
14.318033 -94.222991 -94.984650 -93.694500
14.348273 -94.719959 -95.414700 -94.267900
14.378513 -95.216926 -95.988100 -94.697950
14.408753 -95.713894 -96.418150 -95.128000
14.438994 -96.210861 -96.991550 -95.701400
14.469234 -96.707829 -97.421600 -96.131450
14.499474 -97.204796 -97.995000 -96.561500
14.529714 -97.701764 -98.568400 -97.134900
14.559954 -98.198732 -98.998450 -97.564950
14.590195 -98.695699 -99.571850 -98.138350
14.620435 -99.192667 -100.001900 -98.568400
14.650675 -99.689634 -100.575300 -98.998450
14.680915 -100.186602 -101.148700 -99.571850
14.711156 -100.683570 -101.578750 -100.001900
14.741396 -101.180537 -102.152150 -100.431950
14.771636 -101.677505 -102.725550 -101.005350
14.801876 -102.174472 -103.155600 -101.435400
14.832117 -102.671440 -103.729000 -101.865450
14.862357 -103.168408 -104.159050 -102.438850
14.892597 -103.665375 -104.732450 -102.868900
14.922837 -104.162343 -105.305850 -103.298950
14.953078 -104.659310 -105.735900 -103.872350
14.983318 -105.156278 -106.309300 -104.302400
15.013558 -105.653245 -106.739350 -104.732450
15.043798 -106.150213 -107.312750 -105.305850
15.074039 -106.647181 -107.886150 -105.735900
15.104279 -107.144148 -108.316200 -106.165950
15.134519 -107.641116 -108.889600 -106.739350
15.164759 -108.138083 -109.463000 -107.169400
15.195000 -108.635051 -109.893050 -107.599450
15.225240 -109.132019 -110.466450 -108.172850
15.255480 -109.628986 -110.896500 -108.602900
15.285720 -110.125954 -111.469900 -109.032950
15.315960 -110.622921 -112.043300 -109.463000
15.346201 -111.119889 -112.473350 -110.036400
15.376441 -111.616857 -113.046750 -110.466450
15.406681 -112.113824 -113.476800 -110.896500
15.436921 -112.610792 -114.050200 -111.469900
15.467162 -113.107759 -114.623600 -111.899950
15.497402 -113.604727 -115.053650 -112.330000
15.527642 -114.101694 -115.627050 -112.903400
15.557882 -114.598662 -116.200450 -113.333450
15.588123 -115.095630 -116.630500 -113.763500
15.618363 -115.592597 -117.203900 -114.193550
15.648603 -116.089565 -117.777300 -114.766950
15.678843 -116.586532 -118.207350 -115.197000
15.709084 -117.083500 -118.780750 -115.627050
15.739324 -117.580468 -119.354150 -116.200450
15.769564 -118.077433 -119.784200 -116.630500
15.799804 -118.573783 -120.357600 -117.060550
15.830045 -119.067267 -120.787650 -117.633950
15.860285 -119.548881 -121.217700 -118.064000
15.890525 -120.010321 -121.504400 -118.494050
15.920765 -120.452442 -121.791100 -119.067450
15.951005 -120.867540 -122.077800 -119.497500
15.981246 -121.256768 -122.364500 -119.927550
16.011486 -121.595791 -122.794550 -120.357600
16.041726 -121.866811 -123.081250 -120.787650
16.071966 -122.081448 -123.367950 -120.931000
16.102207 -122.236835 -123.511300 -121.074350
16.132447 -122.338868 -123.654650 -121.074350
16.162687 -122.414336 -123.798000 -121.217700
16.192927 -122.476070 -123.941350 -121.217700
16.223168 -122.529253 -123.941350 -121.217700
16.253408 -122.574443 -124.084700 -121.361050
16.283648 -122.617749 -124.084700 -121.361050
16.313888 -122.661056 -124.084700 -121.361050
16.344129 -122.704362 -124.084700 -121.504400
16.374369 -122.747668 -124.228050 -121.504400
16.404609 -122.790975 -124.228050 -121.647750
16.434849 -122.834281 -124.228050 -121.647750
16.465090 -122.877587 -124.228050 -121.647750
16.495330 -122.920894 -124.371400 -121.791100
16.525570 -122.964200 -124.371400 -121.791100
16.555810 -123.007506 -124.371400 -121.791100
16.586051 -123.050813 -124.371400 -121.934450
16.616291 -123.094119 -124.371400 -121.934450
16.646531 -123.137425 -124.514750 -122.077800
16.676771 -123.180731 -124.514750 -122.077800
16.707011 -123.224038 -124.514750 -122.077800
16.737252 -123.267344 -124.514750 -122.221150
16.767492 -123.310650 -124.658100 -122.221150
16.797732 -123.353957 -124.658100 -122.221150
16.827972 -123.397263 -124.658100 -122.364500
16.858213 -123.440569 -124.658100 -122.364500
16.888453 -123.483876 -124.658100 -122.364500
16.918693 -123.527182 -124.801450 -122.507850
16.948933 -123.570488 -124.801450 -122.507850
16.979174 -123.613795 -124.801450 -122.507850
17.009414 -123.657101 -124.801450 -122.651200
17.039654 -123.700407 -124.801450 -122.651200
17.069894 -123.743714 -124.944800 -122.794550
17.100135 -123.787020 -124.944800 -122.794550
17.130375 -123.830326 -124.944800 -122.794550
17.160615 -123.873633 -124.944800 -122.937900
17.190855 -123.916939 -125.088150 -122.937900
17.221096 -123.960245 -125.088150 -122.937900
17.251336 -124.003552 -125.088150 -123.081250
17.281576 -124.046858 -125.088150 -123.081250
17.311816 -124.090164 -125.231500 -123.081250
17.342056 -124.133471 -125.231500 -123.224600
17.372297 -124.176777 -125.231500 -123.224600
17.402537 -124.220083 -125.231500 -123.224600
17.432777 -124.263390 -125.231500 -123.367950
17.463017 -124.306696 -125.374850 -123.367950
17.493258 -124.350002 -125.374850 -123.511300
17.523498 -124.393309 -125.374850 -123.511300
17.553738 -124.436615 -125.374850 -123.511300
17.583978 -124.479921 -125.518200 -123.654650
17.614219 -124.523227 -125.518200 -123.654650
17.644459 -124.566534 -125.518200 -123.654650
17.674699 -124.609840 -125.518200 -123.798000
17.704939 -124.653146 -125.661550 -123.798000
17.735180 -124.696453 -125.661550 -123.798000
17.765420 -124.739759 -125.661550 -123.941350
17.795660 -124.783065 -125.661550 -123.941350
17.825900 -124.826372 -125.661550 -124.084700
17.856141 -124.869678 -125.804900 -124.084700
17.886381 -124.912984 -125.804900 -124.084700
17.916621 -124.956291 -125.804900 -124.228050
17.946861 -124.999597 -125.804900 -124.228050
17.977102 -125.042903 -125.948250 -124.228050
18.007342 -125.086210 -125.948250 -124.371400
18.037582 -125.129516 -125.948250 -124.371400
18.067822 -125.172822 -125.948250 -124.371400
18.098062 -125.216129 -126.091600 -124.514750
18.128303 -125.259435 -126.091600 -124.514750
18.158543 -125.302741 -126.091600 -124.658100
18.188783 -125.346048 -126.234950 -124.658100
18.219023 -125.389354 -126.234950 -124.658100
18.249264 -125.432660 -126.234950 -124.801450
18.279504 -125.475967 -126.234950 -124.801450
18.309744 -125.519273 -126.234950 -124.801450
18.339984 -125.562579 -126.378300 -124.944800
18.370225 -125.605886 -126.378300 -124.944800
18.400465 -125.649192 -126.378300 -124.944800
18.430705 -125.692498 -126.378300 -125.088150
18.460945 -125.735804 -126.521650 -125.088150
18.491186 -125.779111 -126.521650 -125.088150
18.521426 -125.822417 -126.521650 -125.231500
18.551666 -125.865723 -126.521650 -125.231500
18.581906 -125.909030 -126.665000 -125.231500
18.612147 -125.952336 -126.665000 -125.374850
18.642387 -125.995642 -126.665000 -125.374850
18.672627 -126.038949 -126.808350 -125.374850
18.702867 -126.082255 -126.808350 -125.518200
18.733107 -126.125561 -126.808350 -125.518200
18.763348 -126.168868 -126.808350 -125.661550
18.793588 -126.212174 -126.951700 -125.661550
18.823828 -126.255480 -126.951700 -125.661550
18.854068 -126.298787 -126.951700 -125.804900
18.884309 -126.342093 -126.951700 -125.804900
18.914549 -126.385399 -127.095050 -125.804900
18.944789 -126.428706 -127.095050 -125.948250
18.975029 -126.472012 -127.095050 -125.948250
19.005270 -126.515318 -127.095050 -125.948250
19.035510 -126.558625 -127.238400 -126.091600
19.065750 -126.601931 -127.238400 -126.091600
19.095990 -126.645237 -127.238400 -126.091600
19.126231 -126.688544 -127.381750 -126.091600
19.156471 -126.731850 -127.381750 -126.234950
19.186711 -126.775156 -127.381750 -126.234950
19.216951 -126.818463 -127.381750 -126.234950
19.247192 -126.861769 -127.525100 -126.378300
19.277432 -126.905075 -127.525100 -126.378300
19.307672 -126.948382 -127.525100 -126.378300
19.337912 -126.991688 -127.668450 -126.521650
19.368153 -127.034994 -127.668450 -126.521650
19.398393 -127.078300 -127.668450 -126.521650
19.428633 -127.121607 -127.668450 -126.665000
19.458873 -127.164913 -127.811800 -126.665000
19.489113 -127.208219 -127.811800 -126.665000
19.519354 -127.251526 -127.811800 -126.808350
19.549594 -127.294832 -127.955150 -126.808350
19.579834 -127.338138 -127.955150 -126.808350
19.610074 -127.381445 -127.955150 -126.808350
19.640315 -127.424751 -128.098500 -126.951700
19.670555 -127.468057 -128.098500 -126.951700
19.700795 -127.511364 -128.098500 -126.951700
19.731035 -127.554670 -128.098500 -127.095050
19.761276 -127.597976 -128.241850 -127.095050
19.791516 -127.641283 -128.241850 -127.095050
19.821756 -127.684589 -128.241850 -127.095050
19.851996 -127.727895 -128.385200 -127.238400
19.882237 -127.771202 -128.385200 -127.238400
19.912477 -127.814508 -128.385200 -127.238400
19.942717 -127.857814 -128.528550 -127.381750
19.972957 -127.901121 -128.528550 -127.381750
20.003198 -127.944427 -128.528550 -127.381750
20.033438 -127.987733 -128.671900 -127.381750
20.063678 -128.031040 -128.671900 -127.525100
20.093918 -128.074346 -128.671900 -127.525100
20.124158 -128.117652 -128.815250 -127.525100
20.154399 -128.160959 -128.815250 -127.525100
20.184639 -128.204265 -128.815250 -127.668450
20.214879 -128.247571 -128.815250 -127.668450
20.245119 -128.290878 -128.958600 -127.668450
20.275360 -128.334184 -128.958600 -127.668450
20.305600 -128.377490 -128.958600 -127.811800
20.335840 -128.420796 -129.101950 -127.811800
20.366080 -128.464103 -129.101950 -127.811800
20.396321 -128.507409 -129.101950 -127.811800
20.426561 -128.550715 -129.245300 -127.955150
20.456801 -128.594022 -129.245300 -127.955150
20.487041 -128.637328 -129.245300 -127.955150
20.517282 -128.680634 -129.388650 -127.955150
20.547522 -128.723941 -129.388650 -128.098500
20.577762 -128.767247 -129.388650 -128.098500
20.608002 -128.810553 -129.532000 -128.098500
20.638243 -128.853860 -129.532000 -128.098500
20.668483 -128.897166 -129.532000 -128.241850
20.698723 -128.940472 -129.675350 -128.241850
20.728963 -128.983779 -129.675350 -128.241850
20.759204 -129.027085 -129.675350 -128.241850
20.789444 -129.070391 -129.818700 -128.241850
20.819684 -129.113698 -129.818700 -128.385200
20.849924 -129.157004 -129.818700 -128.385200
20.880164 -129.200310 -129.962050 -128.385200
20.910405 -129.243617 -129.962050 -128.528550
20.940645 -129.286923 -129.962050 -128.528550
20.970885 -129.330229 -130.105400 -128.528550
21.001125 -129.373536 -130.105400 -128.528550
21.031366 -129.416842 -130.105400 -128.671900
21.061606 -129.460148 -130.248750 -128.671900
21.091846 -129.503455 -130.248750 -128.671900
21.122086 -129.546761 -130.248750 -128.671900
21.152327 -129.590067 -130.392100 -128.815250
21.182567 -129.633374 -130.392100 -128.815250
21.212807 -129.676680 -130.392100 -128.815250
21.243047 -129.719986 -130.535450 -128.815250
21.273288 -129.763292 -130.535450 -128.815250
21.303528 -129.806599 -130.678800 -128.958600
21.333768 -129.849905 -130.678800 -128.958600
21.364008 -129.893211 -130.678800 -128.958600
21.394249 -129.936518 -130.822150 -128.958600
21.424489 -129.979824 -130.822150 -129.101950
21.454729 -130.023130 -130.822150 -129.101950
21.484969 -130.066437 -130.965500 -129.101950
21.515210 -130.109743 -130.965500 -129.101950
21.545450 -130.153049 -130.965500 -129.245300
21.575690 -130.196356 -131.108850 -129.245300
21.605930 -130.239662 -131.108850 -129.245300
21.636170 -130.282968 -131.108850 -129.245300
21.666411 -130.326275 -131.252200 -129.388650
21.696651 -130.369581 -131.252200 -129.388650
21.726891 -130.412887 -131.252200 -129.388650
21.757131 -130.456194 -131.395550 -129.388650
21.787372 -130.499500 -131.395550 -129.388650
21.817612 -130.542806 -131.395550 -129.532000
21.847852 -130.586113 -131.538900 -129.532000
21.878092 -130.629419 -131.538900 -129.532000
21.908333 -130.672725 -131.538900 -129.532000
21.938573 -130.716032 -131.682250 -129.675350
21.968813 -130.759338 -131.682250 -129.675350
21.999053 -130.802644 -131.682250 -129.675350
22.029294 -130.845951 -131.825600 -129.675350
22.059534 -130.889257 -131.825600 -129.675350
22.089774 -130.932563 -131.825600 -129.818700
22.120014 -130.975869 -131.968950 -129.818700
22.150255 -131.019176 -131.968950 -129.818700
22.180495 -131.062482 -131.968950 -129.818700
22.210735 -131.105788 -132.112300 -129.962050
22.240975 -131.149095 -132.112300 -129.962050
22.271215 -131.192401 -132.112300 -129.962050
22.301456 -131.235707 -132.255650 -129.962050
22.331696 -131.279014 -132.255650 -130.105400
22.361936 -131.322320 -132.399000 -130.105400
22.392176 -131.365626 -132.399000 -130.105400
22.422417 -131.408933 -132.399000 -130.105400
22.452657 -131.452239 -132.542350 -130.248750
22.482897 -131.495545 -132.542350 -130.248750
22.513137 -131.538852 -132.542350 -130.248750
22.543378 -131.582158 -132.685700 -130.248750
22.573618 -131.625464 -132.685700 -130.248750
22.603858 -131.668771 -132.685700 -130.392100
22.634098 -131.712077 -132.829050 -130.392100
22.664339 -131.755383 -132.829050 -130.392100
22.694579 -131.798690 -132.829050 -130.392100
22.724819 -131.841996 -132.972400 -130.535450
22.755059 -131.885302 -132.972400 -130.535450
22.785300 -131.928609 -132.972400 -130.535450
22.815540 -131.971915 -133.115750 -130.535450
22.845780 -132.015221 -133.115750 -130.678800
22.876020 -132.058528 -133.115750 -130.678800
22.906261 -132.101834 -133.259100 -130.678800
22.936501 -132.145140 -133.259100 -130.678800
22.966741 -132.188447 -133.402450 -130.678800
22.996981 -132.231753 -133.402450 -130.822150
23.027221 -132.275059 -133.402450 -130.822150
23.057462 -132.318365 -133.545800 -130.822150
23.087702 -132.361672 -133.545800 -130.822150
23.117942 -132.404978 -133.545800 -130.965500
23.148182 -132.448284 -133.689150 -130.965500
23.178423 -132.491591 -133.689150 -130.965500
23.208663 -132.534897 -133.689150 -130.965500
23.238903 -132.578203 -133.832500 -130.965500
23.269143 -132.621510 -133.832500 -131.108850
23.299384 -132.664816 -133.832500 -131.108850
23.329624 -132.708122 -133.975850 -131.108850
23.359864 -132.751429 -133.975850 -131.108850
23.390104 -132.794735 -134.119200 -131.252200
23.420345 -132.838041 -134.119200 -131.252200
23.450585 -132.881348 -134.119200 -131.252200
23.480825 -132.924654 -134.262550 -131.252200
23.511065 -132.967960 -134.262550 -131.395550
23.541306 -133.011267 -134.262550 -131.395550
23.571546 -133.054573 -134.405900 -131.395550
23.601786 -133.097879 -134.405900 -131.395550
23.632026 -133.141186 -134.405900 -131.538900
23.662266 -133.184492 -134.549250 -131.538900
23.692507 -133.227798 -134.549250 -131.538900
23.722747 -133.271105 -134.549250 -131.538900
23.752987 -133.314411 -134.692600 -131.538900
23.783227 -133.357717 -134.692600 -131.682250
23.813468 -133.401024 -134.692600 -131.682250
23.843708 -133.444330 -134.835950 -131.682250
23.873948 -133.487636 -134.835950 -131.682250
23.904188 -133.530943 -134.835950 -131.825600
23.934429 -133.574249 -134.979300 -131.825600
23.964669 -133.617555 -134.979300 -131.825600
23.994909 -133.660861 -135.122650 -131.825600
24.025149 -133.704168 -135.122650 -131.825600
24.055390 -133.747474 -135.122650 -131.968950
24.085630 -133.790780 -135.266000 -131.968950
24.115870 -133.834087 -135.266000 -131.968950
24.146110 -133.877393 -135.266000 -131.968950
24.176351 -133.920699 -135.409350 -132.112300
24.206591 -133.964006 -135.409350 -132.112300
24.236831 -134.007312 -135.409350 -132.112300
24.267071 -134.050618 -135.552700 -132.112300
24.297312 -134.093925 -135.552700 -132.255650
24.327552 -134.137231 -135.552700 -132.255650
24.357792 -134.180537 -135.696050 -132.255650
24.388032 -134.223844 -135.696050 -132.255650
24.418272 -134.267150 -135.839400 -132.255650
24.448513 -134.310456 -135.839400 -132.399000
24.478753 -134.353763 -135.839400 -132.399000
24.508993 -134.397069 -135.982750 -132.399000
24.539233 -134.440375 -135.982750 -132.399000
24.569474 -134.483682 -135.982750 -132.542350
24.599714 -134.526988 -136.126100 -132.542350
24.629954 -134.570294 -136.126100 -132.542350
24.660194 -134.613601 -136.126100 -132.542350
24.690435 -134.656907 -136.269450 -132.542350
24.720675 -134.700213 -136.269450 -132.685700
24.750915 -134.743520 -136.412800 -132.685700
24.781155 -134.786826 -136.412800 -132.685700
24.811396 -134.830132 -136.412800 -132.685700
24.841636 -134.873438 -136.556150 -132.829050
24.871876 -134.916745 -136.556150 -132.829050
24.902116 -134.960051 -136.556150 -132.829050
24.932357 -135.003357 -136.699500 -132.829050
24.962597 -135.046664 -136.699500 -132.829050
24.992837 -135.089970 -136.699500 -132.972400
25.023077 -135.133276 -136.842850 -132.972400
25.053317 -135.176583 -136.842850 -132.972400
25.083558 -135.219889 -136.842850 -132.972400
25.113798 -135.263195 -136.986200 -133.115750
25.144038 -135.306502 -136.986200 -133.115750
25.174278 -135.349808 -137.129550 -133.115750
25.204519 -135.393114 -137.129550 -133.115750
25.234759 -135.436421 -137.129550 -133.115750
25.264999 -135.479727 -137.272900 -133.259100
25.295239 -135.523033 -137.272900 -133.259100
25.325480 -135.566340 -137.272900 -133.259100
25.355720 -135.609646 -137.416250 -133.259100
25.385960 -135.652952 -137.416250 -133.402450
25.416200 -135.696259 -137.559600 -133.402450
25.446441 -135.739565 -137.559600 -133.402450
25.476681 -135.782871 -137.559600 -133.402450
25.506921 -135.826178 -137.702950 -133.402450
25.537161 -135.869484 -137.702950 -133.545800
25.567402 -135.912790 -137.702950 -133.545800
25.597642 -135.956097 -137.846300 -133.545800
25.627882 -135.999403 -137.846300 -133.545800
25.658122 -136.042709 -137.846300 -133.689150
25.688363 -136.086016 -137.989650 -133.689150
25.718603 -136.129322 -137.989650 -133.689150
25.748843 -136.172628 -138.133000 -133.689150
25.779083 -136.215934 -138.133000 -133.689150
25.809323 -136.259241 -138.133000 -133.832500
25.839564 -136.302547 -138.276350 -133.832500
25.869804 -136.345853 -138.276350 -133.832500
25.900044 -136.389160 -138.276350 -133.832500
25.930284 -136.432466 -138.419700 -133.975850
25.960525 -136.475772 -138.419700 -133.975850
25.990765 -136.519079 -138.419700 -133.975850
26.021005 -136.562385 -138.563050 -133.975850
26.051245 -136.605691 -138.563050 -133.975850
26.081486 -136.648998 -138.706400 -134.119200
26.111726 -136.692304 -138.706400 -134.119200
26.141966 -136.735610 -138.706400 -134.119200
26.172206 -136.778917 -138.849750 -134.119200
26.202447 -136.822223 -138.849750 -134.119200
26.232687 -136.865529 -138.849750 -134.262550
26.262927 -136.908836 -138.993100 -134.262550
26.293167 -136.952142 -138.993100 -134.262550
26.323408 -136.995448 -139.136450 -134.262550
26.353648 -137.038755 -139.136450 -134.262550
26.383888 -137.082061 -139.136450 -134.405900
26.414128 -137.125367 -139.279800 -134.405900
26.444368 -137.168674 -139.279800 -134.405900
26.474609 -137.211980 -139.279800 -134.405900
26.504849 -137.255286 -139.423150 -134.549250
26.535089 -137.298593 -139.423150 -134.549250
26.565329 -137.341899 -139.423150 -134.549250
26.595570 -137.385205 -139.566500 -134.549250
26.625810 -137.428512 -139.566500 -134.549250
26.656050 -137.471818 -139.709850 -134.692600
26.686290 -137.515124 -139.709850 -134.692600
26.716531 -137.558430 -139.709850 -134.692600
26.746771 -137.601737 -139.853200 -134.692600
26.777011 -137.645043 -139.853200 -134.835950
26.807251 -137.688349 -139.853200 -134.835950
26.837492 -137.731656 -139.996550 -134.835950
26.867732 -137.774962 -139.996550 -134.835950
26.897972 -137.818268 -139.996550 -134.979300
26.928212 -137.861575 -140.139900 -134.979300
26.958453 -137.904881 -140.139900 -134.979300
26.988693 -137.948187 -140.283250 -134.979300
27.018933 -137.991482 -140.283250 -134.979300
27.049173 -138.034757 -140.283250 -135.122650
27.079414 -138.077575 -140.426600 -135.122650
27.109654 -138.119290 -140.426600 -135.122650
27.139894 -138.160533 -140.426600 -135.122650
27.170134 -138.199832 -140.569950 -135.266000
27.200374 -138.237904 -140.569950 -135.266000
27.230615 -138.274105 -140.569950 -135.266000
27.260855 -138.306132 -140.569950 -135.266000
27.291095 -138.332185 -140.569950 -135.266000
27.321335 -138.352082 -140.713300 -135.409350
27.351576 -138.360821 -140.713300 -135.409350
27.381816 -138.359783 -140.713300 -135.409350
27.412056 -138.342551 -140.569950 -135.409350
27.442296 -138.312641 -140.713300 -135.409350
27.472537 -138.263242 -140.569950 -135.409350
27.502777 -138.198952 -140.713300 -135.266000
27.533017 -138.114769 -140.713300 -135.122650
27.563257 -138.005850 -140.713300 -134.979300
27.593498 -137.872249 -140.713300 -134.692600
27.623738 -137.708339 -140.713300 -134.549250
27.653978 -137.521103 -140.426600 -134.262550
27.684218 -137.307372 -140.283250 -133.975850
27.714459 -137.063938 -140.139900 -133.545800
27.744699 -136.796781 -139.996550 -133.259100
27.774939 -136.507215 -139.853200 -132.972400
27.805179 -136.196617 -139.423150 -132.542350
27.835420 -135.863710 -139.279800 -132.255650
27.865660 -135.516816 -138.993100 -131.968950
27.895900 -135.156888 -138.706400 -131.538900
27.926140 -134.784805 -138.419700 -131.252200
27.956380 -134.407988 -137.989650 -130.822150
27.986621 -134.023188 -137.559600 -130.535450
28.016861 -133.633472 -137.129550 -130.248750
28.047101 -133.242230 -136.842850 -129.818700
28.077341 -132.850433 -136.412800 -129.532000
28.107582 -132.457523 -135.982750 -129.245300
28.137822 -132.064441 -135.409350 -128.815250
28.168062 -131.671245 -134.979300 -128.528550
28.198302 -131.277998 -134.549250 -128.241850
28.228543 -130.884750 -134.119200 -127.811800
28.258783 -130.491503 -133.689150 -127.525100
28.289023 -130.098255 -133.259100 -127.095050
28.319263 -129.705008 -132.829050 -126.808350
28.349504 -129.311760 -132.255650 -126.521650
28.379744 -128.918512 -131.825600 -126.091600
28.409984 -128.525265 -131.395550 -125.804900
28.440224 -128.132017 -130.965500 -125.374850
28.470465 -127.738770 -130.535450 -125.088150
28.500705 -127.345522 -130.105400 -124.801450
28.530945 -126.952275 -129.675350 -124.371400
28.561185 -126.559027 -129.245300 -124.084700
28.591425 -126.165780 -128.815250 -123.654650
28.621666 -125.772532 -128.385200 -123.367950
28.651906 -125.379285 -127.955150 -123.081250
28.682146 -124.986037 -127.381750 -122.651200
28.712386 -124.592790 -126.951700 -122.364500
28.742627 -124.199542 -126.521650 -121.934450
28.772867 -123.806295 -126.091600 -121.647750
28.803107 -123.413047 -125.661550 -121.217700
28.833347 -123.019800 -125.231500 -120.931000
28.863588 -122.626552 -124.801450 -120.644300
28.893828 -122.233305 -124.371400 -120.214250
28.924068 -121.840057 -123.941350 -119.927550
28.954308 -121.446809 -123.511300 -119.497500
28.984549 -121.053562 -123.081250 -119.210800
29.014789 -120.660314 -122.651200 -118.780750
29.045029 -120.267067 -122.221150 -118.494050
29.075269 -119.873819 -121.791100 -118.064000
29.105510 -119.480572 -121.361050 -117.777300
29.135750 -119.087324 -120.931000 -117.347250
29.165990 -118.694077 -120.500950 -117.060550
29.196230 -118.300829 -120.070900 -116.630500
29.226471 -117.907582 -119.640850 -116.343800
29.256711 -117.514334 -119.210800 -115.913750
29.286951 -117.121087 -118.780750 -115.483700
29.317191 -116.727839 -118.350700 -115.197000
29.347431 -116.334592 -117.920650 -114.766950
29.377672 -115.941344 -117.490600 -114.336900
29.407912 -115.548097 -117.060550 -114.050200
29.438152 -115.154849 -116.773850 -113.620150
29.468392 -114.761602 -116.343800 -113.333450
29.498633 -114.368354 -115.913750 -112.903400
29.528873 -113.975107 -115.627050 -112.473350
29.559113 -113.581859 -115.197000 -112.043300
29.589353 -113.188611 -114.766950 -111.613250
29.619594 -112.795364 -114.336900 -111.326550
29.649834 -112.402116 -114.050200 -110.896500
29.680074 -112.008869 -113.620150 -110.466450
29.710314 -111.615621 -113.190100 -110.036400
29.740555 -111.222374 -112.760050 -109.606350
29.770795 -110.829126 -112.473350 -109.176300
29.801035 -110.435879 -112.043300 -108.746250
29.831275 -110.042631 -111.613250 -108.316200
29.861516 -109.649384 -111.326550 -107.886150
29.891756 -109.256136 -110.896500 -107.456100
29.921996 -108.862889 -110.609800 -107.026050
29.952236 -108.469641 -110.179750 -106.596000
29.982476 -108.076394 -109.749700 -106.165950
30.012717 -107.683146 -109.463000 -105.735900
30.042957 -107.289899 -109.032950 -105.305850
30.073197 -106.896651 -108.746250 -104.875800
30.103437 -106.503404 -108.316200 -104.445750
30.133678 -106.110156 -108.029500 -104.015700
30.163918 -105.716909 -107.599450 -103.585650
30.194158 -105.323661 -107.312750 -103.155600
30.224398 -104.930413 -106.882700 -102.725550
30.254639 -104.537166 -106.596000 -102.295500
30.284879 -104.143918 -106.165950 -101.865450
30.315119 -103.750671 -105.879250 -101.292050
