1.000200040008001565e+02
1.000180032405832975e+02
1.000160025604096745e+02
1.000140019602744417e+02
1.000140019602744417e+02
1.000130016902197383e+02
1.000130016902197383e+02
1.000120014401728099e+02
1.000120014401728099e+02
1.000110012101331165e+02
1.000110012101331165e+02
1.000101010202030523e+02
1.000100010001000186e+02
1.000091008281753631e+02
1.000090008100729051e+02
1.000081006561531467e+02
1.000081006561531467e+02
1.000071005041358063e+02
1.000071005041358063e+02
1.000071005041358063e+02
1.000070004900343150e+02
1.000061003721227024e+02
1.000061003721227024e+02
1.000061003721227024e+02
1.000061003721227024e+02
1.000061003721227024e+02
1.000051002601132666e+02
1.000051002601132666e+02
1.000051002601132666e+02
1.000051002601132666e+02
1.000051002601132666e+02
1.000051002601132666e+02
1.000051002601132666e+02
1.000051002601132666e+02
1.000051002601132666e+02
1.000051002601132666e+02
1.000051002601132666e+02
1.000051002601132666e+02
1.000051002601132666e+02
1.000051002601132666e+02
1.000051002601132666e+02
1.000051002601132666e+02
1.000051002601132666e+02
1.000051002601132666e+02
1.000051002601132666e+02
1.000051002601132666e+02
1.000051002601132666e+02
1.000051002601132666e+02
1.000052002704140648e+02
1.000061003721227024e+02
1.000061003721227024e+02
1.000061003721227024e+02
1.000061003721227024e+02
1.000062003844238347e+02
1.000071005041358063e+02
1.000071005041358063e+02
1.000072005184373296e+02
1.000081006561531467e+02
1.000081006561531467e+02
1.000082006724551462e+02
1.000091008281753631e+02
1.000091008281753631e+02
1.000101010202030523e+02
1.000101010202030523e+02
1.000110012101331165e+02
1.000110012101331165e+02
1.000121014642771797e+02
1.000121014642771797e+02
1.000121014642771797e+02
1.000130016902197383e+02
1.000130016902197383e+02
1.000140019602744417e+02
1.000150022503375453e+02
1.000160025604096745e+02
1.000180032405832975e+02
1.000200040008001565e+02
1.000100010001000186e+02
1.000031000961029690e+02
9.999800003999919795e+01
9.999500024998749836e+01
9.999400035997840064e+01
9.999300048996570922e+01
9.999200063994879883e+01
9.999100080992710105e+01
9.999000099990001900e+01
9.998900120986691320e+01
9.998800143982721522e+01
9.998700168978032821e+01
9.998600195972562688e+01
9.998500224966255701e+01
9.998500224966255701e+01
9.998400255959046490e+01
9.998300288950878212e+01
9.998200323941691181e+01
9.998100360931424291e+01
9.998000399920015013e+01
9.997900440907409347e+01
9.997900440907409347e+01
9.997800483893544765e+01
9.997800483893544765e+01
9.997700528878357318e+01
9.997700528878357318e+01
9.997600575861793004e+01
9.997600575861793004e+01
9.997500624843789296e+01
9.997500624843789296e+01
9.997500624843789296e+01
9.997400675824285088e+01
9.997400675824285088e+01
9.997300728803223535e+01
9.997300728803223535e+01
9.997300728803223535e+01
9.997300728803223535e+01
9.997200783780542110e+01
9.997200783780542110e+01
9.997200783780542110e+01
9.997200783780542110e+01
9.997200783780542110e+01
9.997200783780542110e+01
9.997200783780542110e+01
9.997200783780542110e+01
9.997300728803223535e+01
9.997300728803223535e+01
9.997300728803223535e+01
9.997400675824285088e+01
9.997400675824285088e+01
9.997500624843789296e+01
9.997500624843789296e+01
9.997600575861793004e+01
9.997700528878357318e+01
9.997700528878357318e+01
9.997800483893544765e+01
9.997800483893544765e+01
9.997900440907409347e+01
9.998000399920015013e+01
9.998100360931424291e+01
9.998200323941691181e+01
9.998200323941691181e+01
9.998300288950878212e+01
9.998400255959046490e+01
9.998500224966255701e+01
9.998600195972562688e+01
9.998700168978032821e+01
9.998900120986691320e+01
9.999000099990001900e+01
9.999100080992710105e+01
9.999200063994879883e+01
9.999300048996570922e+01
9.999400035997840064e+01
9.999800003999919795e+01
1.000032001024032695e+02
1.000110012101331165e+02
9.999700008999730017e+01
9.997600575861793004e+01
9.996101520407042074e+01
9.995402115027087575e+01
9.995202302894611535e+01
9.995102399824085637e+01
9.995002498750625364e+01
9.994902599674166765e+01
9.994902599674166765e+01
9.994802702594650157e+01
9.994802702594650157e+01
9.994802702594650157e+01
9.994902599674166765e+01
9.994802702594650157e+01
9.994802702594650157e+01
9.994802702594650157e+01
9.994702807512018694e+01
9.994602914426209850e+01
9.994503023337163938e+01
9.994403134244822695e+01
9.994303247149125013e+01
9.994103478947421593e+01
9.993903718731573349e+01
9.993604093380236009e+01
9.993304485994383413e+01
9.993004896572398366e+01
9.992805180270204346e+01
9.992405771613573506e+01
9.992206079258177454e+01
9.991906555689890013e+01
9.991706883286872198e+01
9.991407389644905379e+01
9.991207737191271576e+01
9.991107913956578557e+01
9.990908273471141854e+01
9.990908273471141854e+01
9.990808456220277378e+01
9.990808456220277378e+01
9.990908273471141854e+01
9.990908273471141854e+01
9.991008092716555211e+01
9.991107913956578557e+01
9.991207737191271576e+01
9.991307562420693955e+01
9.991407389644905379e+01
9.991507218863965534e+01
9.991706883286872198e+01
9.991806718490838080e+01
9.991906555689890013e+01
9.992006394884093368e+01
9.992006394884093368e+01
9.992106236073502146e+01
9.992206079258177454e+01
9.992305924438183240e+01
9.992405771613573506e+01
9.992505620784410780e+01
9.992605471950756169e+01
9.992705325112667936e+01
9.992805180270204346e+01
9.992905037423429349e+01
9.993004896572398366e+01
9.993104757717173925e+01
9.993304485994383413e+01
9.993404353126936712e+01
9.993604093380236009e+01
9.993703966501105640e+01
9.994003597841296482e+01
9.994203362050011208e+01
9.994403134244822695e+01
9.994602914426209850e+01
9.994802702594650157e+01
9.995102399824085637e+01
9.995502024089159931e+01
9.996301368493656980e+01
9.997800483893544765e+01
9.999800003999919795e+01
9.998400255959046490e+01
9.994103478947421593e+01
9.990908273471141854e+01
9.989511013435891584e+01
9.989111868063810107e+01
9.989012086704623528e+01
9.989012086704623528e+01
9.989111868063810107e+01
9.989511013435891584e+01
9.989910190707387017e+01
9.990409207161124527e+01
9.991008092716555211e+01
9.991706883286872198e+01
9.992405771613573506e+01
9.993104757717173925e+01
9.993803841618196770e+01
9.994303247149125013e+01
9.994602914426209850e+01
9.994802702594650157e+01
9.994902599674166765e+01
9.994702807512018694e+01
9.994203362050011208e+01
9.993504222255533875e+01
9.992605471950756169e+01
9.991607050077934105e+01
9.990509016434387490e+01
9.989411224102451570e+01
9.988213907589044993e+01
9.987116619560767106e+01
9.986019572598361549e+01
9.985122167969724671e+01
9.984424298094972983e+01
9.983925879334272224e+01
9.983726525763005100e+01
9.983626851962780790e+01
9.983726525763005100e+01
9.984025559105430148e+01
9.984424298094972983e+01
9.984922766622399593e+01
9.985421284924011331e+01
9.986119294181088435e+01
9.986617931971157702e+01
9.987016878058524583e+01
9.987415856021412708e+01
9.987715110414190178e+01
9.987914623305800887e+01
9.988014382740711028e+01
9.987914623305800887e+01
9.987914623305800887e+01
9.987715110414190178e+01
9.987515605493132398e+01
9.987415856021412708e+01
9.987216363055289037e+01
9.987016878058524583e+01
9.986817401030639019e+01
9.986717665504879449e+01
9.986717665504879449e+01
9.986518200429419778e+01
9.986518200429419778e+01
9.986518200429419778e+01
9.986518200429419778e+01
9.986617931971157702e+01
9.986617931971157702e+01
9.986817401030639019e+01
9.986917138548500361e+01
9.987116619560767106e+01
9.987316108542151483e+01
9.987515605493132398e+01
9.987715110414190178e+01
9.988014382740711028e+01
9.988413440409124178e+01
9.988812529966438092e+01
9.989511013435891584e+01
9.991107913956578557e+01
9.994503023337163938e+01
9.998600195972562688e+01
9.997200783780542110e+01
9.989012086704623528e+01
9.982729877312249300e+01
9.980139522350522441e+01
9.979741125515204203e+01
9.979840721742081655e+01
9.980438340851929979e+01
9.981633793819372613e+01
9.983228176663206455e+01
9.985421284924011331e+01
9.988114144168439168e+01
9.991008092716555211e+01
9.994403134244822695e+01
9.998000399920015013e+01
1.000150022503375453e+02
1.000487237284557551e+02
1.000787619856827320e+02
1.001029057871491830e+02
1.001199436925436714e+02
1.001281640499839796e+02
1.001270612407144682e+02
1.001167361143092904e+02
1.000978957420357176e+02
1.000716513023324694e+02
1.000396156878123861e+02
1.000034001156039238e+02
9.996601155607092437e+01
9.992705325112667936e+01
9.989211651416469806e+01
9.985919853007260372e+01
9.983327842503020122e+01
9.981235277677966167e+01
9.980139522350522441e+01
9.979840721742081655e+01
9.980338732696588977e+01
9.981633793819372613e+01
9.983626851962780790e+01
9.986019572598361549e+01
9.988612981201430330e+01
9.991207737191271576e+01
9.993604093380236009e+01
9.995701848205271745e+01
9.997300728803223535e+01
9.998400255959046490e+01
9.998800143982721522e+01
9.998800143982721522e+01
9.998200323941691181e+01
9.997200783780542110e+01
9.996001599360255341e+01
9.994602914426209850e+01
9.993004896572398366e+01
9.991507218863965534e+01
9.990009990009990304e+01
9.988612981201430330e+01
9.987316108542151483e+01
9.986119294181088435e+01
9.985221871629987334e+01
9.984324610361731800e+01
9.983427510332846566e+01
9.982729877312249300e+01
9.981932701809724051e+01
9.981334903730024166e+01
9.980737177247911518e+01
9.980139522350522441e+01
9.979641531276196531e+01
9.979143589897115874e+01
9.978844848920289223e+01
9.978546125829467428e+01
9.978546125829467428e+01
9.978546125829467428e+01
9.978745272569426561e+01
9.979143589897115874e+01
9.980239126529471605e+01
9.983228176663206455e+01
9.989511013435891584e+01
9.997400675824285088e+01
9.996401295533608788e+01
9.984623679533517304e+01
9.973967943667030056e+01
9.969195186872563852e+01
9.968300803445043812e+01
9.968698287377634415e+01
9.970089730807576700e+01
9.972873783309398732e+01
9.976853699417351606e+01
9.982231627702688570e+01
9.989012086704623528e+01
9.997200783780542110e+01
1.000633400942796811e+02
1.001636674325848446e+02
1.002675137266226244e+02
1.003706688801744917e+02
1.004675760991655125e+02
1.005521317554692757e+02
1.006185019313721511e+02
1.006617503467797263e+02
1.006781681405950479e+02
1.006653982826482974e+02
1.006236654786365818e+02
1.005549628399134861e+02
1.004637406267329993e+02
1.003559625993398612e+02
1.002387687471557314e+02
1.001211465873707311e+02
1.000113012770443106e+02
9.991706883286872198e+01
9.984523987818880641e+01
9.980139522350522441e+01
9.978844848920289223e+01
9.980537950995558560e+01
9.984823068935217805e+01
9.991507218863965534e+01
9.999900000999990368e+01
1.000898807128801735e+02
1.001807260297576789e+02
1.002644977450514432e+02
1.003350186271962059e+02
1.003886042871957471e+02
1.004229815984928393e+02
1.004376066521835611e+02
1.004337734676065992e+02
1.004135028045491254e+02
1.003800388269990265e+02
1.003369314156938970e+02
1.002879266373759037e+02
1.002363573305855198e+02
1.001856439983289135e+02
1.001378898743569863e+02
1.000948899556779850e+02
1.000576331967213122e+02
1.000260067617580546e+02
1.000001000000999909e+02
9.997800483893544765e+01
9.995801763259431993e+01
9.994103478947421593e+01
9.992206079258177454e+01
9.990209594597295961e+01
9.988014382740711028e+01
9.985520994557890617e+01
9.982829533202890104e+01
9.979840721742081655e+01
9.976853699417351606e+01
9.974067424695790862e+01
9.971580994166626510e+01
9.969592742136484276e+01
9.968201437414647614e+01
9.967406580481824108e+01
9.967505930666030167e+01
9.968897041231358003e+01
9.974166907709032159e+01
9.984723373238945499e+01
9.996601155607092437e+01
9.996101520407042074e+01
9.982231627702688570e+01
9.969195186872563852e+01
9.963334927466921442e+01
9.962441595186147936e+01
9.963334927466921442e+01
9.965519303210891167e+01
9.969592742136484276e+01
9.975460367495959702e+01
9.983327842503020122e+01
9.993304485994383413e+01
1.000511261254501107e+02
1.001857443700620962e+02
1.003324012453257694e+02
1.004856471325918221e+02
1.006378426466947502e+02
1.007809515939011362e+02
1.009060352908767868e+02
1.010046936881156938e+02
1.010693133350851980e+02
1.010945507004336008e+02
1.010770773360934101e+02
1.010178559162117438e+02
1.009200884463655115e+02
1.007898903708362326e+02
1.006365260271215476e+02
1.004705033672689183e+02
1.003039208802672135e+02
1.001485202555389691e+02
1.000158024967945067e+02
9.991607050077934105e+01
9.985520994557890617e+01
9.984025559105430148e+01
9.987016878058524583e+01
9.994103478947421593e+01
1.000455207119239276e+02
1.001734001556694551e+02
1.003126746067492405e+02
1.004505205848229394e+02
1.005759987448115282e+02
1.006802967652427441e+02
1.007576978881186562e+02
1.008055370465389018e+02
1.008234249112501857e+02
1.008133622062802601e+02
1.007790218388140318e+02
1.007255259635152100e+02
1.006579000346263228e+02
1.005824731017321199e+02
1.005042297205077944e+02
1.004278225239520310e+02
1.003567683113468405e+02
1.002933580723616558e+02
1.002386682691488460e+02
1.001926705053818552e+02
1.001541372171772366e+02
1.001214473155938265e+02
1.000924854565618745e+02
1.000651424077074125e+02
1.000366134005045922e+02
1.000053002809148950e+02
9.996900960702183170e+01
9.992905037423429349e+01
9.988413440409124178e+01
9.983626851962780790e+01
9.978745272569426561e+01
9.974067424695790862e+01
9.969890929393233137e+01
9.966313859156052501e+01
9.963732015463712344e+01
9.962243098656092855e+01
9.961746891934970449e+01
9.963037132239391269e+01
9.969195186872563852e+01
9.982231627702688570e+01
9.996301368493656980e+01
9.995801763259431993e+01
9.979541939024998953e+01
9.963235660413076289e+01
9.955994504291034275e+01
9.955201592832254676e+01
9.956688405436351275e+01
9.960258568312434591e+01
9.966313859156052501e+01
9.975161847000967441e+01
9.987016878058524583e+01
1.000196038423531064e+02
1.001954813841805390e+02
1.003965664374278361e+02
1.006163759188790578e+02
1.008463021677921034e+02
1.010751362240148410e+02
1.012906454037343735e+02
1.014790572595580613e+02
1.016271523360525322e+02
1.017235012822247313e+02
1.017605594388515584e+02
1.017343674970904033e+02
1.016464695131744094e+02
1.015025421311676723e+02
1.013129140532156214e+02
1.010904628224659376e+02
1.008511839929000757e+02
1.006113143459660932e+02
1.003878988411220945e+02
1.001971880661141086e+02
1.000535286378212305e+02
9.996801023672423980e+01
9.995002498750625364e+01
1.000016000256004105e+02
1.001149319418692585e+02
1.002816912707796178e+02
1.004842335213393341e+02
1.007030076967308787e+02
1.009178478259772476e+02
1.011110077531920695e+02
1.012692069709671330e+02
1.013840956741433956e+02
1.014519807484721383e+02
1.014732907077863473e+02
1.014514661258627228e+02
1.013929361569238097e+02
1.013056269197416270e+02
1.011984937616188631e+02
1.010804489184897363e+02
1.009599269857808110e+02
1.008439631274133319e+02
1.007376007124163095e+02
1.006440210909610613e+02
1.005641649654562002e+02
1.004969574546130531e+02
1.004406330572220298e+02
1.003926355978230873e+02
1.003493159688876943e+02
1.003068386193365598e+02
1.002618840411154082e+02
1.002111448822669360e+02
1.001528332234990586e+02
1.000859738515384834e+02
1.000115013226521086e+02
9.993304485994383413e+01
9.985122167969724671e+01
9.977251865746099213e+01
9.970089730807576700e+01
9.963930571331778197e+01
9.959266599607605031e+01
9.956192751891676096e+01
9.954706087302771778e+01
9.955598032773828265e+01
9.962838611977323922e+01
9.979143589897115874e+01
9.995901680311072823e+01
9.995502024089159931e+01
9.976455564866913051e+01
9.955697147692767146e+01
9.946883641355162808e+01
9.946290033817385279e+01
9.948862844976818565e+01
9.954408807660912828e+01
9.963732015463712344e+01
9.977052778609197503e+01
9.995002498750625364e+01
1.001727980766822697e+02
1.004385145545451508e+02
1.007419645690510634e+02
1.010737059786107892e+02
1.014216269448864693e+02
1.017686371449419482e+02
1.020956145849711163e+02
1.023809718820898809e+02
1.026040918511830284e+02
1.027473617046198342e+02
1.027996455468221484e+02
1.027565471334006162e+02
1.026216759556387075e+02
1.024060296670267860e+02
1.021255388398743094e+02
1.018004426283245607e+02
1.014524953763025223e+02
1.011048740637688610e+02
1.007805453235307453e+02
1.005022095410767520e+02
1.002910446114624534e+02
1.001662760181902030e+02
1.001419010738216144e+02
1.002237997448302167e+02
1.004070501814355367e+02
1.006748233408537487e+02
1.010000010100000054e+02
1.013496736033761607e+02
1.016900892838983879e+02
1.019919018429936699e+02
1.022352719867176063e+02
1.024073929945150638e+02
1.025043871877716413e+02
1.025277183686609703e+02
1.024846375528308329e+02
1.023853744540299999e+02
1.022432161626076095e+02
1.020725838143503807e+02
1.018878805384978250e+02
1.017024998474462478e+02
1.015270686394053001e+02
1.013691936992964031e+02
1.012329156800675349e+02
1.011181646648640680e+02
1.010228564212653168e+02
1.009431114906572162e+02
1.008738703387445526e+02
1.008100084176357001e+02
1.007459228125037782e+02
1.006754314697304267e+02
1.005943111905135510e+02
1.004990784234508538e+02
1.003890074036893054e+02
1.002659051805387946e+02
1.001334779260754573e+02
9.999700008999730017e+01
9.986418470879604570e+01
9.974067424695790862e+01
9.963533467508918307e+01
9.955201592832254676e+01
9.949456759660921534e+01
9.946388963486806745e+01
9.946290033817385279e+01
9.954805184462540524e+01
9.975758905858762660e+01
9.995601935148535233e+01
9.995202302894611535e+01
9.973172166871115962e+01
9.946487895124231216e+01
9.935321059900050500e+01
9.935222350276198711e+01
9.939369843951892847e+01
9.948170034122223626e+01
9.962441595186147936e+01
9.982929191083248099e+01
1.000993987029119836e+02
1.004374048983322325e+02
1.008396921162520243e+02
1.012992643647421858e+02
1.018031371654748796e+02
1.023320449728871182e+02
1.028608693594956520e+02
1.033588526340486879e+02
1.037923654487670575e+02
1.041277272353359535e+02
1.043383902673149635e+02
1.044075653721868662e+02
1.043315322233153779e+02
1.041197043416875516e+02
1.037917190814847999e+02
1.033744522446211818e+02
1.028977021914123640e+02
1.023929226011897953e+02
1.018897491780044504e+02
1.014179239953793967e+02
1.010074482892368621e+02
1.006893190784107901e+02
1.004956445187665537e+02
1.004535477681733084e+02
1.005792358190820863e+02
1.008702072781889285e+02
1.013018298149519438e+02
1.018291571498833576e+02
1.023949146589583847e+02
1.029408131500712358e+02
1.034187123749797053e+02
1.037961360850380998e+02
1.040564318841394140e+02
1.041955375135193833e+02
1.042185588240811569e+02
1.041379202615944450e+02
1.039710710891801568e+02
1.037402510099113329e+02
1.034690053421047509e+02
1.031807530750443789e+02
1.028968551634156370e+02
1.026341042865133630e+02
1.024039323110007444e+02
1.022105066268182014e+02
1.020513338619592361e+02
1.019207993852137264e+02
1.018111179777053934e+02
1.017146030638472638e+02
1.016227114565379992e+02
1.015268624849105663e+02
1.014178211395306448e+02
1.012879779273238370e+02
1.011326860841424065e+02
1.009507542030846565e+02
1.007455168245013084e+02
1.005234254764558983e+02
1.002937604242827234e+02
1.000675455932754545e+02
9.985720419799686454e+01
9.967406580481824108e+01
9.952625502607587293e+01
9.942037918932624052e+01
9.936110807507725440e+01
9.934334051916829367e+01
9.944212965264864579e+01
9.971680427585657469e+01
9.995202302894611535e+01
9.994902599674166765e+01
9.969493350347934779e+01
9.935222350276198711e+01
9.920634920634920206e+01
9.921520770703732239e+01
9.928120408244311079e+01
9.941939075797343150e+01
9.964029852233437623e+01
9.995601935148535233e+01
1.003680496380226401e+02
1.008822149699118853e+02
1.014939915556999068e+02
1.021927498331703390e+02
1.029591488984915486e+02
1.037653326249619852e+02
1.045723201251521459e+02
1.053324555628703081e+02
1.059903633561636553e+02
1.064925300814774261e+02
1.067958469231048610e+02
1.068771148309097185e+02
1.067364580787224071e+02
1.063957688530642542e+02
1.058929422353999996e+02
1.052731311387394584e+02
1.045812878976442022e+02
1.038585529595533217e+02
1.031408450123150260e+02
1.024601711699619528e+02
1.018514557628572135e+02
1.013587135552075580e+02
1.010366358841715879e+02
1.009413793033833429e+02
1.011149950504210011e+02
1.015657374078798796e+02
1.022598402087736957e+02
1.031205303695117976e+02
1.040458217799118614e+02
1.049312438024984147e+02
1.056940558719918073e+02
1.062844959617205660e+02
1.066813460198790011e+02
1.068831692142270100e+02
1.069012222016734341e+02
1.067562850093892166e+02
1.064793765419544656e+02
1.061071002627211897e+02
1.056787534979667385e+02
1.052323635820254708e+02
1.048023584722750599e+02
1.044163958801466805e+02
1.040905504516488946e+02
1.038280358538973331e+02
1.036200707932323581e+02
1.034520928875651720e+02
1.033096272175411485e+02
1.031795819988774099e+02
1.030502885408079123e+02
1.029087148245149166e+02
1.027405000996582771e+02
1.025325540859222855e+02
1.022774111132589354e+02
1.019744288922109945e+02
1.016295278495395138e+02
1.012545437976529143e+02
1.008647131861448258e+02
1.004783775555419396e+02
1.001155333254575908e+02
9.979541939024998953e+01
9.953616148746840508e+01
9.934827531394056166e+01
9.923785328675769790e+01
9.918765312093951536e+01
9.930782446348948156e+01
9.967108541812019951e+01
9.994902599674166765e+01
9.994702807512018694e+01
9.965320684019611974e+01
9.920930186414277330e+01
9.901480271300557945e+01
9.904029949786567499e+01
9.915028208255253617e+01
9.936999423654033592e+01
9.971580994166626510e+01
1.002012040176674788e+02
1.008345063747574812e+02
1.016193036029124102e+02
1.025506395057879701e+02
1.036125553550077001e+02
1.047767730849425334e+02
1.060020479595665819e+02
1.072312463273298135e+02
1.083885121183776050e+02
1.093835797745385605e+02
1.101265794904663409e+02
1.105491529171157765e+02
1.106204479685660971e+02
1.103526207643905366e+02
1.097962401375527435e+02
1.090249787128729082e+02
1.081162898813964262e+02
1.071377298372149340e+02
1.061389720016005782e+02
1.051511442547517703e+02
1.041931490920609065e+02
1.032905262962186441e+02
1.025012351398834483e+02
1.019227731148109086e+02
1.016752006051707866e+02
1.018628681324054241e+02
1.025307669198834759e+02
1.036357493590128911e+02
1.050458787875604685e+02
1.065714060391884317e+02
1.080191237056608600e+02
1.092438902623273549e+02
1.101718350110667615e+02
1.107827019457873661e+02
1.110825999104674366e+02
1.110916083620875412e+02
1.108438542625004146e+02
1.103914813101702634e+02
1.097987717909387442e+02
1.091318236036856035e+02
1.084521064652638671e+02
1.078153166751481393e+02
1.072667885932497001e+02
1.068308728402803638e+02
1.065054600024070197e+02
1.062650697151989903e+02
1.060749101015136944e+02
1.059059512790261692e+02
1.057403250246110673e+02
1.055632909989348605e+02
1.053565370570547799e+02
1.050965522025084340e+02
1.047611863994837336e+02
1.043381725377756482e+02
1.038279280513989704e+02
1.032429647662734027e+02
1.026040918511830284e+02
1.019373187427051164e+02
1.012725913833228333e+02
1.006427043097218927e+02
1.000821674594842392e+02
9.962342345932376020e+01
9.928909011477819035e+01
9.908642317829610136e+01
9.897854145221316458e+01
9.913160712161464971e+01
9.962044610035763981e+01
9.994602914426209850e+01
9.994503023337163938e+01
9.960953063989163070e+01
9.903245293482675038e+01
9.876543209876543017e+01
9.881911161618657502e+01
9.899911890784171931e+01
9.935024936912591897e+01
9.989511013435891584e+01
1.006497950770172167e+02
1.016226081848881080e+02
1.028188824821300784e+02
1.042309424144889363e+02
1.058336570079343488e+02
1.075863434199116426e+02
1.094300227833307417e+02
1.112839722146178048e+02
1.130312610558702175e+02
1.145197271682019959e+02
1.155965126844053401e+02
1.161527873765150645e+02
1.161526524619716270e+02
1.156403584851112925e+02
1.147266580009797678e+02
1.135568738246863489e+02
1.122663316639329878e+02
1.109549112527142256e+02
1.096720914138816312e+02
1.084133062155516711e+02
1.071349750696912935e+02
1.058074537118841789e+02
1.044939722652098766e+02
1.033763758103415569e+02
1.027181270787581013e+02
1.027734441642155190e+02
1.036825985347575170e+02
1.054036220900695042e+02
1.077055803338226667e+02
1.102284263679623280e+02
1.126008199591709342e+02
1.145652535042647031e+02
1.160236827541237687e+02
1.169753451065118952e+02
1.174438119442705641e+02
1.174544335525033176e+02
1.170554468240516144e+02
1.163365616729197711e+02
1.154158664499926203e+02
1.144070511353755677e+02
1.134071008722140022e+02
1.125041626540182023e+02
1.117746801288091518e+02
1.112584667693211316e+02
1.109375554687777310e+02
1.107444240182506832e+02
1.105962242449042776e+02
1.104364670048967412e+02
1.102444671058071179e+02
1.100110011001100077e+02
1.097126406516053123e+02
1.093105238706856426e+02
1.087641026254566725e+02
1.080520378614340586e+02
1.071802171042477738e+02
1.061751465217021888e+02
1.050751287170326833e+02
1.039247169350522455e+02
1.027717542110726185e+02
1.016700319447240304e+02
1.006792831232324517e+02
9.986019572598361549e+01
9.926247977526975319e+01
9.890022944853231479e+01
9.869427474512202991e+01
9.890512031807885762e+01
9.956490138096519615e+01
9.994403134244822695e+01
9.994303247149125013e+01
9.957481553765421722e+01
9.887284951552304335e+01
9.851925558850477671e+01
9.860765984301660581e+01
9.886991685039993172e+01
9.938184492456917951e+01
1.001654733619940174e+02
1.012284067154925111e+02
1.025836723723705148e+02
1.042328979872627315e+02
1.061633110213441427e+02
1.083401316765960445e+02
1.107043341853876797e+02
1.131890097999044684e+02
1.156924016701355242e+02
1.180562278201861943e+02
1.200491721409089223e+02
1.214355626473924161e+02
1.220680773667474313e+02
1.219213339169301378e+02
1.210845787891299778e+02
1.197578974345463081e+02
1.181822157038164534e+02
1.165718548913550308e+02
1.150607635892514793e+02
1.136837749379570823e+02
1.123556370508442939e+02
1.108916688198132476e+02
1.091231301751644480e+02
1.071000936054818169e+02
1.051295879866317335e+02
1.037129226301597242e+02
1.033550068782757023e+02
1.043602767217097522e+02
1.067121972041404234e+02
1.100478047663905272e+02
1.137627954704205422e+02
1.172240867364462531e+02
1.200277023937124738e+02
1.220823836341239854e+02
1.234456647734216546e+02
1.241574365959010606e+02
1.242229852274026030e+02
1.236888976845438464e+02
1.226971282737127495e+02
1.214500160314021286e+02
1.201273349750735804e+02
1.188580122186036618e+02
1.177592764870052662e+02
1.169527721315578503e+02
1.165013706386255592e+02
1.163597097523399810e+02
1.163839506532049342e+02
1.164080661477195235e+02
1.163331782224290407e+02
1.161518429812925888e+02
1.158799576342874929e+02
1.154941126876057496e+02
1.149327528463096257e+02
1.141259379725527197e+02
1.130394383296388270e+02
1.116900378070777862e+02
1.101285199828199524e+02
1.084200060932043499e+02
1.066326579576220581e+02
1.048379572114361480e+02
1.031126619255464760e+02
1.015475851984239881e+02
1.002439938811066042e+02
9.929303360076256979e+01
9.872447972199186950e+01
9.839711106081924186e+01
9.868843075526255859e+01
9.952130253480757460e+01
9.994203362050011208e+01
9.994203362050011208e+01
9.955300699857637881e+01
9.875275273298242951e+01
9.832261616817099537e+01
9.844069932272799406e+01
9.878201772149398607e+01
9.944212965264864579e+01
1.004349839153373125e+02
1.017653230591063220e+02
1.034400006620160042e+02
1.054655407165539742e+02
1.078171765700337232e+02
1.104502504459428849e+02
1.132950622613014815e+02
1.162755544599814357e+02
1.192935910711132976e+02
1.221432227000736646e+02
1.245148589806964452e+02
1.261037228341055112e+02
1.267398208912851203e+02
1.264049914803035932e+02
1.252506578790805065e+02
1.235602145993807142e+02
1.216669343339221996e+02
1.198642657055150806e+02
1.183254114470369558e+02
1.170629833969570655e+02
1.158916413153701370e+02
1.144417474339299048e+02
1.123430146798617244e+02
1.096266445367013489e+02
1.067439777716340643e+02
1.044662453891210987e+02
1.035680219232788914e+02
1.045169071774895713e+02
1.073302250500158834e+02
1.115208884200055195e+02
1.162528452883884285e+02
1.206292989266405016e+02
1.241155217630361705e+02
1.266653324584980993e+02
1.284086064584392659e+02
1.293900424011168866e+02
1.295662381479283738e+02
1.289605393645598213e+02
1.277672795663067404e+02
1.262884579926702315e+02
1.247688656763345847e+02
1.233523213673358043e+02
1.221718738355493201e+02
1.213904548257561515e+02
1.211027617484816830e+02
1.212379853156552088e+02
1.215719742559187324e+02
1.218359211282980965e+02
1.218829947626877299e+02
1.217310644286004759e+02
1.214317286535164158e+02
1.209703271884439459e+02
1.202614001794300123e+02
1.192059927236662134e+02
1.177571964366672432e+02
1.159488850934953774e+02
1.138609802974959706e+02
1.115853488436968348e+02
1.092116773493889070e+02
1.068273349784742976e+02
1.045254284235997488e+02
1.024198743717821003e+02
1.006491872578128977e+02
9.935617200540497151e+01
9.859016070196194903e+01
9.815372836937210366e+01
9.852216748768474019e+01
9.949159793455442014e+01
9.994103478947421593e+01
9.994203362050011208e+01
9.953021737399475910e+01
9.861835682093864364e+01
9.808825981618259959e+01
9.824340786733209541e+01
9.869427474512202991e+01
9.955201592832254676e+01
1.008222050824473541e+02
1.024926205313217480e+02
1.045597459616412124e+02
1.070313152222077093e+02
1.098874532703605098e+02
1.130433996219828714e+02
1.164228384353701813e+02
1.199502446385239409e+02
1.235364024717163574e+02
1.269307757628222362e+02
1.296986581376829122e+02
1.314514740311040555e+02
1.319996092811565234e+02
1.313637527996899905e+02
1.297750738420170080e+02
1.276377945720751512e+02
1.253948369929816380e+02
1.234555708091771749e+02
1.220628623741226733e+02
1.212140312514015505e+02
1.205561496294706814e+02
1.193763302999807792e+02
1.169266530797895740e+02
1.132048986023723103e+02
1.089116998393552365e+02
1.052604986821385609e+02
1.034340091021928032e+02
1.041257756068710592e+02
1.073970813769165034e+02
1.125979038774214018e+02
1.185686862470995209e+02
1.240346999476573586e+02
1.282975682478914337e+02
1.314309146540212510e+02
1.336987766561935871e+02
1.351194320660031281e+02
1.355421278487566781e+02
1.349214487325479013e+02
1.335314940705339950e+02
1.318400253132848547e+02
1.301912118328188512e+02
1.287277960642763617e+02
1.275775448211809220e+02
1.269671980243903846e+02
1.270518879910555370e+02
1.277274602544075606e+02
1.286400304619592134e+02
1.293478668596536920e+02
1.296240125890840886e+02
1.295375380354596189e+02
1.292179985165773815e+02
1.286612157198273394e+02
1.277540581076558084e+02
1.263462189630513137e+02
1.243754796229433026e+02
1.219097404663535258e+02
1.190773883947177296e+02
1.160129145576485428e+02
1.128333237425008235e+02
1.096450351631627882e+02
1.065521018467610190e+02
1.036946400240571649e+02
1.012573120436459533e+02
9.947477319751710922e+01
9.843585427556132572e+01
9.785214540828808083e+01
9.833325138895717998e+01
9.945894334818586913e+01
9.994003597841296482e+01
9.994103478947421593e+01
9.950743818100403359e+01
9.846881000443110565e+01
9.780525018582997632e+01
9.801423166643797913e+01
9.860668750554661699e+01
9.973172166871115962e+01
1.013723792705649203e+02
1.034652584355225287e+02
1.060045200327341917e+02
1.090008545666998003e+02
1.124267539697886775e+02
1.161666852533363254e+02
1.201019425288184550e+02
1.241901251463890929e+02
1.283650908568112925e+02
1.323222151797398851e+02
1.354628086858753022e+02
1.372596925931924829e+02
1.375610427127037667e+02
1.364757325676134769e+02
1.343347541472496971e+02
1.316714638970013311e+02
1.290832251185629502e+02
1.271066335680992836e+02
1.261313986458533094e+02
1.261786664681455647e+02
1.266550650627069246e+02
1.262372831716864994e+02
1.234386553086645364e+02
1.182455202684646451e+02
1.117911740868058388e+02
1.060258745544262666e+02
1.027201318104731484e+02
1.028344252635389324e+02
1.064843654330452978e+02
1.127984506004825676e+02
1.201954859383300942e+02
1.268728011357653003e+02
1.319356945424800074e+02
1.357286729536187977e+02
1.387280029410336795e+02
1.408716574677474398e+02
1.417792157340902577e+02
1.412666818292905191e+02
1.397237382247819539e+02
1.378912837540626128e+02
1.362823006087730278e+02
1.349937565387600671e+02
1.340978699894330930e+02
1.339206198917653694e+02
1.347334836959011284e+02
1.363940150306204657e+02
1.383443501550840153e+02
1.398507512782358617e+02
1.405337189578581558e+02
1.405767865552361400e+02
1.402532412524053314e+02
1.395827313828042406e+02
1.383991098169256588e+02
1.364783402050177585e+02
1.337361466069133371e+02
1.303081004727577863e+02
1.264046719166740331e+02
1.222238382929729852e+02
1.179249454891939450e+02
1.136327480489257056e+02
1.094543372922967137e+02
1.055489177013978974e+02
1.021554806415364141e+02
9.967009199549491427e+01
9.825209522593068812e+01
9.748108866879825030e+01
9.811905766457019240e+01
9.942927595601248925e+01
9.993903718731573349e+01
9.994003597841296482e+01
9.948466941244355155e+01
9.830521804097361382e+01
9.746968692736558637e+01
9.773929021727444422e+01
9.851828499369482017e+01
1.000169028565827603e+02
1.021483848297390722e+02
1.047587719757713813e+02
1.078540389719784400e+02
1.114548875197275208e+02
1.154998486951981960e+02
1.198237632090720979e+02
1.242881396799828906e+02
1.288754457479479640e+02
1.336053538337388318e+02
1.380834023750345239e+02
1.414459167392755603e+02
1.430379837365812534e+02
1.428355134793874015e+02
1.411261300674865140e+02
1.383334416945293412e+02
1.351340394537341467e+02
1.322352518023664913e+02
1.303775865283447217e+02
1.301912118328188512e+02
1.318786241894410125e+02
1.345351809498183684e+02
1.357917063857407811e+02
1.326992080511263339e+02
1.253189366938859450e+02
1.155828844864652467e+02
1.066716731238586107e+02
1.011580574415913389e+02
1.002235988490321859e+02
1.040443062273638617e+02
1.114474347029480157e+02
1.203478051569034477e+02
1.282098949832750350e+02
1.339536279330821174e+02
1.384489289590855776e+02
1.424818050734921258e+02
1.457834328791207383e+02
1.475818710429610974e+02
1.474041394030427341e+02
1.458004371097104581e+02
1.439886882486511865e+02
1.427580279977044597e+02
1.420797635792734184e+02
1.418518187530941361e+02
1.425555360729656229e+02
1.446828335264849272e+02
1.480676432221295897e+02
1.518586742434021062e+02
1.547867812088847472e+02
1.561860613311425539e+02
1.564702808172129949e+02
1.561833780278100221e+02
1.553690091652178467e+02
1.537877145146382816e+02
1.510898108053389137e+02
1.471670345842531447e+02
1.422859663351403583e+02
1.368026484992749374e+02
1.310116325228516985e+02
1.251310748008538951e+02
1.193096742249345255e+02
1.136313277025222703e+02
1.082628361831720554e+02
1.034748938864963179e+02
9.996801023672423980e+01
9.802480027446944177e+01
9.701955914312324580e+01
9.787992091302390918e+01
9.939765023954834078e+01
9.993803841618196770e+01
9.993903718731573349e+01
9.946191106115912817e+01
9.812772304431447878e+01
9.706099312808167667e+01
9.739469198928658500e+01
9.843197858120146293e+01
1.004611165248490465e+02
1.032424318135359016e+02
1.064767688985617156e+02
1.102032809720811031e+02
1.144592999898131183e+02
1.191341331204803566e+02
1.239721161916261849e+02
1.288203278477343758e+02
1.337407969614091030e+02
1.388923611979188308e+02
1.437339197677260074e+02
1.469829543867797668e+02
1.478821793101000708e+02
1.468036442536649702e+02
1.443001443001442965e+02
1.408617357546526705e+02
1.372521569176459764e+02
1.341518384167936517e+02
1.325628778870537872e+02
1.335880411985519061e+02
1.379473978982334472e+02
1.444996914931586502e+02
1.490801753182861660e+02
1.458255255916506314e+02
1.351643598615916915e+02
1.205095142261481698e+02
1.071160398771593236e+02
9.853284592418881971e+01
9.591774094536525297e+01
9.951436987500994746e+01
1.077530472561764014e+02
1.179985556976782561e+02
1.267484954953584690e+02
1.328178230893159935e+02
1.380220338374818141e+02
1.434979637638941767e+02
1.485636862810349612e+02
1.518568293812593595e+02
1.523869898083581234e+02
1.508814494275557649e+02
1.493562744570899383e+02
1.490990688763148739e+02
1.498075721735430932e+02
1.509566120505644449e+02
1.532637515901114398e+02
1.576488875506250054e+02
1.639793189282967774e+02
1.710088668097440916e+02
1.764869911438827899e+02
1.791527151489744369e+02
1.798797324109100657e+02
1.797093740003666085e+02
1.787000287707046482e+02
1.765144053406198452e+02
1.725887624005025884e+02
1.667778519012675247e+02
1.596306784623095893e+02
1.517503645802509027e+02
1.435830577735149518e+02
1.354286859625458419e+02
1.274622520540541899e+02
1.196959722305344371e+02
1.122778022293880440e+02
1.054182892298350680e+02
1.003983807749148696e+02
9.772878308119308599e+01
9.644224556124564174e+01
9.761525921732085465e+01
9.936801939663737926e+01
9.993803841618196770e+01
9.993903718731573349e+01
9.944015194455216999e+01
9.793647840010969219e+01
9.656704166867848471e+01
9.695653438563491022e+01
9.834969216546352300e+01
1.011379025414943413e+02
1.047914859013534823e+02
1.087468341077920400e+02
1.131502035006409983e+02
1.180541372662675741e+02
1.232875361232480884e+02
1.284455519305366522e+02
1.333863321693152670e+02
1.383045521560296436e+02
1.436179074296415763e+02
1.485067644831222253e+02
1.510072181450273376e+02
1.504060210538348201e+02
1.479434382646826407e+02
1.445872323690329040e+02
1.407382283027392020e+02
1.371145880323645372e+02
1.340223870995411062e+02
1.327652749767992759e+02
1.352678438576224664e+02
1.435127912950881353e+02
1.565655774921325758e+02
1.673917519388149628e+02
1.641987593141746231e+02
1.486111544560311586e+02
1.267753300278778994e+02
1.073748251132535927e+02
9.487846069185373210e+01
8.980126978995483000e+01
9.256259545517656306e+01
1.010392901383631994e+02
1.121234613858011357e+02
1.210727041588474009e+02
1.268367547547928496e+02
1.327513514087573583e+02
1.401634024946282295e+02
1.476529093529258887e+02
1.532181949670887207e+02
1.550051151688005575e+02
1.538156273601085218e+02
1.529187603793608616e+02
1.545475620122092550e+02
1.579212509889818250e+02
1.615754250241555212e+02
1.665867050482434877e+02
1.746883559729442652e+02
1.859233698238933812e+02
1.986361640973078693e+02
2.087460416531851308e+02
2.136679087894430893e+02
2.151935235357156557e+02
2.152986946440143754e+02
2.139843021115970885e+02
2.108134659209491701e+02
2.048475115124301453e+02
1.959036545826762392e+02
1.851173088386110237e+02
1.735180259201227102e+02
1.617730324354930076e+02
1.502932220762708084e+02
1.392912859371517698e+02
1.285952003127435432e+02
1.183104323773061708e+02
1.082940226031283970e+02
1.009965327890293594e+02
9.731981236740175234e+01
9.572217595650384681e+01
9.732549538677150736e+01
9.933741941251849994e+01
9.993703966501105640e+01
9.993803841618196770e+01
9.942037918932624052e+01
9.773355877207556830e+01
9.596468499592150181e+01
9.638275519744007624e+01
9.825692220016900080e+01
1.021645605442510316e+02
1.069993633537880555e+02
1.117223565373219714e+02
1.167823200909967909e+02
1.222328021503194577e+02
1.278107174399001877e+02
1.328956636144962715e+02
1.374419307842436524e+02
1.418572518845735715e+02
1.469546586096325882e+02
1.513823479099395968e+02
1.521092996583625165e+02
1.488285703229877583e+02
1.444521004057659468e+02
1.404330674935365835e+02
1.368120066217011015e+02
1.340062232490076894e+02
1.312647754912912319e+02
1.301835848914138580e+02
1.339095012808443812e+02
1.469570341719191617e+02
1.700200283593407278e+02
1.919802183583003625e+02
1.890902489940398823e+02
1.662634777331637679e+02
1.344633634396803927e+02
1.077485192659739823e+02
9.080260421868898391e+01
8.232010997966692400e+01
8.343136518742855401e+01
9.117931323741268557e+01
1.022323454962562579e+02
1.102844677561301694e+02
1.149426608536331713e+02
1.216913639289760454e+02
1.314927849908875430e+02
1.417743915751985639e+02
1.503822717347497360e+02
1.541715744617870314e+02
1.535336538092467151e+02
1.535605312580139525e+02
1.582821949941672983e+02
1.662397076840980219e+02
1.740689487105842659e+02
1.833372139710290583e+02
1.972612251500171681e+02
2.163574918108689076e+02
2.389497679797753165e+02
2.575427842950409740e+02
2.664606037997282328e+02
2.693776836751736141e+02
2.700389126073067132e+02
2.681123283410818203e+02
2.632140008791347441e+02
2.537671736934797195e+02
2.394917028099561378e+02
2.228020025443988743e+02
2.054193739228321363e+02
1.882693154904227413e+02
1.719093281439637337e+02
1.566178071314352280e+02
1.418043468704489669e+02
1.275609454307031569e+02
1.125774955334878626e+02
1.017842784003582750e+02
9.672863748041244492e+01
9.481908518546613607e+01
9.701108836740039010e+01
9.930979691146531252e+01
9.993703966501105640e+01
9.993803841618196770e+01
9.940061429579635899e+01
9.752006475332299829e+01
9.523356030665206617e+01
9.560412244976002683e+01
9.812290875550714020e+01
1.037287369055435846e+02
1.101752337092145098e+02
1.155717972454617950e+02
1.211461883169038884e+02
1.268623391385539634e+02
1.323572427868611499e+02
1.367390472023190853e+02
1.402426197321366033e+02
1.435224720310582427e+02
1.480060623283129644e+02
1.513259940226232345e+02
1.488567060690367612e+02
1.414883441902055949e+02
1.348843232044198999e+02
1.308032496759349499e+02
1.285649452249050739e+02
1.279809973815087858e+02
1.260911613878601969e+02
1.247531447148953987e+02
1.284764110885420791e+02
1.459828440961618128e+02
1.826687539616285960e+02
2.231196590731609604e+02
2.203162419336715914e+02
1.875644752883803790e+02
1.433332138889884106e+02
1.091475467451655703e+02
8.791672527781685176e+01
7.474511914371991850e+01
7.326866152809120081e+01
7.907201088030869585e+01
8.908289163066233129e+01
9.489916963226572477e+01
9.779377249256768323e+01
1.058229053678668805e+02
1.182455202684646451e+02
1.307887082260866123e+02
1.428430626123996205e+02
1.496325025736790337e+02
1.497929860932191559e+02
1.507408914816322181e+02
1.598698020332241470e+02
1.750127321762658141e+02
1.892720596585532178e+02
2.047539778579048289e+02
2.271870158076725659e+02
2.579679861729159143e+02
2.971291382660731983e+02
3.309943068979213763e+02
3.466384734041631077e+02
3.516916367728775867e+02
3.532146061303927240e+02
3.497139340019863312e+02
3.416887625399775743e+02
3.264400084874402523e+02
3.032931570997894823e+02
2.774140571251026586e+02
2.514945061025142081e+02
2.265323782728265485e+02
2.032479014654173568e+02
1.821148634866983400e+02
1.615981409749862223e+02
1.421163108311103827e+02
1.190059669591833398e+02
1.027449336473218580e+02
9.583501044601612762e+01
9.369436896842499607e+01
9.667626984280438762e+01
9.928416119776412074e+01
9.993604093380236009e+01
9.993803841618196770e+01
9.938382031405286909e+01
9.730087376184637549e+01
9.435119401436024589e+01
9.451617171698077868e+01
9.787225712999394034e+01
1.061264687903280475e+02
1.147788040278177846e+02
1.204334641240753854e+02
1.261866274983375007e+02
1.316097717623338212e+02
1.363157399695470531e+02
1.391505692649788557e+02
1.409566445552677010e+02
1.424994691894772814e+02
1.461326007218950451e+02
1.477124511256427297e+02
1.403948183080458989e+02
1.277605868810318981e+02
1.192332823014885008e+02
1.160306831538532037e+02
1.168231122845343748e+02
1.204060573879350642e+02
1.200589729675216546e+02
1.179609737914308454e+02
1.193823158975460927e+02
1.385544338804386086e+02
1.901466030309368591e+02
2.578116943384551973e+02
2.529186815854966142e+02
2.087499634687563912e+02
1.524892342600612380e+02
1.136013795751535582e+02
8.946464357286001245e+01
6.929478695317750692e+01
6.420710644254106114e+01
6.686056229732892575e+01
7.512922226229113676e+01
7.738800021668640738e+01
7.837420548149194133e+01
8.864069494304835928e+01
1.036247953410292126e+02
1.163540234057753509e+02
1.314725583902499864e+02
1.427390772489612232e+02
1.440675158006048093e+02
1.453587672413667917e+02
1.599833617303800395e+02
1.854403373530616932e+02
2.088720491601254707e+02
2.325538129523171449e+02
2.659517882598242977e+02
3.112249502818141877e+02
3.753049352598986275e+02
4.344180752672756967e+02
4.594004823705064950e+02
4.664788311906405625e+02
4.684872079567867331e+02
4.605132881109284426e+02
4.471691954084666918e+02
4.237934600193249821e+02
3.877652314182901137e+02
3.498754443418142728e+02
3.136625116839285852e+02
2.791603971894131178e+02
2.472817553048118668e+02
2.192150784899588416e+02
1.913026177850217948e+02
1.657522666622466261e+02
1.287226593071631555e+02
1.037629638853004224e+02
9.444832732012316967e+01
9.230201218386561379e+01
9.632704959879784212e+01
9.925952395132313200e+01
9.993604093380236009e+01
9.993703966501105640e+01
9.936900680677696585e+01
9.708172339475370904e+01
9.330360058594661155e+01
9.296790747833848911e+01
9.733402116041619934e+01
1.098338652953542436e+02
1.215055017691201016e+02
1.263154171756125237e+02
1.316702502919787889e+02
1.358317316508309602e+02
1.387678524842220895e+02
1.392015122852294553e+02
1.389778733327866860e+02
1.384052394687453500e+02
1.413453533421815678e+02
1.407723050197996315e+02
1.270394597265856760e+02
1.090000228900048143e+02
9.979243174197668509e+01
9.824051242251279348e+01
1.041025785167672808e+02
1.140448515592212004e+02
1.161785618023477440e+02
1.133800988447701741e+02
1.097465951118866627e+02
1.252676029167308798e+02
1.864784477534009000e+02
2.864886235367593486e+02
2.722155075730353815e+02
2.202429720467619916e+02
1.601947968729975571e+02
1.250551805984390512e+02
1.018298829974644235e+02
6.935678517429359147e+01
5.930002253400856205e+01
5.769574724647046793e+01
6.432978018514110374e+01
6.167357410696664743e+01
6.127488526277735303e+01
7.541136901799315240e+01
9.292125852552547371e+01
1.017890442415901902e+02
1.184977331383650636e+02
1.367444697117836938e+02
1.401335472705488314e+02
1.404810069678579509e+02
1.612185543209797061e+02
2.001236764320349835e+02
2.355401878668538416e+02
2.683151952261360407e+02
3.121653977143249676e+02
3.671408903166590108e+02
4.587597887869932265e+02
5.501124980058422125e+02
5.810305157226857773e+02
5.861905236439947657e+02
5.858985926715804453e+02
5.666685555618519174e+02
5.467558243164185114e+02
5.177805852991735946e+02
4.697702823319397112e+02
4.234973256143887852e+02
3.822308521454618244e+02
3.417705079393288656e+02
3.032931570997894823e+02
2.705488624773077504e+02
2.349320459057217931e+02
2.055092931302353634e+02
1.434707879128730497e+02
1.045083873206244220e+02
9.228667934070396939e+01
9.061089867889310767e+01
9.597389510053265838e+01
9.923883811168339264e+01
9.993604093380236009e+01
9.993703966501105640e+01
9.935518485032142166e+01
9.687106461300008675e+01
9.209290332087009290e+01
9.076222113307557038e+01
9.616679168349585893e+01
1.156065354686631252e+02
1.313592662796822594e+02
1.328769453184794713e+02
1.370929709691924643e+02
1.384811388688860632e+02
1.385870770322408987e+02
1.361891285666230544e+02
1.343605646368368127e+02
1.315611173748820875e+02
1.344742125526298366e+02
1.316886301353627289e+02
1.103188988408793278e+02
8.874138099337102403e+01
8.100839246945983518e+01
8.060290976504251148e+01
9.432093641825676400e+01
1.122653233746507055e+02
1.181777464212823929e+02
1.164590396088839697e+02
1.058094688893709190e+02
1.124923927019435297e+02
1.676482471537518961e+02
2.933773008114816321e+02
2.551729945316427006e+02
2.085623173776208716e+02
1.651893234836446140e+02
1.507865781851025986e+02
1.392844955463782526e+02
8.097559395598166532e+01
6.324270653486887284e+01
5.574602112774201146e+01
6.200435270555993128e+01
5.195722880924423492e+01
5.130757351092594831e+01
7.222928464116490943e+01
9.293507555621643235e+01
9.126252578166352691e+01
1.066984201164933239e+02
1.364088993165914303e+02
1.440830840695979020e+02
1.417846433052836232e+02
1.689169215904541659e+02
2.226516925981671307e+02
2.716881888993639791e+02
3.107269145438839359e+02
3.558313643997836948e+02
3.970034181994307119e+02
4.958890795306905943e+02
6.051217504961998657e+02
6.238186434439779759e+02
6.189114585267431039e+02
6.126062106017631095e+02
5.747489783836908828e+02
5.532258599895993711e+02
5.324983758799535281e+02
4.862607038137426798e+02
4.483621331276845581e+02
4.216509320593852976e+02
3.911766201557665568e+02
3.575719434750271830e+02
3.322115656134452593e+02
2.941323536765073641e+02
2.744636294521431523e+02
1.657783708959491946e+02
1.042395257518536340e+02
8.897747090436701001e+01
8.861712969116931049e+01
9.562880722188751292e+01
9.922012977992974925e+01
9.993604093380236009e+01
9.993703966501105640e+01
9.934531437824735178e+01
9.667907381447285786e+01
9.076469253460403763e+01
8.769775844529414144e+01
9.372861815898247073e+01
1.246012759170653794e+02
1.456783073346114179e+02
1.390544022537937394e+02
1.417103016303770175e+02
1.381333760625909974e+02
1.348428541377878389e+02
1.301232787943297637e+02
1.281579726433991482e+02
1.229183772807504766e+02
1.269473726971746572e+02
1.220829798013709961e+02
9.218034162034604151e+01
7.198335744775808109e+01
6.844064826982041438e+01
6.559828919661775615e+01
9.245647611386939957e+01
1.166678722346797485e+02
1.279606904758858121e+02
1.326170245779131562e+02
1.160094153241477244e+02
1.156454403315786124e+02
1.369506566783987580e+02
2.695119946313210448e+02
1.923779842634808972e+02
1.709693964780304327e+02
1.726173625447941902e+02
2.032445967423956290e+02
2.372422955564517792e+02
1.189182246936071863e+02
8.674606823445726889e+01
6.883402052630492562e+01
7.773571411913775364e+01
5.295319996187369327e+01
5.446801093717659370e+01
8.785493393308968280e+01
1.131605748557202702e+02
8.958165367732688367e+01
9.838355813976369291e+01
1.469563862836787393e+02
1.639709836947253905e+02
1.585743531355699929e+02
1.925124218640207800e+02
2.541547955197592614e+02
3.140417487100734775e+02
3.488696622941669148e+02
3.729993248712219724e+02
3.633311654573794272e+02
4.265229000145017721e+02
5.123187032188983494e+02
5.010948923397623957e+02
4.864712349558770370e+02
4.796462129533256302e+02
4.306780595369349953e+02
4.183172769218541589e+02
4.173361433966988443e+02
3.897025011106521220e+02
3.754035588257376617e+02
3.841175092284231596e+02
3.862525009849438788e+02
3.753359256534598103e+02
3.834267616542563815e+02
3.581507958110682921e+02
3.944539770822239575e+02
1.988352232621304552e+02
1.015379960258028404e+02
8.413825598222999247e+01
8.638711795297085416e+01
9.531071292413267315e+01
9.920339672430384326e+01
9.993504222255533875e+01
9.993703966501105640e+01
9.933643263003138202e+01
9.651764342521812523e+01
8.942544153811759600e+01
8.372825158665037293e+01
8.901945074998886298e+01
1.383715331012381284e+02
1.658196048518816212e+02
1.426468406577731116e+02
1.449000262269047425e+02
1.333004525550364292e+02
1.276213423723276179e+02
1.221080240845866598e+02
1.224607758135069275e+02
1.135883467443308206e+02
1.203062515940578407e+02
1.131239635016844147e+02
7.391037627772563212e+01
6.472450016504747339e+01
6.900835001035125060e+01
5.338429754272078043e+01
1.050246965573954725e+02
1.201127618608349650e+02
1.369467181403731217e+02
1.551089795690452036e+02
1.437876543919938968e+02
1.712886041691646426e+02
1.052778968002888718e+02
2.310386573881541779e+02
1.120804827530553069e+02
1.308422709507915442e+02
2.095087647991753670e+02
2.940199286707652959e+02
4.667422789158511023e+02
2.258605852951207282e+02
1.628746728255009657e+02
1.197154602939732797e+02
1.375158315101026005e+02
7.526946468356716480e+01
8.751433047161472700e+01
1.369116563846012866e+02
1.638170687556619498e+02
1.044456235194832772e+02
9.492439272119757732e+01
1.703693607741583662e+02
2.057253361037678587e+02
2.069553555906919939e+02
2.480226395065341762e+02
2.819896058631279061e+02
3.420967107401262410e+02
3.553079453962749312e+02
3.357225588773437721e+02
2.724572923194289160e+02
2.830039167742081645e+02
3.162495335319380274e+02
2.905177898568618957e+02
2.743740156832187154e+02
2.770175185878754860e+02
2.424130767310111878e+02
2.424406990050233617e+02
2.462271839735650190e+02
2.381440009144729970e+02
2.383011984167268622e+02
2.735746078991932109e+02
3.143309779465386100e+02
3.236476383431830186e+02
3.895840800361534093e+02
3.884158846560188749e+02
5.887686492469649693e+02
2.452753829361916473e+02
9.420897434689628369e+01
7.766688672284571737e+01
8.410428931875526359e+01
9.504167577482725449e+01
9.919257246017417629e+01
9.993504222255533875e+01
9.993703966501105640e+01
9.933149901165158724e+01
9.639947944281099979e+01
8.826904404625297218e+01
7.928453634403145145e+01
8.110036981768637077e+01
1.580807729517474343e+02
1.917240400856622955e+02
1.405846917329172072e+02
1.470384976194467299e+02
1.234095593044637269e+02
1.190867475503855957e+02
1.144105852673489352e+02
1.198874017522742577e+02
1.044118169117908081e+02
1.158159406744425439e+02
1.050123442010608272e+02
5.608021714260078028e+01
7.601845728142792780e+01
9.536615836504257970e+01
4.153324112953802683e+01
1.372197629391375528e+02
9.802960494069209574e+01
1.167238418952216676e+02
1.347225927093521705e+02
1.434917865301390236e+02
3.508747307036441612e+02
8.279379377721845401e+01
2.130138693330322894e+02
5.376286276491650540e+01
1.278020601692099376e+02
3.709914375176221029e+02
3.660080960990857193e+02
7.985944737262418585e+02
4.880405659318402627e+02
3.774809938319605749e+02
2.578708634290119903e+02
2.910039052724087583e+02
1.483604684630152235e+02
2.015661691341725259e+02
1.995458336825385288e+02
2.080806021020302694e+02
1.508293350990420834e+02
9.745258931529809843e+01
1.912254299225728289e+02
2.482097869118979645e+02
3.094078552466289693e+02
3.556314235925886464e+02
2.659730090590406917e+02
3.198137404775458776e+02
3.015899823871450280e+02
2.443685272886334587e+02
1.876975516731359619e+02
1.715925158208299592e+02
1.526354028658823268e+02
1.419075784323185871e+02
1.184936611815950869e+02
1.272630552805259470e+02
1.297683375637811309e+02
1.362663298162993613e+02
1.171422446562636566e+02
1.234008788610592404e+02
1.220929664683876865e+02
1.540772697507800046e+02
2.267414308744736786e+02
2.211435332102300890e+02
3.462160318795721992e+02
3.329216202629414738e+02
8.433267553846413875e+02
3.036191401505951148e+02
8.036905469917863343e+01
7.035663779699295617e+01
8.211866146581810710e+01
9.484156716205578164e+01
9.918470175160183544e+01
9.993504222255533875e+01
9.993703966501105640e+01
9.932755246977959018e+01
9.633632939317746491e+01
8.756567425569177487e+01
7.579375004737110544e+01
7.131192549330025088e+01
1.802812026198464537e+02
2.172113966475592974e+02
1.322258099491988617e+02
1.497855819394536638e+02
1.112977202887953183e+02
1.136899787968189628e+02
1.100085806692922148e+02
1.217398079432790041e+02
9.668187794879727903e+01
1.140657954321211633e+02
9.834292176820572706e+01
4.106995445342050743e+01
1.151303102416470097e+02
1.590631814863181717e+02
2.880317065302548230e+01
1.735490432241246879e+02
4.650319244416129294e+01
6.976614388569514347e+01
6.106646474022326032e+01
4.746309744173904477e+01
5.725114359159324522e+02
7.152717675080646131e+01
2.393764721653038237e+02
2.689241956477308193e+01
2.105883839447415937e+02
8.175077458858921773e+02
2.353544791487699399e+02
7.505366336930906073e+02
7.393442016930981708e+02
6.508848779916296508e+02
3.478962712477647869e+02
4.037060212753073074e+02
2.592661730238732503e+02
3.771421675114651180e+02
1.334619906923607573e+02
1.267537972268804225e+02
2.253333243200003722e+02
1.076915455675236757e+02
1.716676308665267072e+02
2.190307015334339553e+02
4.455474218398435369e+02
5.006683923037255113e+02
1.853695248793707719e+02
2.560898158202044783e+02
2.117522498676548253e+02
1.494451103054359180e+02
1.626098226089445120e+02
1.467644313465343089e+02
7.617712705583021204e+01
9.657170449058426698e+01
5.001850684753358678e+01
5.619492896960978356e+01
1.120123123933782949e+02
1.200948749512114517e+02
5.311266790242139990e+01
7.227888083380916839e+01
6.518437400186427055e+01
7.540227111640602686e+01
1.818459546548927221e+02
1.298375861634681030e+02
3.072083364054167305e+02
2.166312113584076542e+02
1.067083255969797392e+03
3.605565550984499623e+02
6.313330597556740997e+01
6.466715813706851179e+01
8.090876727402181245e+01
9.473554572411114805e+01
9.918175055789734529e+01
9.993504222255533875e+01
