5.029430000000000289e-01
5.029029999999999889e-01
5.028599999999999737e-01
5.028359999999999497e-01
5.028219999999999912e-01
5.028110000000000079e-01
5.028019999999999712e-01
5.027960000000000207e-01
5.027819999999999512e-01
5.027719999999999967e-01
5.027639999999999887e-01
5.027540000000000342e-01
5.027449999999999974e-01
5.027359999999999607e-01
5.027270000000000350e-01
5.027160000000000517e-01
5.027080000000000437e-01
5.026979999999999782e-01
5.026920000000000277e-01
5.026829999999999909e-01
5.026770000000000405e-01
5.026699999999999502e-01
5.026629999999999709e-01
5.026599999999999957e-01
5.026519999999999877e-01
5.026439999999999797e-01
5.026439999999999797e-01
5.026380000000000292e-01
5.026359999999999717e-01
5.026319999999999677e-01
5.026270000000000460e-01
5.026270000000000460e-01
5.026230000000000420e-01
5.026180000000000092e-01
5.026220000000000132e-01
5.026199999999999557e-01
5.026169999999999805e-01
5.026199999999999557e-01
5.026169999999999805e-01
5.026190000000000380e-01
5.026199999999999557e-01
5.026199999999999557e-01
5.026230000000000420e-01
5.026260000000000172e-01
5.026319999999999677e-01
5.026370000000000005e-01
5.026399999999999757e-01
5.026469999999999549e-01
5.026519999999999877e-01
5.026599999999999957e-01
5.026669999999999749e-01
5.026739999999999542e-01
5.026810000000000445e-01
5.026890000000000525e-01
5.026969999999999494e-01
5.027070000000000149e-01
5.027160000000000517e-01
5.027209999999999734e-01
5.027329999999999854e-01
5.027439999999999687e-01
5.027509999999999479e-01
5.027639999999999887e-01
5.027700000000000502e-01
5.027810000000000334e-01
5.027880000000000127e-01
5.028000000000000247e-01
5.028059999999999752e-01
5.028160000000000407e-01
5.028240000000000487e-01
5.028319999999999457e-01
5.028399999999999537e-01
5.028479999999999617e-01
5.028580000000000272e-01
5.028799999999999937e-01
5.029139999999999722e-01
5.029519999999999547e-01
5.027559999999999807e-01
5.026239999999999597e-01
5.025260000000000282e-01
5.024739999999999762e-01
5.024410000000000265e-01
5.024290000000000145e-01
5.024119999999999697e-01
5.023929999999999785e-01
5.023769999999999625e-01
5.023560000000000247e-01
5.023339999999999472e-01
5.023130000000000095e-01
5.022929999999999895e-01
5.022710000000000230e-01
5.022489999999999455e-01
5.022299999999999542e-01
5.022079999999999878e-01
5.021889999999999965e-01
5.021679999999999477e-01
5.021520000000000428e-01
5.021339999999999693e-01
5.021160000000000068e-01
5.020980000000000443e-01
5.020820000000000283e-01
5.020660000000000123e-01
5.020529999999999715e-01
5.020379999999999843e-01
5.020270000000000010e-01
5.020149999999999890e-01
5.020069999999999810e-01
5.019970000000000265e-01
5.019879999999999898e-01
5.019789999999999530e-01
5.019719999999999738e-01
5.019679999999999698e-01
5.019639999999999658e-01
5.019599999999999618e-01
5.019590000000000440e-01
5.019620000000000193e-01
5.019599999999999618e-01
5.019630000000000480e-01
5.019709999999999450e-01
5.019759999999999778e-01
5.019850000000000145e-01
5.019949999999999690e-01
5.020090000000000385e-01
5.020210000000000505e-01
5.020329999999999515e-01
5.020470000000000210e-01
5.020649999999999835e-01
5.020780000000000243e-01
5.020940000000000403e-01
5.021139999999999493e-01
5.021290000000000475e-01
5.021489999999999565e-01
5.021649999999999725e-01
5.021870000000000500e-01
5.022029999999999550e-01
5.022259999999999502e-01
5.022459999999999702e-01
5.022630000000000150e-01
5.022830000000000350e-01
5.023030000000000550e-01
5.023229999999999640e-01
5.023429999999999840e-01
5.023659999999999792e-01
5.023870000000000280e-01
5.024060000000000192e-01
5.024269999999999570e-01
5.024459999999999482e-01
5.024669999999999970e-01
5.024870000000000170e-01
5.025169999999999915e-01
5.025779999999999692e-01
5.026819999999999622e-01
5.028089999999999504e-01
5.024950000000000250e-01
5.021539999999999893e-01
5.019310000000000160e-01
5.018270000000000231e-01
5.017840000000000078e-01
5.017570000000000086e-01
5.017350000000000421e-01
5.017099999999999893e-01
5.016819999999999613e-01
5.016570000000000196e-01
5.016300000000000203e-01
5.016019999999999923e-01
5.015699999999999603e-01
5.015349999999999531e-01
5.014999999999999458e-01
5.014610000000000456e-01
5.014170000000000016e-01
5.013689999999999536e-01
5.013220000000000454e-01
5.012670000000000181e-01
5.012119999999999909e-01
5.011569999999999636e-01
5.011010000000000186e-01
5.010400000000000409e-01
5.009869999999999601e-01
5.009350000000000191e-01
5.008799999999999919e-01
5.008350000000000302e-01
5.007920000000000149e-01
5.007500000000000284e-01
5.007220000000000004e-01
5.006939999999999724e-01
5.006749999999999812e-01
5.006639999999999979e-01
5.006549999999999612e-01
5.006540000000000434e-01
5.006599999999999939e-01
5.006749999999999812e-01
5.006880000000000219e-01
5.007150000000000212e-01
5.007359999999999589e-01
5.007650000000000157e-01
5.007970000000000477e-01
5.008270000000000222e-01
5.008580000000000254e-01
5.008899999999999464e-01
5.009190000000000031e-01
5.009510000000000352e-01
5.009780000000000344e-01
5.010080000000000089e-01
5.010369999999999546e-01
5.010630000000000361e-01
5.010890000000000066e-01
5.011149999999999771e-01
5.011440000000000339e-01
5.011700000000000044e-01
5.011980000000000324e-01
5.012269999999999781e-01
5.012569999999999526e-01
5.012900000000000134e-01
5.013229999999999631e-01
5.013600000000000279e-01
5.013929999999999776e-01
5.014359999999999928e-01
5.014760000000000328e-01
5.015209999999999946e-01
5.015659999999999563e-01
5.016129999999999756e-01
5.016620000000000523e-01
5.017099999999999893e-01
5.017629999999999590e-01
5.018099999999999783e-01
5.018880000000000008e-01
5.020440000000000458e-01
5.023130000000000095e-01
5.026439999999999797e-01
5.022529999999999495e-01
5.015770000000000506e-01
5.011940000000000284e-01
5.010569999999999746e-01
5.010179999999999634e-01
5.010120000000000129e-01
5.010080000000000089e-01
5.010130000000000416e-01
5.010200000000000209e-01
5.010219999999999674e-01
5.010270000000000001e-01
5.010299999999999754e-01
5.010320000000000329e-01
5.010250000000000536e-01
5.010139999999999594e-01
5.009829999999999561e-01
5.009439999999999449e-01
5.008899999999999464e-01
5.008129999999999526e-01
5.007179999999999964e-01
5.006049999999999667e-01
5.004739999999999744e-01
5.003279999999999950e-01
5.001670000000000282e-01
5.000050000000000328e-01
4.998429999999999818e-01
4.996860000000000190e-01
4.995450000000000168e-01
4.994199999999999751e-01
4.993179999999999841e-01
4.992420000000000191e-01
4.991889999999999938e-01
4.991619999999999946e-01
4.991689999999999738e-01
4.991990000000000038e-01
4.992559999999999776e-01
4.993299999999999961e-01
4.994239999999999791e-01
4.995260000000000256e-01
4.996309999999999918e-01
4.997369999999999868e-01
4.998420000000000085e-01
4.999330000000000163e-01
5.000179999999999625e-01
5.000839999999999730e-01
5.001390000000000002e-01
5.001830000000000442e-01
5.002100000000000435e-01
5.002320000000000100e-01
5.002410000000000467e-01
5.002450000000000507e-01
5.002419999999999645e-01
5.002379999999999605e-01
5.002299999999999525e-01
5.002240000000000020e-01
5.002159999999999940e-01
5.002159999999999940e-01
5.002140000000000475e-01
5.002159999999999940e-01
5.002290000000000347e-01
5.002459999999999685e-01
5.002670000000000172e-01
5.002990000000000492e-01
5.003360000000000030e-01
5.003840000000000510e-01
5.004429999999999712e-01
5.005060000000000064e-01
5.005730000000000457e-01
5.006500000000000394e-01
5.007329999999999837e-01
5.008190000000000142e-01
5.009149999999999991e-01
5.010599999999999499e-01
5.013649999999999496e-01
5.018850000000000255e-01
5.024960000000000537e-01
5.020050000000000345e-01
5.007319999999999549e-01
5.002079999999999860e-01
5.001769999999999827e-01
5.002569999999999517e-01
5.003539999999999655e-01
5.004729999999999457e-01
5.006000000000000449e-01
5.007359999999999589e-01
5.008740000000000414e-01
5.010179999999999634e-01
5.011750000000000371e-01
5.013400000000000079e-01
5.015129999999999866e-01
5.016869999999999941e-01
5.018529999999999935e-01
5.019930000000000225e-01
5.020799999999999708e-01
5.021069999999999700e-01
5.020510000000000250e-01
5.019120000000000248e-01
5.016859999999999653e-01
5.013790000000000191e-01
5.010179999999999634e-01
5.006209999999999827e-01
5.002140000000000475e-01
4.998210000000000153e-01
4.994709999999999983e-01
4.991749999999999798e-01
4.989500000000000046e-01
4.988060000000000271e-01
4.987449999999999939e-01
4.987789999999999724e-01
4.989000000000000101e-01
4.991160000000000041e-01
4.994089999999999918e-01
4.997650000000000148e-01
5.001630000000000242e-01
5.005779999999999674e-01
5.009869999999999601e-01
5.013640000000000319e-01
5.016899999999999693e-01
5.019500000000000073e-01
5.021360000000000268e-01
5.022440000000000238e-01
5.022799999999999487e-01
5.022469999999999990e-01
5.021569999999999645e-01
5.020210000000000505e-01
5.018500000000000183e-01
5.016469999999999541e-01
5.014359999999999928e-01
5.012090000000000156e-01
5.009799999999999809e-01
5.007489999999999997e-01
5.005270000000000552e-01
5.003069999999999462e-01
5.000959999999999850e-01
4.999029999999999863e-01
4.997190000000000243e-01
4.995589999999999753e-01
4.994210000000000038e-01
4.993170000000000108e-01
4.992400000000000171e-01
4.991920000000000246e-01
4.991760000000000086e-01
4.991849999999999898e-01
4.992240000000000011e-01
4.992940000000000156e-01
4.993810000000000193e-01
4.994950000000000223e-01
4.996289999999999898e-01
4.998630000000000018e-01
5.003819999999999935e-01
5.013050000000000006e-01
5.023549999999999960e-01
5.018489999999999895e-01
4.999469999999999748e-01
4.991780000000000106e-01
4.993029999999999968e-01
4.996010000000000173e-01
4.998960000000000070e-01
5.002469999999999972e-01
5.006199999999999539e-01
5.010019999999999474e-01
5.014009999999999856e-01
5.018289999999999695e-01
5.023140000000000382e-01
5.028730000000000144e-01
5.035209999999999964e-01
5.042499999999999760e-01
5.050409999999999622e-01
5.058369999999999811e-01
5.065790000000000015e-01
5.071909999999999474e-01
5.075979999999999936e-01
5.077380000000000226e-01
5.075790000000000024e-01
5.071149999999999824e-01
5.063769999999999660e-01
5.054359999999999964e-01
5.043800000000000505e-01
5.033069999999999489e-01
5.023290000000000255e-01
5.015340000000000353e-01
5.009890000000000176e-01
5.007479999999999709e-01
5.008259999999999934e-01
5.012259999999999494e-01
5.019130000000000535e-01
5.028409999999999824e-01
5.039559999999999595e-01
5.051769999999999872e-01
5.064279999999999893e-01
5.076310000000000544e-01
5.087190000000000323e-01
5.096340000000000314e-01
5.103400000000000158e-01
5.108120000000000438e-01
5.110409999999999675e-01
5.110460000000000003e-01
5.108439999999999648e-01
5.104549999999999921e-01
5.099150000000000071e-01
5.092560000000000420e-01
5.085100000000000176e-01
5.077110000000000234e-01
5.068859999999999477e-01
5.060540000000000038e-01
5.052450000000000552e-01
5.044570000000000443e-01
5.037070000000000158e-01
5.029930000000000234e-01
5.023130000000000095e-01
5.016720000000000068e-01
5.010670000000000401e-01
5.005030000000000312e-01
4.999899999999999900e-01
4.995229999999999948e-01
4.991120000000000001e-01
4.987570000000000059e-01
4.984720000000000262e-01
4.982579999999999787e-01
4.981200000000000072e-01
4.980550000000000255e-01
4.980689999999999840e-01
4.981479999999999797e-01
4.982980000000000187e-01
4.986169999999999769e-01
4.994109999999999938e-01
5.008080000000000309e-01
5.022680000000000478e-01
5.017819999999999503e-01
4.995280000000000276e-01
4.986530000000000129e-01
4.989839999999999831e-01
4.994660000000000211e-01
4.999140000000000250e-01
5.004140000000000255e-01
5.009299999999999864e-01
5.014399999999999968e-01
5.019620000000000193e-01
5.025359999999999827e-01
5.032079999999999886e-01
5.040379999999999860e-01
5.050390000000000157e-01
5.062179999999999458e-01
5.075260000000000327e-01
5.088960000000000150e-01
5.102139999999999453e-01
5.113579999999999792e-01
5.122069999999999679e-01
5.126560000000000006e-01
5.126319999999999766e-01
5.121339999999999781e-01
5.112050000000000205e-01
5.099460000000000104e-01
5.085020000000000095e-01
5.070430000000000215e-01
5.057070000000000176e-01
5.046429999999999527e-01
5.039409999999999723e-01
5.036749999999999838e-01
5.038740000000000441e-01
5.045260000000000300e-01
5.055990000000000206e-01
5.070320000000000382e-01
5.087270000000000403e-01
5.105899999999999883e-01
5.124900000000000011e-01
5.143109999999999626e-01
5.159409999999999830e-01
5.172959999999999781e-01
5.183050000000000157e-01
5.189420000000000144e-01
5.191959999999999908e-01
5.190839999999999899e-01
5.186469999999999692e-01
5.179259999999999975e-01
5.169789999999999663e-01
5.158530000000000060e-01
5.146070000000000366e-01
5.132959999999999745e-01
5.119590000000000529e-01
5.106330000000000036e-01
5.093450000000000477e-01
5.081080000000000041e-01
5.069249999999999590e-01
5.058059999999999778e-01
5.047350000000000447e-01
5.037169999999999703e-01
5.027509999999999479e-01
5.018430000000000391e-01
5.010019999999999474e-01
5.002299999999999525e-01
4.995390000000000108e-01
4.989350000000000174e-01
4.984310000000000129e-01
4.980249999999999955e-01
4.977309999999999790e-01
4.975499999999999923e-01
4.974779999999999758e-01
4.975089999999999790e-01
4.976389999999999980e-01
4.979819999999999802e-01
4.988969999999999794e-01
5.005530000000000257e-01
5.022339999999999582e-01
5.017110000000000181e-01
4.990379999999999816e-01
4.979950000000000210e-01
4.986720000000000041e-01
4.994500000000000051e-01
5.001320000000000210e-01
5.008519999999999639e-01
5.015479999999999938e-01
5.021910000000000540e-01
5.028280000000000527e-01
5.035479999999999956e-01
5.044699999999999740e-01
5.056890000000000551e-01
5.072729999999999739e-01
5.092140000000000555e-01
5.114480000000000137e-01
5.138470000000000537e-01
5.162229999999999874e-01
5.183689999999999687e-01
5.200669999999999460e-01
5.211240000000000316e-01
5.214199999999999946e-01
5.209350000000000369e-01
5.197310000000000541e-01
5.179899999999999505e-01
5.159519999999999662e-01
5.138819999999999499e-01
5.120149999999999979e-01
5.105520000000000058e-01
5.096450000000000147e-01
5.093809999999999727e-01
5.097939999999999694e-01
5.108770000000000255e-01
5.125910000000000188e-01
5.148519999999999763e-01
5.175319999999999920e-01
5.204779999999999962e-01
5.234980000000000189e-01
5.263910000000000533e-01
5.289749999999999730e-01
5.310859999999999470e-01
5.326220000000000399e-01
5.335159999999999902e-01
5.337650000000000450e-01
5.333999999999999853e-01
5.325039999999999774e-01
5.311420000000000030e-01
5.294219999999999482e-01
5.274360000000000159e-01
5.252790000000000514e-01
5.230449999999999822e-01
5.208070000000000199e-01
5.186239999999999739e-01
5.165279999999999871e-01
5.145399999999999974e-01
5.126560000000000006e-01
5.108639999999999848e-01
5.091520000000000490e-01
5.075119999999999632e-01
5.059479999999999533e-01
5.044699999999999740e-01
5.030850000000000044e-01
5.018080000000000318e-01
5.006540000000000434e-01
4.996340000000000225e-01
4.987550000000000039e-01
4.980350000000000055e-01
4.974709999999999965e-01
4.970760000000000178e-01
4.968480000000000119e-01
4.967799999999999994e-01
4.968650000000000011e-01
4.972099999999999853e-01
4.982610000000000094e-01
5.002640000000000420e-01
5.021989999999999510e-01
5.016439999999999788e-01
4.984629999999999894e-01
4.971599999999999908e-01
4.983750000000000124e-01
4.996240000000000125e-01
5.006509999999999572e-01
5.016720000000000068e-01
5.025619999999999532e-01
5.032969999999999944e-01
5.039799999999999836e-01
5.048179999999999890e-01
5.060489999999999711e-01
5.078780000000000516e-01
5.104130000000000056e-01
5.136619999999999520e-01
5.175049999999999928e-01
5.217279999999999696e-01
5.260190000000000143e-01
5.300019999999999731e-01
5.332850000000000090e-01
5.355250000000000288e-01
5.364900000000000224e-01
5.361080000000000290e-01
5.345060000000000366e-01
5.319920000000000204e-01
5.289829999999999810e-01
5.259260000000000046e-01
5.232120000000000104e-01
5.211580000000000101e-01
5.199599999999999778e-01
5.197389999999999510e-01
5.205429999999999779e-01
5.223590000000000177e-01
5.251479999999999482e-01
5.288089999999999735e-01
5.331799999999999873e-01
5.380200000000000538e-01
5.430289999999999839e-01
5.478629999999999889e-01
5.521819999999999506e-01
5.556870000000000420e-01
5.581650000000000222e-01
5.594980000000000508e-01
5.596830000000000416e-01
5.587870000000000337e-01
5.569460000000000521e-01
5.543280000000000429e-01
5.511139999999999928e-01
5.474890000000000034e-01
5.436290000000000289e-01
5.397009999999999863e-01
5.358380000000000365e-01
5.321460000000000079e-01
5.286689999999999445e-01
5.254259999999999486e-01
5.223830000000000418e-01
5.195079999999999698e-01
5.167559999999999931e-01
5.141160000000000174e-01
5.115830000000000100e-01
5.091750000000000442e-01
5.069110000000000005e-01
5.048179999999999890e-01
5.029160000000000297e-01
5.012149999999999661e-01
4.997349999999999848e-01
4.984819999999999807e-01
4.974759999999999738e-01
4.967190000000000216e-01
4.962190000000000212e-01
4.959720000000000240e-01
4.959560000000000080e-01
4.962770000000000237e-01
4.974959999999999938e-01
4.999370000000000203e-01
5.021679999999999477e-01
5.015810000000000546e-01
4.978020000000000223e-01
4.960860000000000269e-01
4.981099999999999972e-01
5.000809999999999977e-01
5.016369999999999996e-01
5.030630000000000379e-01
5.041189999999999838e-01
5.047949999999999937e-01
5.053299999999999459e-01
5.061790000000000456e-01
5.078279999999999461e-01
5.106570000000000276e-01
5.148479999999999723e-01
5.203910000000000480e-01
5.270939999999999515e-01
5.345959999999999601e-01
5.423649999999999860e-01
5.497469999999999857e-01
5.560300000000000242e-01
5.605700000000000127e-01
5.628990000000000382e-01
5.628570000000000517e-01
5.606419999999999737e-01
5.568009999999999904e-01
5.521110000000000184e-01
5.473679999999999657e-01
5.432540000000000147e-01
5.402409999999999712e-01
5.386170000000000124e-01
5.385299999999999532e-01
5.400359999999999605e-01
5.431230000000000224e-01
5.477600000000000247e-01
5.538739999999999775e-01
5.612819999999999476e-01
5.696560000000000512e-01
5.784979999999999567e-01
5.871769999999999490e-01
5.950130000000000141e-01
6.013810000000000544e-01
6.058210000000000539e-01
6.080640000000000489e-01
6.080590000000000162e-01
6.059679999999999511e-01
6.020820000000000061e-01
5.967660000000000187e-01
5.904089999999999616e-01
5.833800000000000097e-01
5.760610000000000452e-01
5.687710000000000266e-01
5.617799999999999461e-01
5.552709999999999591e-01
5.493080000000000185e-01
5.438650000000000428e-01
5.388540000000000552e-01
5.341669999999999474e-01
5.297020000000000062e-01
5.254109999999999614e-01
5.212860000000000271e-01
5.173539999999999806e-01
5.136589999999999767e-01
5.102470000000000061e-01
5.071320000000000272e-01
5.043360000000000065e-01
5.018749999999999600e-01
4.997550000000000048e-01
4.979999999999999982e-01
4.966300000000000159e-01
4.956619999999999915e-01
4.950899999999999745e-01
4.948910000000000253e-01
4.951300000000000145e-01
4.965490000000000181e-01
4.995729999999999893e-01
5.021309999999999940e-01
5.015199999999999658e-01
4.970439999999999858e-01
4.946610000000000174e-01
4.978779999999999872e-01
5.010170000000000456e-01
5.033769999999999634e-01
5.053309999999999746e-01
5.064060000000000228e-01
5.066129999999999800e-01
5.065640000000000143e-01
5.072389999999999954e-01
5.095889999999999587e-01
5.142440000000000344e-01
5.214600000000000346e-01
5.311829999999999607e-01
5.431070000000000064e-01
5.566560000000000397e-01
5.709490000000000398e-01
5.848309999999999897e-01
5.969870000000000454e-01
6.061670000000000114e-01
6.113979999999999970e-01
6.122689999999999522e-01
6.090649999999999675e-01
6.028059999999999530e-01
5.949780000000000069e-01
5.871119999999999672e-01
5.804529999999999967e-01
5.757400000000000295e-01
5.734050000000000535e-01
5.735970000000000235e-01
5.763779999999999459e-01
5.817409999999999526e-01
5.897229999999999972e-01
6.004180000000000073e-01
6.137810000000000210e-01
6.294560000000000155e-01
6.466410000000000213e-01
6.641059999999999741e-01
6.803369999999999695e-01
6.938159999999999883e-01
7.032709999999999795e-01
7.079010000000000025e-01
7.075019999999999643e-01
7.024299999999999988e-01
6.934230000000000116e-01
6.814320000000000377e-01
6.674149999999999805e-01
6.523060000000000525e-01
6.369669999999999499e-01
6.221480000000000343e-01
6.084199999999999608e-01
5.960919999999999552e-01
5.852300000000000280e-01
5.756689999999999863e-01
5.671180000000000110e-01
5.592589999999999506e-01
5.518499999999999517e-01
5.447419999999999485e-01
5.379289999999999905e-01
5.314489999999999492e-01
5.253839999999999621e-01
5.197920000000000318e-01
5.147070000000000256e-01
5.101329999999999476e-01
5.060670000000000446e-01
5.025209999999999955e-01
4.995120000000000116e-01
4.970979999999999843e-01
4.953150000000000053e-01
4.941760000000000042e-01
4.936479999999999757e-01
4.937070000000000070e-01
4.953790000000000138e-01
4.991689999999999738e-01
5.021020000000000483e-01
5.014560000000000128e-01
4.961929999999999952e-01
4.927469999999999906e-01
4.976550000000000140e-01
5.026880000000000237e-01
5.063410000000000410e-01
5.089639999999999720e-01
5.096220000000000194e-01
5.084670000000000023e-01
5.069919999999999982e-01
5.073079999999999812e-01
5.111639999999999517e-01
5.194999999999999618e-01
5.325539999999999718e-01
5.502080000000000304e-01
5.720790000000000042e-01
5.973870000000000013e-01
6.246770000000000378e-01
6.518380000000000285e-01
6.763320000000000443e-01
6.955970000000000208e-01
7.075630000000000530e-01
7.111060000000000159e-01
7.064559999999999729e-01
6.954609999999999959e-01
6.811369999999999925e-01
6.668239999999999723e-01
6.548370000000000024e-01
6.465330000000000243e-01
6.425140000000000295e-01
6.430919999999999970e-01
6.482329999999999481e-01
6.579040000000000443e-01
6.724250000000000504e-01
6.925959999999999894e-01
7.192770000000000552e-01
7.526399999999999757e-01
7.917060000000000208e-01
8.340130000000000043e-01
8.756540000000000434e-01
9.119450000000000056e-01
9.384329999999999616e-01
9.518520000000000314e-01
9.509490000000000443e-01
9.366520000000000401e-01
9.114710000000000312e-01
8.786319999999999686e-01
8.413450000000000095e-01
8.024820000000000286e-01
7.645699999999999719e-01
7.296010000000000550e-01
6.988010000000000055e-01
6.726039999999999797e-01
6.507610000000000339e-01
6.325490000000000279e-01
6.170069999999999721e-01
6.031849999999999712e-01
5.903819999999999624e-01
5.782399999999999762e-01
5.666889999999999983e-01
5.557990000000000430e-01
5.456999999999999629e-01
5.364729999999999777e-01
5.281369999999999676e-01
5.206380000000000452e-01
5.139359999999999484e-01
5.079970000000000319e-01
5.028690000000000104e-01
4.986510000000000109e-01
4.954439999999999955e-01
4.933020000000000183e-01
4.921849999999999836e-01
4.919089999999999852e-01
4.939220000000000277e-01
4.987349999999999839e-01
5.020740000000000203e-01
5.014020000000000143e-01
4.952449999999999908e-01
4.901630000000000154e-01
4.973219999999999863e-01
5.054929999999999701e-01
5.112740000000000062e-01
5.147509999999999586e-01
5.139740000000000419e-01
5.096089999999999787e-01
5.053039999999999754e-01
5.054929999999999701e-01
5.131829999999999448e-01
5.294200000000000017e-01
5.542690000000000117e-01
5.877790000000000514e-01
6.300599999999999534e-01
6.805039999999999978e-01
7.367599999999999705e-01
7.945149999999999713e-01
8.482499999999999485e-01
8.924360000000000070e-01
9.227309999999999679e-01
9.358440000000000092e-01
9.309790000000000010e-01
9.102170000000000538e-01
8.810499999999999998e-01
8.506930000000000325e-01
8.249880000000000546e-01
8.062909999999999799e-01
7.962280000000000468e-01
7.960120000000000529e-01
8.054459999999999953e-01
8.239959999999999507e-01
8.528620000000000090e-01
8.959340000000000082e-01
9.587679999999999536e-01
1.046079999999999899e+00
1.160009999999999986e+00
1.297269999999999923e+00
1.446530000000000094e+00
1.588759999999999950e+00
1.701300000000000034e+00
1.763949999999999907e+00
1.766199999999999992e+00
1.710590000000000055e+00
1.610489999999999977e+00
1.483510000000000106e+00
1.345979999999999954e+00
1.210860000000000047e+00
1.088079999999999936e+00
9.833140000000000214e-01
8.982310000000000016e-01
8.315350000000000241e-01
7.802609999999999824e-01
7.407949999999999813e-01
7.094850000000000323e-01
6.831479999999999775e-01
6.596119999999999761e-01
6.377770000000000383e-01
6.173859999999999904e-01
5.985070000000000112e-01
5.812910000000000021e-01
5.658100000000000351e-01
5.519749999999999934e-01
5.395940000000000181e-01
5.284499999999999753e-01
5.184579999999999744e-01
5.096570000000000267e-01
5.022670000000000190e-01
4.965370000000000061e-01
4.926180000000000003e-01
4.904680000000000151e-01
4.895869999999999944e-01
4.921229999999999771e-01
4.982630000000000114e-01
5.020510000000000250e-01
5.013689999999999536e-01
4.944839999999999791e-01
4.875860000000000194e-01
4.967599999999999794e-01
5.087749999999999773e-01
5.172560000000000491e-01
5.215849999999999653e-01
5.181449999999999667e-01
5.088240000000000540e-01
5.010040000000000049e-01
5.026739999999999542e-01
5.177610000000000268e-01
5.467589999999999950e-01
5.899720000000000519e-01
6.485680000000000334e-01
7.251030000000000530e-01
8.208499999999999686e-01
9.321199999999999486e-01
1.049430000000000085e+00
1.160339999999999927e+00
1.255719999999999947e+00
1.328300000000000036e+00
1.373359999999999914e+00
1.381250000000000089e+00
1.352549999999999919e+00
1.296980000000000022e+00
1.232939999999999925e+00
1.173130000000000006e+00
1.123750000000000027e+00
1.090479999999999894e+00
1.080940000000000012e+00
1.094100000000000072e+00
1.126339999999999897e+00
1.180120000000000058e+00
1.269830000000000014e+00
1.419259999999999966e+00
1.655650000000000066e+00
2.007480000000000153e+00
2.490400000000000169e+00
3.082850000000000090e+00
3.708530000000000104e+00
4.251430000000000042e+00
4.589269999999999960e+00
4.643019999999999925e+00
4.410829999999999806e+00
3.963649999999999896e+00
3.406140000000000168e+00
2.830000000000000071e+00
2.302420000000000133e+00
1.865639999999999965e+00
1.529970000000000052e+00
1.285039999999999960e+00
1.111599999999999921e+00
9.906190000000000273e-01
9.059319999999999595e-01
8.445529999999999982e-01
7.965799999999999548e-01
7.555819999999999759e-01
7.190459999999999630e-01
6.856440000000000312e-01
6.555299999999999461e-01
6.286699999999999511e-01
6.048850000000000060e-01
5.839159999999999906e-01
5.652289999999999814e-01
5.483829999999999538e-01
5.330939999999999568e-01
5.194459999999999633e-01
5.078160000000000451e-01
4.986959999999999726e-01
4.924279999999999768e-01
4.889499999999999957e-01
4.873160000000000269e-01
4.904789999999999983e-01
4.979020000000000112e-01
5.020329999999999515e-01
5.013499999999999623e-01
4.939540000000000042e-01
4.855400000000000271e-01
4.961229999999999807e-01
5.116779999999999662e-01
5.228120000000000545e-01
5.278800000000000159e-01
5.215039999999999676e-01
5.068460000000000187e-01
4.963040000000000229e-01
5.006380000000000274e-01
5.241139999999999688e-01
5.671169999999999822e-01
6.295730000000000492e-01
7.161020000000000163e-01
8.334740000000000482e-01
9.866660000000000430e-01
1.170509999999999939e+00
1.365750000000000020e+00
1.551649999999999974e+00
1.712040000000000006e+00
1.848160000000000025e+00
1.948769999999999891e+00
1.999219999999999997e+00
1.980069999999999997e+00
1.900910000000000100e+00
1.794319999999999915e+00
1.680430000000000090e+00
1.575450000000000017e+00
1.493540000000000090e+00
1.458539999999999948e+00
1.468970000000000109e+00
1.512829999999999897e+00
1.593690000000000051e+00
1.745030000000000081e+00
2.027379999999999960e+00
2.517729999999999801e+00
3.312399999999999789e+00
4.483749999999999680e+00
5.968300000000000161e+00
7.512010000000000076e+00
8.800599999999999312e+00
9.598850000000000549e+00
9.797520000000000451e+00
9.378640000000000754e+00
8.421799999999999287e+00
7.101409999999999556e+00
5.640399999999999636e+00
4.265839999999999854e+00
3.158589999999999787e+00
2.358639999999999848e+00
1.818289999999999962e+00
1.465479999999999894e+00
1.237039999999999917e+00
1.088549999999999907e+00
9.879879999999999773e-01
9.133999999999999897e-01
8.527599999999999625e-01
7.995670000000000277e-01
7.527160000000000517e-01
7.108820000000000139e-01
6.742620000000000280e-01
6.424140000000000406e-01
6.145369999999999999e-01
5.899299999999999544e-01
5.677330000000000432e-01
5.475079999999999947e-01
5.292480000000000517e-01
5.135629999999999917e-01
5.011179999999999524e-01
4.925729999999999831e-01
4.878359999999999919e-01
4.855079999999999951e-01
4.892409999999999815e-01
4.976590000000000180e-01
5.020229999999999970e-01
5.013239999999999919e-01
4.934000000000000052e-01
4.831380000000000119e-01
4.950700000000000101e-01
5.154269999999999685e-01
5.302769999999999984e-01
5.364750000000000352e-01
5.251440000000000552e-01
5.032499999999999751e-01
4.896599999999999842e-01
4.992090000000000138e-01
5.368429999999999591e-01
6.016129999999999534e-01
6.951439999999999841e-01
8.276879999999999793e-01
1.019479999999999942e+00
1.284969999999999946e+00
1.611949999999999994e+00
1.958790000000000031e+00
2.272539999999999782e+00
2.546409999999999840e+00
2.795619999999999994e+00
3.043039999999999967e+00
3.239930000000000199e+00
3.319010000000000016e+00
3.259850000000000136e+00
3.093890000000000029e+00
2.862220000000000208e+00
2.592900000000000205e+00
2.356570000000000054e+00
2.230799999999999894e+00
2.211669999999999803e+00
2.258319999999999883e+00
2.371109999999999829e+00
2.632439999999999891e+00
3.198199999999999932e+00
4.265150000000000219e+00
6.061589999999999812e+00
8.550179999999999225e+00
1.104669999999999952e+01
1.276559999999999917e+01
1.378870000000000040e+01
1.441389999999999993e+01
1.466590000000000060e+01
1.450730000000000075e+01
1.398569999999999958e+01
1.306230000000000047e+01
1.138780000000000037e+01
8.887589999999999435e+00
6.312979999999999592e+00
4.291559999999999597e+00
2.963999999999999968e+00
2.158700000000000063e+00
1.681110000000000104e+00
1.395690000000000097e+00
1.218129999999999935e+00
1.095830000000000082e+00
1.000099999999999989e+00
9.202240000000000419e-01
8.510809999999999764e-01
7.918420000000000458e-01
7.403619999999999646e-01
6.964529999999999887e-01
6.586800000000000432e-01
6.254899999999999904e-01
5.957580000000000098e-01
5.685080000000000133e-01
5.437309999999999643e-01
5.221559999999999535e-01
5.049329999999999652e-01
4.930780000000000163e-01
4.866059999999999830e-01
4.833640000000000159e-01
4.878580000000000139e-01
4.974060000000000148e-01
5.020139999999999603e-01
5.013069999999999471e-01
4.928370000000000251e-01
4.803450000000000220e-01
4.934180000000000232e-01
5.200439999999999507e-01
5.402989999999999737e-01
5.479389999999999539e-01
5.297009999999999774e-01
4.972900000000000098e-01
4.805209999999999759e-01
5.004939999999999944e-01
5.611570000000000169e-01
6.603799999999999670e-01
8.043550000000000422e-01
1.018999999999999906e+00
1.353830000000000089e+00
1.851189999999999891e+00
2.474509999999999987e+00
3.080270000000000064e+00
3.560589999999999922e+00
3.945520000000000138e+00
4.354870000000000019e+00
4.889789999999999637e+00
5.491369999999999862e+00
5.998940000000000161e+00
6.282630000000000159e+00
6.243789999999999729e+00
5.846040000000000347e+00
5.126649999999999707e+00
4.362510000000000332e+00
3.917520000000000113e+00
3.754399999999999959e+00
3.733490000000000197e+00
3.828870000000000218e+00
4.238139999999999574e+00
5.308469999999999800e+00
7.326760000000000161e+00
1.014470000000000027e+01
1.263020000000000032e+01
1.437369999999999948e+01
1.579149999999999920e+01
1.689979999999999905e+01
1.766560000000000130e+01
1.807100000000000151e+01
1.805790000000000006e+01
1.764979999999999905e+01
1.681109999999999971e+01
1.547560000000000002e+01
1.390419999999999945e+01
1.183309999999999995e+01
8.568469999999999587e+00
5.571500000000000341e+00
3.636670000000000069e+00
2.543909999999999894e+00
1.946020000000000083e+00
1.609019999999999895e+00
1.394060000000000077e+00
1.234860000000000069e+00
1.107189999999999896e+00
1.001770000000000049e+00
9.133179999999999632e-01
8.394850000000000367e-01
7.767960000000000420e-01
7.238440000000000429e-01
6.779720000000000191e-01
6.370010000000000394e-01
5.995869999999999811e-01
5.652199999999999447e-01
5.350880000000000081e-01
5.107310000000000461e-01
4.941369999999999929e-01
4.852009999999999934e-01
4.808040000000000092e-01
4.863310000000000133e-01
4.971570000000000156e-01
5.020059999999999523e-01
5.012870000000000381e-01
4.922639999999999794e-01
4.771349999999999758e-01
4.907960000000000100e-01
5.254630000000000134e-01
5.535619999999999985e-01
5.644479999999999498e-01
5.352949999999999653e-01
4.872690000000000077e-01
4.693849999999999967e-01
5.079590000000000494e-01
6.065970000000000528e-01
7.616429999999999589e-01
9.891550000000000065e-01
1.354850000000000110e+00
1.982050000000000090e+00
2.962759999999999838e+00
4.087769999999999904e+00
4.915680000000000049e+00
5.347159999999999691e+00
5.640780000000000349e+00
6.099669999999999703e+00
6.920200000000000351e+00
8.027060000000000528e+00
9.238490000000000535e+00
1.041910000000000025e+01
1.124750000000000050e+01
1.130330000000000013e+01
1.027210000000000001e+01
8.525629999999999598e+00
7.264439999999999564e+00
6.646060000000000301e+00
6.305390000000000050e+00
6.136490000000000222e+00
6.538599999999999746e+00
8.022759999999999891e+00
1.036849999999999916e+01
1.268030000000000079e+01
1.468190000000000062e+01
1.640609999999999857e+01
1.774249999999999972e+01
1.894519999999999982e+01
1.996170000000000044e+01
2.056919999999999860e+01
2.068969999999999843e+01
2.040289999999999893e+01
1.975049999999999883e+01
1.856309999999999860e+01
1.708500000000000085e+01
1.536229999999999940e+01
1.333849999999999980e+01
1.032620000000000005e+01
6.752930000000000099e+00
4.307159999999999656e+00
2.992309999999999803e+00
2.311030000000000140e+00
1.910230000000000095e+00
1.628309999999999924e+00
1.413189999999999946e+00
1.242529999999999912e+00
1.105760000000000076e+00
9.938519999999999577e-01
9.015769999999999618e-01
8.240490000000000315e-01
7.578759999999999941e-01
6.996499999999999941e-01
6.466709999999999958e-01
5.977740000000000276e-01
5.547400000000000109e-01
5.195539999999999603e-01
4.959239999999999760e-01
4.836130000000000151e-01
4.777239999999999820e-01
4.846509999999999985e-01
4.969109999999999916e-01
5.020000000000000018e-01
5.012739999999999974e-01
4.916960000000000219e-01
4.734610000000000207e-01
4.867449999999999832e-01
5.316049999999999942e-01
5.717929999999999957e-01
5.882439999999999891e-01
5.412660000000000249e-01
4.727839999999999820e-01
4.569889999999999786e-01
5.276999999999999469e-01
6.897440000000000238e-01
9.376470000000000082e-01
1.303439999999999932e+00
1.943030000000000035e+00
3.144080000000000208e+00
4.901250000000000107e+00
6.283419999999999561e+00
6.754059999999999953e+00
6.753079999999999750e+00
6.764319999999999666e+00
7.154429999999999623e+00
8.182359999999999189e+00
9.695529999999999760e+00
1.148290000000000077e+01
1.346579999999999977e+01
1.505829999999999913e+01
1.558409999999999940e+01
1.460670000000000002e+01
1.271990000000000087e+01
1.105180000000000007e+01
9.956849999999999312e+00
9.128880000000000550e+00
8.381220000000000780e+00
8.387499999999999289e+00
9.715550000000000352e+00
1.163829999999999920e+01
1.364289999999999914e+01
1.564419999999999966e+01
1.726239999999999952e+01
1.856269999999999953e+01
1.990739999999999910e+01
2.119590000000000174e+01
2.210650000000000048e+01
2.236139999999999972e+01
2.213800000000000168e+01
2.182130000000000081e+01
2.092429999999999879e+01
1.939219999999999899e+01
1.782710000000000150e+01
1.613380000000000081e+01
1.392999999999999972e+01
1.114109999999999978e+01
7.548560000000000159e+00
4.964170000000000194e+00
3.606380000000000141e+00
2.841689999999999827e+00
2.321169999999999956e+00
1.937899999999999956e+00
1.647540000000000004e+00
1.424479999999999968e+00
1.248899999999999899e+00
1.104950000000000099e+00
9.859040000000000026e-01
8.852090000000000236e-01
7.983419999999999961e-01
7.205559999999999743e-01
6.484739999999999949e-01
5.852979999999999849e-01
5.329749999999999766e-01
4.987429999999999919e-01
4.817040000000000211e-01
4.740179999999999949e-01
4.828239999999999754e-01
4.966709999999999736e-01
5.019940000000000513e-01
5.012590000000000101e-01
4.911289999999999822e-01
4.693169999999999842e-01
4.807710000000000039e-01
5.382489999999999775e-01
5.960710000000000175e-01
6.229710000000000525e-01
5.489279999999999715e-01
4.524489999999999901e-01
4.449480000000000102e-01
5.707119999999999971e-01
8.428320000000000256e-01
1.238850000000000007e+00
1.810270000000000046e+00
2.886379999999999946e+00
4.909040000000000070e+00
7.032309999999999839e+00
7.839030000000000165e+00
7.726359999999999673e+00
7.297990000000000421e+00
7.081789999999999807e+00
7.441320000000000157e+00
8.758820000000000050e+00
1.080180000000000007e+01
1.327020000000000088e+01
1.622419999999999973e+01
1.863800000000000168e+01
1.960829999999999984e+01
1.831500000000000128e+01
1.574319999999999986e+01
1.350229999999999997e+01
1.207520000000000060e+01
1.088679999999999914e+01
9.483140000000000569e+00
8.879110000000000724e+00
9.934120000000000061e+00
1.160710000000000086e+01
1.347409999999999997e+01
1.534670000000000023e+01
1.678699999999999903e+01
1.799620000000000175e+01
1.948359999999999914e+01
2.114179999999999993e+01
2.244389999999999930e+01
2.281129999999999924e+01
2.274249999999999972e+01
2.281449999999999889e+01
2.231690000000000040e+01
2.061370000000000147e+01
1.942020000000000124e+01
1.796359999999999957e+01
1.609140000000000015e+01
1.379069999999999929e+01
1.102919999999999945e+01
7.924349999999999561e+00
5.782040000000000290e+00
4.479879999999999640e+00
3.548430000000000195e+00
2.858509999999999884e+00
2.345610000000000195e+00
1.973100000000000076e+00
1.688739999999999908e+00
1.456579999999999986e+00
1.261859999999999982e+00
1.098640000000000061e+00
9.613310000000000466e-01
8.415300000000000002e-01
7.304389999999999494e-01
6.342769999999999797e-01
5.535670000000000313e-01
5.029150000000000009e-01
4.792989999999999751e-01
4.695190000000000197e-01
4.808520000000000016e-01
4.964390000000000192e-01
5.019850000000000145e-01
5.012480000000000269e-01
4.905789999999999873e-01
4.646950000000000247e-01
4.721509999999999874e-01
5.436980000000000146e-01
6.281989999999999519e-01
6.765780000000000127e-01
5.581519999999999815e-01
4.251309999999999811e-01
4.359720000000000262e-01
6.583050000000000290e-01
1.124970000000000026e+00
1.715640000000000054e+00
2.472039999999999793e+00
3.974489999999999856e+00
6.485190000000000232e+00
8.217710000000000292e+00
8.460639999999999716e+00
7.728189999999999671e+00
6.847389999999999866e+00
6.605640000000000178e+00
7.074539999999999829e+00
8.732250000000000512e+00
1.135619999999999941e+01
1.451699999999999946e+01
1.852959999999999852e+01
2.147520000000000095e+01
2.350049999999999883e+01
2.145019999999999882e+01
1.827629999999999910e+01
1.523119999999999941e+01
1.338739999999999952e+01
1.180170000000000030e+01
9.545809999999999462e+00
8.185560000000000613e+00
9.100339999999999208e+00
1.056530000000000058e+01
1.211219999999999963e+01
1.366000000000000014e+01
1.468079999999999963e+01
1.548160000000000025e+01
1.702230000000000132e+01
1.915020000000000167e+01
2.064529999999999887e+01
2.115090000000000003e+01
2.141799999999999926e+01
2.168929999999999936e+01
2.167889999999999873e+01
2.057479999999999976e+01
1.984659999999999869e+01
1.893560000000000088e+01
1.731220000000000070e+01
1.536519999999999975e+01
1.287400000000000055e+01
1.029170000000000051e+01
8.233280000000000598e+00
6.742340000000000444e+00
5.440559999999999619e+00
4.339430000000000121e+00
3.479659999999999975e+00
2.889479999999999826e+00
2.457530000000000214e+00
2.085319999999999840e+00
1.756990000000000052e+00
1.474909999999999943e+00
1.244180000000000064e+00
1.050610000000000044e+00
8.692029999999999479e-01
7.162180000000000213e-01
5.854869999999999797e-01
5.088289999999999758e-01
4.760610000000000119e-01
4.640759999999999885e-01
4.787399999999999989e-01
4.962150000000000172e-01
5.019810000000000105e-01
5.012370000000000436e-01
4.900519999999999876e-01
4.596379999999999910e-01
4.601149999999999962e-01
5.460639999999999938e-01
6.695440000000000280e-01
7.604739999999999833e-01
5.693850000000000300e-01
3.903809999999999780e-01
4.345970000000000111e-01
8.322739999999999583e-01
1.619969999999999910e+00
2.276219999999999910e+00
2.899519999999999875e+00
4.416579999999999728e+00
6.809700000000000308e+00
8.193699999999999761e+00
7.687199999999999811e+00
6.023939999999999628e+00
5.041249999999999787e+00
5.363879999999999981e+00
6.240109999999999602e+00
8.213240000000000762e+00
1.123579999999999934e+01
1.494170000000000087e+01
1.984090000000000131e+01
2.288210000000000122e+01
2.896480000000000032e+01
2.567020000000000124e+01
2.031099999999999994e+01
1.624030000000000129e+01
1.401720000000000077e+01
1.213400000000000034e+01
8.868570000000000064e+00
6.698299999999999699e+00
7.620809999999999640e+00
8.695119999999999294e+00
9.506719999999999615e+00
1.045320000000000071e+01
1.083200000000000074e+01
1.091820000000000057e+01
1.226699999999999946e+01
1.489719999999999978e+01
1.707120000000000104e+01
1.758849999999999980e+01
1.814720000000000155e+01
1.921580000000000155e+01
1.935760000000000147e+01
1.888629999999999853e+01
1.891329999999999956e+01
1.877349999999999852e+01
1.759110000000000085e+01
1.614880000000000138e+01
1.382929999999999993e+01
1.124399999999999977e+01
9.515750000000000597e+00
8.417529999999999291e+00
7.279490000000000016e+00
6.010640000000000427e+00
4.841169999999999973e+00
4.120790000000000397e+00
3.650129999999999875e+00
3.167930000000000135e+00
2.647180000000000089e+00
2.154739999999999878e+00
1.754000000000000004e+00
1.433200000000000029e+00
1.118000000000000105e+00
8.611240000000000006e-01
6.356230000000000491e-01
5.167209999999999859e-01
4.714430000000000009e-01
4.574630000000000085e-01
4.765300000000000091e-01
4.960109999999999797e-01
5.019770000000000065e-01
5.012290000000000356e-01
4.895570000000000199e-01
4.542289999999999939e-01
4.440640000000000143e-01
5.409950000000000037e-01
7.180309999999999748e-01
8.970139999999999780e-01
5.820450000000000346e-01
3.485429999999999917e-01
4.468250000000000277e-01
1.176309999999999967e+00
2.306939999999999991e+00
2.443509999999999849e+00
2.528309999999999835e+00
3.650819999999999954e+00
5.470130000000000159e+00
6.062459999999999738e+00
4.596059999999999590e+00
3.075579999999999981e+00
2.763490000000000002e+00
3.883919999999999817e+00
5.369530000000000136e+00
7.636099999999999888e+00
1.048160000000000025e+01
1.429519999999999946e+01
1.962229999999999919e+01
2.273669999999999902e+01
3.450180000000000291e+01
2.601040000000000063e+01
2.135419999999999874e+01
1.632580000000000098e+01
1.382809999999999917e+01
1.200820000000000043e+01
7.852490000000000414e+00
4.978110000000000035e+00
6.050729999999999720e+00
6.436810000000000365e+00
6.202799999999999869e+00
6.351060000000000372e+00
5.796750000000000291e+00
4.840429999999999566e+00
5.341230000000000366e+00
8.359640000000000626e+00
1.149590000000000067e+01
1.175520000000000032e+01
1.249089999999999989e+01
1.465820000000000078e+01
1.554930000000000057e+01
1.565670000000000073e+01
1.658680000000000021e+01
1.729889999999999972e+01
1.673359999999999914e+01
1.611870000000000047e+01
1.402410000000000068e+01
1.118670000000000009e+01
9.527570000000000761e+00
8.736639999999999517e+00
7.901270000000000238e+00
6.728089999999999904e+00
5.459900000000000198e+00
4.949340000000000295e+00
4.871610000000000440e+00
4.626210000000000377e+00
4.043230000000000324e+00
3.293480000000000185e+00
2.650520000000000209e+00
2.161439999999999806e+00
1.591760000000000064e+00
1.136919999999999931e+00
7.153540000000000454e-01
5.263750000000000373e-01
4.645369999999999777e-01
4.495000000000000107e-01
4.742480000000000029e-01
4.958230000000000137e-01
5.019740000000000313e-01
5.012259999999999494e-01
4.891059999999999852e-01
4.486229999999999940e-01
4.235329999999999928e-01
5.228030000000000177e-01
7.657680000000000042e-01
1.121240000000000014e+00
5.923310000000000519e-01
3.011880000000000113e-01
4.796860000000000013e-01
1.815059999999999896e+00
2.647339999999999804e+00
1.801509999999999945e+00
1.600379999999999914e+00
2.378260000000000041e+00
3.329549999999999788e+00
2.992939999999999934e+00
1.947210000000000107e+00
1.312559999999999949e+00
1.387539999999999996e+00
2.854620000000000157e+00
4.864969999999999573e+00
7.571369999999999933e+00
9.632960000000000633e+00
1.273850000000000016e+01
1.766519999999999868e+01
2.040380000000000038e+01
2.513459999999999894e+01
2.850769999999999982e+01
2.114339999999999975e+01
1.509869999999999912e+01
1.253229999999999933e+01
1.152229999999999954e+01
7.024210000000000065e+00
3.509199999999999875e+00
4.806759999999999700e+00
4.280969999999999942e+00
3.666819999999999968e+00
3.563439999999999941e+00
2.780600000000000183e+00
1.904279999999999973e+00
1.902130000000000098e+00
3.049220000000000041e+00
5.149969999999999715e+00
4.756380000000000052e+00
5.065839999999999677e+00
8.396340000000000359e+00
1.013530000000000086e+01
1.083610000000000007e+01
1.278609999999999935e+01
1.429039999999999999e+01
1.441230000000000011e+01
1.511660000000000004e+01
1.325689999999999991e+01
9.838229999999999364e+00
8.158149999999999125e+00
7.577429999999999666e+00
6.883790000000000298e+00
5.766219999999999679e+00
4.554350000000000342e+00
4.563180000000000014e+00
5.253639999999999866e+00
5.747499999999999609e+00
5.507290000000000241e+00
4.701950000000000074e+00
3.932459999999999845e+00
3.475979999999999848e+00
2.523299999999999876e+00
1.708990000000000009e+00
8.431140000000000301e-01
5.363839999999999719e-01
4.539679999999999827e-01
4.400180000000000202e-01
4.719679999999999986e-01
4.956590000000000162e-01
5.019719999999999738e-01
5.012210000000000276e-01
4.887079999999999758e-01
4.430549999999999766e-01
3.989960000000000173e-01
4.855070000000000219e-01
7.897279999999999855e-01
1.481039999999999912e+00
5.903699999999999504e-01
2.505439999999999889e-01
5.372149999999999981e-01
2.664899999999999824e+00
1.913950000000000040e+00
9.263639999999999652e-01
8.892039999999999944e-01
1.521050000000000013e+00
1.833190000000000097e+00
1.330880000000000063e+00
8.789900000000000491e-01
6.513349999999999973e-01
8.651830000000000354e-01
2.712320000000000064e+00
4.919200000000000017e+00
8.367620000000000502e+00
9.533879999999999910e+00
1.127369999999999983e+01
1.482240000000000002e+01
1.503410000000000046e+01
2.558510000000000062e+01
2.624309999999999832e+01
1.899340000000000117e+01
1.218110000000000070e+01
9.748860000000000525e+00
1.063109999999999999e+01
6.799920000000000186e+00
2.584420000000000162e+00
4.353939999999999699e+00
2.721950000000000092e+00
2.443259999999999987e+00
2.266389999999999905e+00
1.661520000000000108e+00
1.117129999999999956e+00
1.026739999999999986e+00
1.362810000000000077e+00
2.433920000000000083e+00
1.876100000000000101e+00
1.805889999999999995e+00
3.980729999999999880e+00
5.176300000000000345e+00
5.451380000000000337e+00
8.018290000000000362e+00
1.021809999999999974e+01
1.066000000000000014e+01
1.308409999999999940e+01
1.110159999999999947e+01
6.788949999999999818e+00
5.264630000000000365e+00
4.916170000000000151e+00
4.510250000000000092e+00
3.706620000000000026e+00
2.822259999999999991e+00
3.324390000000000178e+00
4.578229999999999578e+00
5.918429999999999858e+00
6.240090000000000359e+00
5.650979999999999670e+00
4.962049999999999628e+00
5.242280000000000051e+00
4.188769999999999882e+00
2.968140000000000001e+00
1.046019999999999950e+00
5.428110000000000435e-01
4.378650000000000042e-01
4.290419999999999789e-01
4.697589999999999821e-01
4.955160000000000120e-01
5.019719999999999738e-01
5.012159999999999949e-01
4.883730000000000016e-01
4.378500000000000170e-01
3.718429999999999791e-01
4.263930000000000220e-01
7.532240000000000046e-01
1.983549999999999924e+00
5.563829999999999609e-01
1.985500000000000043e-01
6.108190000000000008e-01
2.738789999999999836e+00
8.339969999999999883e-01
4.209899999999999753e-01
5.497349999999999737e-01
1.122330000000000050e+00
1.040540000000000020e+00
6.933679999999999843e-01
5.258150000000000324e-01
4.376070000000000237e-01
8.261129999999999862e-01
3.991130000000000067e+00
5.305369999999999919e+00
9.616569999999999396e+00
1.035979999999999990e+01
1.124060000000000059e+01
1.361560000000000059e+01
7.252399999999999736e+00
1.889049999999999940e+01
2.297629999999999839e+01
1.435880000000000045e+01
7.640159999999999840e+00
5.547439999999999927e+00
8.938719999999999999e+00
7.344240000000000101e+00
2.173729999999999940e+00
5.295209999999999972e+00
1.990240000000000009e+00
2.408490000000000020e+00
1.954960000000000031e+00
1.687920000000000087e+00
1.280960000000000099e+00
1.138200000000000101e+00
9.990219999999999656e-01
1.795230000000000103e+00
1.163640000000000008e+00
1.067239999999999966e+00
3.221760000000000179e+00
3.977749999999999897e+00
3.319139999999999979e+00
4.854829999999999757e+00
6.610369999999999635e+00
6.464780000000000193e+00
1.035050000000000026e+01
7.857479999999999798e+00
4.047170000000000378e+00
2.944109999999999783e+00
2.911820000000000075e+00
2.781260000000000066e+00
2.323609999999999953e+00
1.608810000000000073e+00
2.304889999999999883e+00
3.391509999999999803e+00
5.152379999999999960e+00
5.708230000000000359e+00
5.700999999999999623e+00
4.902440000000000353e+00
6.493019999999999570e+00
6.205610000000000070e+00
5.405479999999999841e+00
1.354379999999999917e+00
5.374290000000000456e-01
4.142739999999999756e-01
4.169450000000000101e-01
4.677439999999999931e-01
4.953989999999999783e-01
5.019689999999999985e-01
5.012170000000000236e-01
4.881179999999999963e-01
4.334100000000000175e-01
3.450770000000000226e-01
3.519349999999999978e-01
6.261120000000000019e-01
2.451820000000000110e+00
4.702370000000000161e-01
1.458150000000000002e-01
6.714320000000000288e-01
1.466560000000000086e+00
2.673980000000000246e-01
2.192510000000000014e-01
4.217480000000000118e-01
9.381300000000000194e-01
6.100309999999999899e-01
4.993699999999999806e-01
4.492860000000000187e-01
4.197629999999999972e-01
1.580810000000000048e+00
7.484810000000000407e+00
5.139929999999999666e+00
9.504200000000000870e+00
1.107569999999999943e+01
1.209110000000000085e+01
1.620319999999999894e+01
6.921090000000000408e+00
1.216830000000000034e+01
1.644699999999999918e+01
8.516260000000000829e+00
4.297089999999999854e+00
3.099330000000000140e+00
6.662729999999999819e+00
8.216219999999999857e+00
2.257519999999999971e+00
8.297100000000000364e+00
1.817579999999999973e+00
4.075190000000000090e+00
2.415109999999999868e+00
3.653369999999999784e+00
3.240460000000000118e+00
2.629239999999999799e+00
1.355439999999999978e+00
2.238420000000000076e+00
1.241549999999999931e+00
1.247530000000000028e+00
5.496349999999999625e+00
6.549229999999999663e+00
3.916199999999999903e+00
3.975000000000000089e+00
5.102509999999999657e+00
4.065900000000000070e+00
8.266059999999999519e+00
5.673390000000000377e+00
3.295770000000000088e+00
2.185369999999999813e+00
2.570939999999999781e+00
2.536700000000000177e+00
2.274649999999999839e+00
1.156760000000000010e+00
2.108480000000000132e+00
2.198150000000000048e+00
3.954120000000000079e+00
3.598790000000000155e+00
4.831760000000000055e+00
3.631709999999999994e+00
6.498949999999999783e+00
7.366679999999999673e+00
8.146010000000000417e+00
1.785500000000000087e+00
5.071679999999999522e-01
3.825879999999999836e-01
4.047399999999999887e-01
4.660480000000000178e-01
4.953089999999999993e-01
5.019660000000000233e-01
5.011189999999999811e-01
4.879689999999999861e-01
4.302070000000000061e-01
3.228730000000000211e-01
2.788200000000000123e-01
4.344450000000000256e-01
2.536639999999999784e+00
3.409490000000000021e-01
9.348140000000000616e-02
6.947799999999999532e-01
4.653749999999999831e-01
7.294970000000000621e-02
1.366499999999999937e-01
3.807329999999999881e-01
7.289320000000000244e-01
3.479410000000000003e-01
5.787919999999999732e-01
5.239939999999999598e-01
5.513719999999999732e-01
5.405039999999999623e+00
9.866369999999999862e+00
4.224770000000000358e+00
4.189239999999999853e+00
9.335689999999999600e+00
8.027049999999999130e+00
1.784080000000000155e+01
1.810069999999999979e+01
9.793380000000000862e+00
1.050820000000000043e+01
3.301349999999999785e+00
5.043949999999999712e+00
3.719390000000000196e+00
4.794039999999999857e+00
8.043369999999999465e+00
2.530240000000000045e+00
1.017079999999999984e+01
1.572049999999999947e+00
7.851149999999999629e+00
3.038260000000000183e+00
8.495540000000000092e+00
7.194630000000000081e+00
6.694219999999999615e+00
2.674069999999999947e+00
4.077130000000000365e+00
2.053729999999999833e+00
2.728959999999999830e+00
6.642929999999999779e+00
8.422060000000000102e+00
7.070540000000000269e+00
3.024750000000000050e+00
4.099289999999999878e+00
3.016980000000000217e+00
7.257659999999999556e+00
4.464120000000000310e+00
5.218259999999999899e+00
3.026909999999999989e+00
4.557380000000000209e+00
4.239880000000000315e+00
4.951590000000000380e+00
1.171000000000000041e+00
3.299119999999999830e+00
1.160379999999999967e+00
3.280850000000000044e+00
1.364149999999999974e+00
3.443070000000000075e+00
1.944339999999999957e+00
5.301800000000000068e+00
6.968140000000000001e+00
9.990539999999999310e+00
2.339069999999999983e+00
4.402300000000000102e-01
3.467109999999999914e-01
3.942590000000000261e-01
4.648100000000000009e-01
4.952489999999999948e-01
5.019660000000000233e-01
5.001489999999999547e-01
4.913379999999999970e-01
4.191460000000000186e-01
3.069520000000000026e-01
2.251479999999999870e-01
2.662550000000000194e-01
2.322280000000000122e+00
2.247220000000000051e-01
5.099970000000000198e-02
7.014660000000000339e-01
1.308400000000000118e-01
1.072200000000000063e-02
1.098800000000000054e-01
3.374739999999999962e-01
4.389359999999999928e-01
1.921680000000000055e-01
9.512659999999999449e-01
5.752519999999999856e-01
8.178819999999999979e-01
8.412649999999999295e+00
9.574370000000000047e+00
6.415980000000000238e+00
5.639429999999999721e-01
3.082489999999999952e+00
2.285139999999999949e-01
4.423239999999999950e-01
2.522390000000000043e+01
1.411410000000000053e+01
7.399949999999999584e+00
1.305530000000000079e+00
1.123370000000000068e+01
9.513500000000000512e+00
3.220509999999999984e+00
5.987420000000000186e+00
2.325070000000000192e+00
1.087490000000000023e+01
1.005859999999999976e+00
1.020470000000000077e+01
1.633930000000000105e+00
6.326600000000000001e+00
1.476339999999999986e+00
3.184779999999999944e+00
2.354999999999999982e+00
4.824040000000000106e+00
3.145970000000000155e+00
6.042279999999999873e+00
1.602000000000000091e+00
2.527330000000000076e+00
5.780710000000000015e+00
1.173470000000000013e+00
1.911340000000000039e+00
2.338999999999999968e+00
4.975130000000000052e+00
2.179739999999999789e+00
1.062640000000000029e+01
5.109460000000000335e+00
7.734119999999999884e+00
6.217800000000000438e+00
9.726340000000000430e+00
1.293029999999999902e+00
6.550939999999999763e+00
4.729380000000000250e-01
3.644680000000000142e+00
4.121170000000000111e-01
2.659079999999999888e+00
9.223559999999999537e-01
4.114609999999999879e+00
4.854940000000000033e+00
1.089770000000000039e+01
2.917429999999999968e+00
3.510539999999999772e-01
3.188599999999999768e-01
3.875399999999999956e-01
4.640839999999999965e-01
4.951470000000000038e-01
5.019329999999999625e-01
