 0   2 0.01333
 0   3 0.01247
 0   5 0.01080
 0   6 0.00997
 0   7 0.00919
 0   8 0.00842
 0   9 0.00770
 0  10 0.00704
 0  11 0.00644
 0  13 0.00553
 0  14 0.00527
 0  15 0.00519
 0  16 0.00527
 0  18 0.00590
 0  19 0.00640
 0  20 0.00700
 0  21 0.00766
 0  22 0.00837
 0  23 0.00913
 0  24 0.00991
 0  26 0.02349
 0  27 0.02298
 0  29 0.02203
 0  32 0.02087
 0  35 0.02000
 0  38 0.01969
 0  39 0.01955
 0  41 0.01944
 0  42 0.01946
 0  45 0.01990
 0  49 0.02108
 0  50 0.01570
 0  51 0.01547
 0  54 0.01515
 0  56 0.01525
 0  57 0.01538
 0  58 0.01555
 0  61 0.01640
 0  62 0.01678
 0  63 0.01720
 0  64 0.01766
 0  65 0.01816
 0  66 0.01869
 0  67 0.01925
 0  70 0.02111
 0  72 0.02246
 0  75 0.01031
 0  76 0.00996
 0  77 0.00969
 0  78 0.00951
 0  82 0.00970
 0  83 0.00998
 0  85 0.01076
 0  86 0.01124
 0  87 0.01177
 0  88 0.01236
 0  89 0.01299
 0  90 0.01366
 0  91 0.01436
 0  92 0.01508
 0  94 0.01659
 0  95 0.01737
 0  96 0.01817
 0  97 0.01898
 0  99 0.02063
 0 100 0.01597
 0 103 0.02147
 1   6 0.01920
 1   7 0.01837
 1   8 0.01753
 1  10 0.01590
 1  13 0.01353
 1  15 0.01206
 1  17 0.01061
 1  18 0.01001
 1  19 0.00947
 1  20 0.00900
 1  21 0.00860
 1  22 0.00829
 1  23 0.00807
 1  24 0.00797
 1  25 0.02842
 1  27 0.02694
 1  29 0.02546
 1  30 0.02472
 1  32 0.02335
 1  33 0.02271
 1  34 0.02207
 1  35 0.02146
 1  36 0.02087
 1  37 0.02031
 1  38 0.01976
 1  39 0.01927
 1  40 0.01880
 1  41 0.01837
 1  43 0.01765
 1  44 0.01734
 1  45 0.01704
 1  46 0.01678
 1  47 0.01660
 1  48 0.01650
 1  49 0.01644
 1  53 0.02445
 1  54 0.02431
 1  55 0.02421
 1  61 0.02438
 1  62 0.02451
 1  64 0.02490
 1  66 0.02541
 1  67 0.02572
 1  68 0.02606
 1  69 0.02642
 1  71 0.02726
 1  73 0.02819
 1  74 0.02868
 1  75 0.00703
 1  76 0.00610
 1  77 0.00516
 1  78 0.00423
 1  79 0.00330
 1  80 0.00237
 1  81 0.00147
 1  82 0.00066
 1  83 0.00069
 1  84 0.00151
 1  85 0.00242
 1  86 0.00334
 1  87 0.00427
 1  88 0.00520
 1  89 0.00614
 1  90 0.00707
 1  91 0.00801
 1  92 0.00895
 1  93 0.00988
 1  94 0.01082
 1  95 0.01176
 1  96 0.01269
 1  97 0.01363
 1  98 0.01457
 1  99 0.01551
 1 100 0.02533
 1 101 0.00797
 1 103 0.01645
 2   0 0.01141
 2   3 0.01102
 2   4 0.01105
 2   8 0.01196
 2   9 0.01237
 2  10 0.01283
 2  11 0.01337
 2  13 0.01452
 2  14 0.01516
 2  15 0.01581
 2  16 0.01650
 2  17 0.01719
 2  18 0.01793
 2  19 0.01866
 2  21 0.02020
 2  23 0.02179
 2  24 0.02262
 2  25 0.01386
 2  26 0.01370
 2  27 0.01358
 2  28 0.01354
 2  29 0.01356
 2  30 0.01368
 2  32 0.01407
 2  35 0.01508
 2  37 0.01602
 2  38 0.01653
 2  39 0.01706
 2  41 0.01827
 2  42 0.01890
 2  43 0.01956
 2  44 0.02025
 2  45 0.02096
 2  47 0.02240
 2  48 0.02315
 2  49 0.02392
 2  51 0.00993
 2  52 0.00908
 2  53 0.00823
 2  54 0.00742
 2  55 0.00664
 2  56 0.00591
 2  57 0.00524
 2  58 0.00467
 2  59 0.00423
 2  60 0.00398
 2  61 0.00394
 2  62 0.00412
 2  63 0.00451
 2  64 0.00504
 2  65 0.00568
 2  66 0.00640
 2  67 0.00717
 2  69 0.00880
 2  70 0.00965
 2  72 0.01139
 2  74 0.01318
 2  75 0.02300
 2  76 0.02259
 2  78 0.02191
 2  80 0.02136
 2  81 0.02114
 2  82 0.02097
 2  83 0.02084
 2  86 0.02082
 2  88 0.02077
 2  89 0.02089
 2  90 0.02106
 2  92 0.02154
 2  93 0.02183
 2  96 0.02287
 2  97 0.02329
 2  98 0.02373
 2 100 0.01169
 2 103 0.02471
 3   0 0.01050
 3   1 0.00961
 3   3 0.00781
 3   4 0.00696
 3   5 0.00612
 3   6 0.00529
 3   7 0.00452
 3   8 0.00383
 3   9 0.00326
 3  10 0.00289
 3  11 0.00283
 3  13 0.00355
 3  14 0.00418
 3  15 0.00492
 3  16 0.00573
 3  17 0.00657
 3  18 0.00742
 3  19 0.00830
 3  20 0.00919
 3  21 0.01010
 3  22 0.01100
 3  26 0.02367
 3  27 0.02332
 3  29 0.02272
 3  31 0.02232
 3  32 0.02213
 3  33 0.02197
 3  35 0.02180
 3  36 0.02237
 3  38 0.02188
 3  39 0.02200
 3  40 0.02216
 3  42 0.02259
 3  44 0.02315
 3  46 0.02382
 3  47 0.02421
 3  51 0.01117
 3  52 0.01110
 3  53 0.01114
 3  55 0.01149
 3  56 0.01176
 3  57 0.01211
 3  58 0.01251
 3  59 0.01297
 3  60 0.01348
 3  61 0.01403
 3  63 0.01527
 3  64 0.01596
 3  65 0.01667
 3  67 0.01812
 3  68 0.01888
 3  69 0.01964
 3  70 0.02042
 3  71 0.02121
 3  73 0.02282
 3  74 0.02364
 3  75 0.01360
 3  77 0.01346
 3  78 0.01350
 3  79 0.01364
 3  80 0.01377
 3  81 0.01399
 3  82 0.01427
 3  83 0.01461
 3  84 0.01500
 3  85 0.01544
 3  86 0.01592
 3  87 0.01644
 3  88 0.01700
 3  89 0.01759
 3  90 0.01821
 3  91 0.01886
 3  92 0.01953
 3  93 0.02021
 3  94 0.02094
 3  95 0.02165
 3  97 0.02319
 3  99 0.02476
 3 100 0.01142
 3 103 0.02555
 4   3 0.02301
 4   5 0.02197
 4   7 0.02106
 4   8 0.02064
 4  10 0.01994
 4  14 0.01898
 4  15 0.01886
 4  16 0.01878
 4  17 0.01875
 4  18 0.01877
 4  20 0.01894
 4  22 0.01931
 4  23 0.01955
 4  24 0.01984
 4  25 0.01702
 4  27 0.01527
 4  29 0.01354
 4  30 0.01270
 4  31 0.01187
 4  32 0.01106
 4  33 0.01027
 4  34 0.00950
 4  35 0.00878
 4  36 0.00810
 4  37 0.00747
 4  38 0.00690
 4  39 0.00644
 4  40 0.00608
 4  41 0.00586
 4  42 0.00579
 4  43 0.00586
 4  44 0.00609
 4  45 0.00644
 4  47 0.00747
 4  48 0.00809
 4  49 0.00878
 4  50 0.02465
 4  54 0.02209
 4  56 0.02093
 4  57 0.02041
 4  58 0.01991
 4  59 0.01943
 4  60 0.01900
 4  61 0.01859
 4  63 0.01792
 4  64 0.01765
 4  65 0.01742
 4  67 0.01712
 4  69 0.01700
 4  72 0.01721
 4  73 0.01741
 4  74 0.01763
 4  76 0.01844
 4  77 0.01759
 4  80 0.01509
 4  81 0.01429
 4  82 0.01350
 4  83 0.01273
 4  84 0.01199
 4  85 0.01127
 4  86 0.01060
 4  87 0.00996
 4  88 0.00938
 4  89 0.00886
 4  90 0.00841
 4  91 0.00804
 4  92 0.00777
 4  93 0.00761
 4  95 0.00764
 4  96 0.00783
 4  97 0.00811
 4  99 0.00897
 4 101 0.02017
 4 102 0.01791
 5   0 0.00195
 5   1 0.00141
 5   2 0.00139
 5   3 0.00191
 5   4 0.00266
 5   5 0.00351
 5   6 0.00439
 5   7 0.00530
 5   8 0.00621
 5   9 0.00713
 5  10 0.00805
 5  11 0.00898
 5  13 0.01084
 5  14 0.01175
 5  24 0.02143
 5  26 0.02341
 5  28 0.02331
 5  33 0.02410
 5  34 0.02438
 5  35 0.02471
 5  38 0.02573
 5  39 0.02611
 5  40 0.02654
 5  41 0.02700
 5  42 0.02748
 5  43 0.02799
 5  48 0.03086
 5  49 0.03151
 5  50 0.00240
 5  51 0.00244
 5  52 0.00281
 5  53 0.00340
 5  54 0.00413
 5  55 0.00492
 5  56 0.00576
 5  57 0.00663
 5  58 0.00751
 5  59 0.00841
 5  61 0.01028
 5  62 0.01123
 5  64 0.01316
 5  66 0.01502
 5  67 0.01596
 5  68 0.01689
 5  69 0.01783
 5  70 0.01876
 5  71 0.01970
 5  72 0.02065
 5  73 0.02158
 5  74 0.02251
 5  75 0.02221
 5  77 0.02244
 5  78 0.02233
 5  79 0.02248
 5  83 0.02327
 5  84 0.02359
 5  85 0.02392
 5  88 0.02514
 5  89 0.02563
 5  90 0.02614
 5  93 0.02771
 5  97 0.03010
 5 100 0.00272
 5 101 0.02217
 5 102 0.02348
 6   8 0.00973
 6   9 0.00880
 6  10 0.00786
 6  11 0.00693
 6  13 0.00506
 6  14 0.00414
 6  15 0.00322
 6  16 0.00231
 6  17 0.00145
 6  18 0.00077
 6  19 0.00093
 6  20 0.00170
 6  21 0.00259
 6  22 0.00350
 6  23 0.00442
 6  24 0.00535
 6  25 0.02951
 6  26 0.02896
 6  27 0.02845
 6  30 0.02704
 6  31 0.02662
 6  32 0.02622
 6  34 0.02548
 6  36 0.02489
 6  38 0.02441
 6  40 0.02404
 6  45 0.02386
 6  47 0.02404
 6  49 0.02437
 6  50 0.01824
 6  51 0.01838
 6  52 0.01845
 6  53 0.01871
 6  55 0.01900
 6  57 0.01957
 6  61 0.02125
 6  63 0.02225
 6  64 0.02279
 6  65 0.02336
 6  66 0.02395
 6  67 0.02456
 6  69 0.02584
 6  70 0.02651
 6  71 0.02718
 6  75 0.00625
 6  76 0.00635
 6  77 0.00659
 6  78 0.00695
 6  79 0.00741
 6  80 0.00795
 6  81 0.00856
 6  82 0.00923
 6  83 0.00994
 6  84 0.01069
 6  85 0.01146
 6  89 0.01484
 6  90 0.01572
 6  92 0.01746
 6  93 0.01834
 6  95 0.02011
 6  98 0.02278
 6  99 0.02370
 6 100 0.01823
 6 101 0.00628
 7   0 0.01208
 7   2 0.01043
 7   3 0.00963
 7   4 0.00886
 7   5 0.00813
 7   6 0.00745
 7   7 0.00682
 7   8 0.00628
 7   9 0.00583
 7  10 0.00551
 7  11 0.00535
 7  13 0.00552
 7  14 0.00583
 7  15 0.00627
 7  16 0.00682
 7  17 0.00744
 7  18 0.00813
 7  19 0.00886
 7  20 0.00963
 7  21 0.01042
 7  22 0.01125
 7  24 0.01293
 7  25 0.02214
 7  26 0.02169
 7  27 0.02127
 7  29 0.02055
 7  33 0.01958
 7  35 0.01930
 7  36 0.01926
 7  37 0.01926
 7  38 0.01932
 7  41 0.01976
 7  43 0.02024
 7  45 0.02086
 7  47 0.02164
 7  48 0.02208
 7  50 0.01258
 7  51 0.01229
 7  52 0.01206
 7  53 0.01192
 7  54 0.01184
 7  56 0.01193
 7  57 0.01209
 7  59 0.01259
 7  61 0.01334
 7  62 0.01379
 7  63 0.01430
 7  64 0.01485
 7  65 0.01544
 7  66 0.01605
 7  67 0.01669
 7  68 0.01736
 7  69 0.01807
 7  70 0.01878
 7  71 0.01951
 7  72 0.02027
 7  73 0.02104
 7  74 0.02181
 7  75 0.01345
 7  76 0.01317
 7  77 0.01299
 7  78 0.01282
 7  79 0.01295
 7  80 0.01273
 7  82 0.01292
 7  83 0.01311
 7  84 0.01337
 7  85 0.01370
 7  86 0.01407
 7  87 0.01449
 7  88 0.01497
 7  89 0.01548
 7  90 0.01604
 7  91 0.01665
 7  94 0.01860
 7  95 0.01931
 7  97 0.02076
 7  98 0.02151
 7  99 0.02227
 7 100 0.01293
 7 101 0.01378
 7 102 0.02260
 7 103 0.02305
 8   1 0.01640
 8   3 0.01471
 8   4 0.01388
 8   5 0.01308
 8   6 0.01228
 8   7 0.01151
 8   8 0.01077
 8   9 0.01005
 8  10 0.00939
 8  11 0.00877
 8  13 0.00772
 8  14 0.00733
 8  16 0.00687
 8  18 0.00692
 8  19 0.00713
 8  21 0.00787
 8  22 0.00838
 8  23 0.00896
 8  24 0.00960
 8  25 0.02384
 8  27 0.02262
 8  30 0.02100
 8  31 0.02052
 8  32 0.02005
 8  33 0.01963
 8  35 0.01890
 8  38 0.01814
 8  39 0.01793
 8  40 0.01780
 8  41 0.01773
 8  42 0.01771
 8  43 0.01774
 8  44 0.01782
 8  45 0.01794
 8  46 0.01812
 8  48 0.01861
 8  49 0.01891
 8  51 0.01751
 8  52 0.01728
 8  56 0.01686
 8  57 0.01688
 8  59 0.01707
 8  61 0.01748
 8  62 0.01775
 8  63 0.01807
 8  65 0.01881
 8  68 0.02022
 8  69 0.02074
 8  70 0.02131
 8  73 0.02316
 8  74 0.02380
 8  75 0.00969
 8  77 0.00868
 8  78 0.00829
 8  79 0.00800
 8  81 0.00773
 8  82 0.00776
 8  84 0.00815
 8  85 0.00851
 8  86 0.00894
 8  87 0.00944
 8  88 0.01001
 8  89 0.01064
 8  90 0.01131
 8  91 0.01201
 8  92 0.01275
 8  93 0.01350
 8  94 0.01429
 8  95 0.01509
 8  96 0.01590
 8  97 0.01673
 8  99 0.01841
 8 100 0.01812
 8 101 0.01028
 8 102 0.02449
 8 103 0.01927
 9   0 0.01379
 9   3 0.01109
 9   4 0.01022
 9   5 0.00933
 9   6 0.00847
 9   7 0.00764
 9   8 0.00683
 9   9 0.00605
 9  10 0.00534
 9  11 0.00469
 9  13 0.00381
 9  14 0.00366
 9  15 0.00376
 9  16 0.00408
 9  17 0.00458
 9  18 0.00520
 9  19 0.00591
 9  20 0.00668
 9  22 0.00833
 9  23 0.00917
 9  24 0.01004
 9  25 0.02480
 9  26 0.02431
 9  31 0.02230
 9  32 0.02201
 9  33 0.02172
 9  38 0.02103
 9  39 0.02097
 9  40 0.02110
 9  41 0.02104
 9  43 0.02124
 9  44 0.02142
 9  48 0.02247
 9  49 0.02283
 9  50 0.01449
 9  51 0.01435
 9  53 0.01425
 9  54 0.01430
 9  55 0.01440
 9  57 0.01479
 9  59 0.01544
 9  60 0.01586
 9  61 0.01627
 9  62 0.01674
 9  63 0.01725
 9  64 0.01779
 9  65 0.01836
 9  66 0.01897
 9  67 0.01959
 9  68 0.02023
 9  69 0.02092
 9  71 0.02234
 9  77 0.01033
 9  78 0.01030
 9  81 0.01072
 9  83 0.01138
 9  84 0.01182
 9  85 0.01230
 9  86 0.01283
 9  87 0.01341
 9  88 0.01403
 9  89 0.01469
 9  90 0.01538
 9  91 0.01609
 9  92 0.01681
 9  94 0.01835
 9  95 0.01913
 9  96 0.01993
 9  97 0.02074
 9  98 0.02156
 9  99 0.02239
 9 100 0.01469
 9 103 0.02323
10   0 0.01240
10   4 0.01066
10   6 0.01021
10   8 0.01007
10   9 0.01014
10  10 0.01030
10  11 0.01055
10  13 0.01128
10  14 0.01173
10  15 0.01223
10  16 0.01277
10  17 0.01339
10  20 0.01538
10  22 0.01685
10  25 0.01625
10  26 0.01585
10  32 0.01454
10  37 0.01514
10  38 0.01540
10  39 0.01572
10  40 0.01610
10  41 0.01652
10  43 0.01750
10  44 0.01804
10  46 0.01922
10  50 0.01226
10  51 0.01158
10  52 0.01093
10  53 0.01034
10  54 0.00980
10  55 0.00933
10  56 0.00892
10  57 0.00861
10  58 0.00839
10  61 0.00835
10  62 0.00855
10  63 0.00884
10  64 0.00923
10  65 0.00968
10  66 0.01022
10  67 0.01080
10  68 0.01143
10  69 0.01211
10  70 0.01281
10  71 0.01354
10  72 0.01430
10  73 0.01508
10  75 0.01870
10  78 0.01751
10  79 0.01720
10  80 0.01694
10  81 0.01672
10  85 0.01637
10  86 0.01641
10  87 0.01651
10  88 0.01665
10  90 0.01710
10  91 0.01740
10  92 0.01776
10  93 0.01814
10  95 0.01904
10  97 0.02011
10  99 0.02126
10 101 0.01917
10 102 0.01669
11   0 0.02102
11   5 0.01852
11   7 0.01777
11   8 0.01743
11   9 0.01716
11  11 0.01678
11  13 0.01660
11  14 0.01662
11  17 0.01683
11  19 0.01723
11  21 0.01784
11  22 0.01822
11  24 0.01909
11  26 0.01454
11  30 0.01157
11  31 0.01092
11  32 0.01031
11  33 0.00975
11  34 0.00925
11  35 0.00883
11  36 0.00850
11  37 0.00825
11  38 0.00811
11  39 0.00807
11  40 0.00815
11  41 0.00833
11  43 0.00899
11  44 0.00945
11  45 0.00996
11  46 0.01054
11  48 0.01184
11  49 0.01254
11  51 0.02025
11  53 0.01893
11  54 0.01832
11  55 0.01774
11  56 0.01716
11  57 0.01664
11  58 0.01616
11  59 0.01571
11  60 0.01531
11  61 0.01496
11  63 0.01441
11  64 0.01423
11  68 0.01413
11  69 0.01423
11  71 0.01465
11  74 0.01569
11  78 0.01654
11  79 0.01583
11  80 0.01514
11  81 0.01448
11  82 0.01386
11  83 0.01327
11  84 0.01273
11  85 0.01223
11  86 0.01178
11  87 0.01140
11  88 0.01108
11  91 0.01060
11  92 0.01058
11  93 0.01067
11  94 0.01084
11  95 0.01108
11  96 0.01140
11  97 0.01179
11  98 0.01223
11  99 0.01273
11 101 0.01957
11 102 0.01613
12   0 0.01409
12   1 0.01399
12   2 0.01396
12   3 0.01398
12   4 0.01407
12   7 0.01470
12   9 0.01545
12  10 0.01589
12  11 0.01637
12  13 0.01744
12  15 0.01861
12  16 0.01925
12  17 0.01990
12  18 0.02057
12  19 0.02127
12  21 0.02269
12  22 0.02345
12  23 0.02420
12  25 0.01080
12  27 0.01064
12  28 0.01067
12  30 0.01099
12  31 0.01127
12  32 0.01161
12  33 0.01203
12  34 0.01250
12  35 0.01301
12  37 0.01419
12  38 0.01484
12  41 0.01697
12  42 0.01773
12  43 0.01849
12  44 0.01925
12  45 0.02005
12  46 0.02084
12  47 0.02165
12  48 0.02247
12  50 0.01333
12  51 0.01241
12  52 0.01151
12  54 0.00969
12  55 0.00880
12  56 0.00791
12  57 0.00706
12  58 0.00621
12  59 0.00539
12  60 0.00463
12  61 0.00394
12  62 0.00337
12  63 0.00301
12  64 0.00294
12  65 0.00315
12  66 0.00362
12  67 0.00424
12  68 0.00497
12  70 0.00659
12  71 0.00744
12  74 0.01010
12  77 0.02435
12  81 0.02290
12  82 0.02261
12  83 0.02233
12  84 0.02212
12  85 0.02194
12  89 0.02169
12  91 0.02179
12  96 0.02271
12  97 0.02303
12  99 0.02373
12 100 0.01426
12 101 0.02576
12 102 0.01101
13   0 0.01925
13   4 0.01556
13   8 0.01201
13   9 0.01107
13  10 0.01013
13  11 0.00922
13  16 0.00496
13  17 0.00429
13  18 0.00373
13  19 0.00335
13  20 0.00321
13  21 0.00333
13  22 0.00370
13  23 0.00424
13  24 0.00491
13  27 0.02735
13  31 0.02514
13  36 0.02300
13  37 0.02264
13  38 0.02233
13  40 0.02183
13  41 0.02165
13  43 0.02140
13  45 0.02128
13  46 0.02150
13  51 0.02055
13  52 0.01997
13  53 0.01991
13  54 0.01996
13  55 0.02009
13  56 0.02025
13  57 0.02294
13  58 0.02065
13  61 0.02154
13  62 0.02191
13  63 0.02233
13  64 0.02276
13  66 0.02373
13  67 0.02425
13  68 0.02478
13  73 0.02785
13  74 0.02852
13  75 0.00518
13  76 0.00484
13  77 0.00467
13  78 0.00468
13  79 0.00488
13  80 0.00525
13  81 0.00574
13  82 0.00633
13  83 0.00700
13  84 0.00773
13  85 0.00850
13  89 0.01190
13  90 0.01278
13  91 0.01367
13  92 0.01456
13  93 0.01545
13  94 0.01635
13  95 0.01726
13  96 0.01816
13 100 0.02018
13 101 0.00565
13 102 0.02920
13 103 0.02179
14   0 0.02487
14   1 0.02402
14   2 0.02318
14   3 0.02238
14   4 0.02157
14   5 0.02078
14   6 0.01999
14   7 0.01922
14   8 0.01846
14   9 0.01771
14  10 0.01701
14  11 0.01631
14  14 0.01439
14  15 0.01382
14  16 0.01331
14  18 0.01237
14  19 0.01196
14  23 0.01111
14  24 0.01110
14  26 0.02514
14  29 0.02279
14  31 0.02130
14  32 0.02057
14  33 0.01987
14  34 0.01918
14  35 0.01852
14  36 0.01788
14  37 0.01727
14  38 0.01668
14  39 0.01614
14  40 0.01564
14  41 0.01518
14  42 0.01476
14  44 0.01407
14  45 0.01379
14  48 0.01330
14  49 0.01330
14  51 0.02498
14  52 0.02467
14  53 0.02441
14  58 0.02341
14  60 0.02327
14  61 0.02323
14  62 0.02326
14  63 0.02332
14  64 0.02342
14  65 0.02356
14  67 0.02396
14  70 0.02479
14  71 0.02514
14  72 0.02551
14  73 0.02592
14  74 0.02635
14  75 0.01025
14  76 0.00932
14  77 0.00839
14  78 0.00747
14  79 0.00655
14  80 0.00563
14  81 0.00473
14  82 0.00384
14  83 0.00298
14  84 0.00218
14  85 0.00156
14  86 0.00136
14  87 0.00174
14  88 0.00244
14  89 0.00327
14  90 0.00414
14  91 0.00504
14  92 0.00594
14  93 0.00686
14  94 0.00778
14  95 0.00871
14  96 0.00964
14  97 0.01057
14  98 0.01150
14  99 0.01243
14 100 0.02571
14 101 0.01118
14 103 0.01336
15   0 0.00856
15   1 0.00765
15   2 0.00674
15   3 0.00585
15   4 0.00497
15   5 0.00410
15   6 0.00329
15   7 0.00256
15   8 0.00204
15   9 0.00186
15  10 0.00215
15  11 0.00275
15  13 0.00437
15  14 0.00525
15  15 0.00614
15  16 0.00703
15  19 0.00979
15  20 0.01072
15  21 0.01165
15  22 0.01258
15  23 0.01352
15  24 0.01445
15  26 0.02398
15  27 0.02372
15  28 0.02346
15  30 0.02304
15  31 0.02305
15  34 0.02275
15  35 0.02287
15  36 0.02322
15  45 0.02504
15  46 0.02544
15  49 0.02683
15  50 0.00936
15  51 0.00932
15  52 0.00939
15  53 0.00956
15  54 0.00980
15  55 0.01015
15  56 0.01055
15  57 0.01100
15  58 0.01153
15  59 0.01211
15  60 0.01272
15  61 0.01337
15  62 0.01405
15  63 0.01476
15  64 0.01550
15  67 0.01783
15  69 0.01949
15  70 0.02034
15  72 0.02202
15  74 0.02374
15  75 0.01529
15  76 0.01529
15  77 0.01529
15  78 0.01538
15  83 0.01661
15  84 0.01701
15  85 0.01745
15  86 0.01792
15  87 0.01843
15  88 0.01898
15  89 0.01956
15  90 0.02016
15  91 0.02080
15  92 0.02145
15  93 0.02214
15  94 0.02283
15  95 0.02354
15  97 0.02503
15  98 0.02578
15  99 0.02654
15 100 0.00948
15 101 0.01539
15 103 0.02733
16   0 0.01457
16   1 0.01403
16   2 0.01354
16   3 0.01311
16   4 0.01272
16   6 0.01213
16   7 0.01194
16   8 0.01182
16   9 0.01179
16  10 0.01183
16  11 0.01194
16  13 0.01231
16  14 0.01261
16  15 0.01298
16  16 0.01341
16  17 0.01389
16  18 0.01441
16  19 0.01498
16  20 0.01558
16  21 0.01621
16  22 0.01686
16  23 0.01756
16  24 0.01827
16  25 0.01549
16  26 0.01497
16  28 0.01411
16  29 0.01376
16  30 0.01345
16  31 0.01321
16  33 0.01293
16  34 0.01292
16  35 0.01298
16  36 0.01319
16  38 0.01338
16  39 0.01366
16  40 0.01400
16  41 0.01439
16  42 0.01485
16  44 0.01587
16  49 0.01900
16  51 0.01375
16  53 0.01247
16  56 0.01089
16  57 0.01049
16  58 0.01015
16  59 0.00989
16  60 0.00972
16  62 0.00964
16  63 0.00974
16  64 0.00994
16  65 0.01021
16  66 0.01056
16  67 0.01098
16  68 0.01146
16  69 0.01200
16  71 0.01321
16  72 0.01387
16  73 0.01457
16  74 0.01528
16  77 0.01740
16  78 0.01696
16  80 0.01617
16  81 0.01584
16  82 0.01557
16  83 0.01531
16  84 0.01513
16  85 0.01501
16  86 0.01496
16  87 0.01496
16  88 0.01503
16  89 0.01515
16  90 0.01533
16  91 0.01557
16  92 0.01587
16  93 0.01620
16  94 0.01660
16  95 0.01705
16  96 0.01751
16  98 0.01856
16  99 0.01912
16 102 0.01603
16 103 0.01971
17   0 0.03187
17   4 0.02934
17   5 0.02873
17   6 0.02815
17   7 0.02759
17   9 0.02654
17  11 0.02554
17  14 0.02429
17  15 0.02394
17  17 0.02334
17  19 0.02289
17  21 0.02259
17  22 0.02246
17  23 0.02230
17  24 0.02228
17  25 0.02291
17  26 0.02191
17  27 0.02098
17  28 0.02006
17  36 0.01240
17  37 0.01148
17  38 0.01056
17  39 0.00964
17  40 0.00873
17  41 0.00782
17  42 0.00692
17  43 0.00603
17  44 0.00517
17  45 0.00433
17  46 0.00354
17  47 0.00284
17  48 0.00232
17  49 0.00211
17  50 0.03196
17  51 0.03135
17  53 0.03015
17  56 0.02847
17  57 0.02797
17  60 0.02657
17  61 0.02616
17  64 0.02509
17  65 0.02480
17  66 0.02453
17  67 0.02427
17  70 0.02380
17  71 0.02379
17  72 0.02367
17  73 0.02367
17  75 0.02136
17  76 0.02042
17  77 0.01948
17  78 0.01855
17  79 0.01761
17  80 0.01667
17  81 0.01574
17  82 0.01480
17  83 0.01386
17  84 0.01293
17  85 0.01199
17  86 0.01106
17  87 0.01012
17  88 0.00919
17  89 0.00826
17  90 0.00733
17  91 0.00640
17  92 0.00547
17  93 0.00455
17  94 0.00363
17  95 0.00274
17  96 0.00188
17  97 0.00115
17  98 0.00094
17  99 0.00149
17 101 0.02230
17 102 0.02384
17 103 0.00230
18   0 0.00466
18   1 0.00398
18   2 0.00342
18   3 0.00305
18   4 0.00294
18   5 0.00313
18   6 0.00356
18   7 0.00416
18   8 0.00487
18  14 0.01016
18  15 0.01107
18  16 0.01202
18  17 0.01287
18  18 0.01379
18  19 0.01483
18  20 0.01560
18  21 0.01670
18  22 0.01764
18  23 0.01857
18  24 0.01951
18  29 0.02168
18  34 0.02229
18  35 0.02245
18  36 0.02271
18  37 0.02301
18  38 0.02337
18  39 0.02370
18  42 0.02498
18  43 0.02546
18  44 0.02596
18  46 0.02705
18  50 0.00498
18  51 0.00468
18  52 0.00456
18  53 0.00463
18  54 0.00488
18  55 0.00529
18  57 0.00647
18  59 0.00802
18  60 0.00886
18  61 0.00970
18  62 0.01056
18  63 0.01140
18  64 0.01226
18  65 0.01312
18  66 0.01400
18  68 0.01577
18  70 0.01757
18  71 0.01847
18  72 0.01939
18  74 0.02122
18  76 0.02005
18  77 0.02001
18  79 0.02006
18  80 0.02015
18  81 0.02030
18  82 0.02049
18  85 0.02130
18  88 0.02247
18  89 0.02294
18  90 0.02343
18  91 0.02392
18  93 0.02500
18  94 0.02556
18  95 0.02616
18  97 0.02740
18  98 0.02806
18 100 0.00542
18 101 0.02045
18 102 0.02214
19   0 0.00881
19   2 0.00782
19   3 0.00746
19   4 0.00721
19   5 0.00707
19   6 0.00706
19   7 0.00717
19   8 0.00740
19   9 0.00774
19  10 0.00818
19  11 0.00870
19  13 0.00993
19  15 0.01134
19  17 0.01286
19  18 0.01367
19  19 0.01449
19  20 0.01532
19  21 0.01618
19  23 0.01789
19  27 0.01791
19  30 0.01761
19  31 0.01761
19  32 0.01767
19  33 0.01779
19  34 0.01789
19  39 0.01928
19  40 0.01968
19  41 0.02011
19  43 0.02110
19  44 0.02163
19  46 0.02276
19  47 0.02337
19  49 0.02469
19  51 0.00811
19  52 0.00755
19  53 0.00707
19  54 0.00669
19  55 0.00643
19  56 0.00630
19  57 0.00631
19  58 0.00646
19  59 0.00675
19  60 0.00715
19  61 0.00764
19  62 0.00821
19  63 0.00885
19  64 0.00954
19  65 0.01026
19  66 0.01103
19  68 0.01264
19  69 0.01346
19  71 0.01516
19  72 0.01602
19  73 0.01689
19  75 0.01930
19  77 0.01878
19  80 0.01834
19  81 0.01830
19  82 0.01830
19  84 0.01847
19  85 0.01866
19  88 0.01932
19  89 0.01964
19  92 0.02083
19  93 0.02129
19  94 0.02178
19  95 0.02231
19  96 0.02285
19  99 0.02470
19 100 0.00941
19 101 0.01963
19 102 0.01864
19 103 0.02535
20   0 0.00108
20   1 0.00114
20   2 0.00179
20   3 0.00262
20   4 0.00351
20   5 0.00442
20   6 0.00533
20   7 0.00626
20   8 0.00718
20   9 0.00811
20  10 0.00905
20  11 0.00998
20  13 0.01185
20  14 0.01278
20  15 0.01372
20  16 0.01465
20  21 0.01970
20  25 0.02364
20  26 0.02362
20  27 0.02364
20  28 0.02377
20  32 0.02441
20  36 0.02568
20  37 0.02604
20  40 0.02734
20  44 0.02942
20  45 0.02998
20  48 0.03179
20  49 0.03243
20  50 0.00133
20  51 0.00159
20  52 0.00225
20  53 0.00305
20  54 0.00392
20  55 0.00481
20  56 0.00572
20  57 0.00664
20  58 0.00756
20  59 0.00848
20  60 0.00942
20  61 0.01037
20  64 0.01328
20  65 0.01422
20  66 0.01516
20  69 0.01798
20  70 0.01892
20  71 0.02011
20  73 0.02176
20  74 0.02270
20  75 0.02316
20  76 0.02332
20  77 0.02352
20  78 0.02339
20  79 0.02355
20  83 0.02437
20  84 0.02468
20  87 0.02578
20  88 0.02622
20  89 0.02669
20  90 0.02720
20  96 0.03048
20  97 0.03108
20 100 0.00167
20 101 0.02315
20 102 0.02363
21   0 0.03020
21   1 0.02959
21   2 0.02897
21   3 0.02839
21   4 0.02780
21   9 0.02530
21  11 0.02447
21  15 0.02317
21  16 0.02294
21  17 0.02274
21  20 0.02238
21  21 0.02238
21  22 0.02259
21  23 0.02239
21  24 0.02250
21  25 0.02033
21  26 0.01939
21  27 0.01852
21  28 0.01762
21  32 0.01382
21  33 0.01288
21  37 0.00908
21  38 0.00817
21  39 0.00727
21  40 0.00638
21  41 0.00550
21  42 0.00465
21  43 0.00384
21  44 0.00311
21  45 0.00251
21  46 0.00218
21  47 0.00221
21  48 0.00262
21  49 0.00325
21  51 0.02950
21  56 0.02645
21  58 0.02537
21  59 0.02486
21  60 0.02439
21  62 0.02352
21  63 0.02313
21  67 0.02187
21  68 0.02166
21  69 0.02147
21  70 0.02134
21  71 0.02126
21  72 0.02153
21  73 0.02121
21  74 0.02123
21  78 0.01884
21  79 0.01791
21  81 0.01605
21  85 0.01240
21  86 0.01150
21  87 0.01060
21  88 0.00972
21  89 0.00885
21  90 0.00799
21  91 0.00715
21  92 0.00634
21  93 0.00556
21  94 0.00485
21  95 0.00423
21  96 0.00374
21  97 0.00344
21  98 0.00339
21  99 0.00358
21 100 0.03086
21 102 0.02126
21 103 0.00400
22   1 0.01638
22   4 0.01482
22   5 0.01439
22   6 0.01401
22   7 0.01368
22   8 0.01341
22   9 0.01319
22  11 0.01296
22  13 0.01302
22  15 0.01335
22  16 0.01360
22  17 0.01392
22  18 0.01431
22  19 0.01473
22  20 0.01519
22  21 0.01570
22  25 0.01598
22  26 0.01536
22  27 0.01477
22  28 0.01421
22  29 0.01370
22  30 0.01322
22  32 0.01246
22  33 0.01215
22  36 0.01166
22  37 0.01165
22  38 0.01172
22  39 0.01186
22  40 0.01208
22  41 0.01235
22  42 0.01271
22  43 0.01312
22  44 0.01357
22  45 0.01409
22  47 0.01523
22  48 0.01586
22  49 0.01650
22  50 0.01691
22  51 0.01626
22  52 0.01563
22  53 0.01505
22  55 0.01398
22  56 0.01352
22  57 0.01311
22  58 0.01276
22  59 0.01245
22  60 0.01223
22  61 0.01207
22  62 0.01198
22  64 0.01202
22  65 0.01215
22  66 0.01236
22  67 0.01263
22  68 0.01296
22  69 0.01335
22  71 0.01429
22  72 0.01483
22  73 0.01540
22  74 0.01601
22  75 0.01742
22  78 0.01557
22  79 0.01504
22  80 0.01455
22  81 0.01411
22  82 0.01372
22  83 0.01337
22  84 0.01309
22  85 0.01287
22  86 0.01272
22  87 0.01264
22  88 0.01262
22  89 0.01268
22  90 0.01281
22  92 0.01327
22  93 0.01359
22  95 0.01442
22  96 0.01489
22  98 0.01598
22 101 0.01807
22 102 0.01665
23   1 0.02711
23   3 0.02627
23   4 0.02589
23   5 0.02554
23   7 0.02494
23   9 0.02443
23  10 0.02424
23  14 0.02426
23  17 0.02392
23  18 0.02399
23  20 0.02429
23  21 0.02450
23  23 0.02501
23  24 0.02531
23  25 0.01382
23  26 0.01288
23  27 0.01194
23  28 0.01100
23  29 0.01007
23  30 0.00913
23  31 0.00819
23  32 0.00726
23  33 0.00632
23  34 0.00539
23  35 0.00445
23  37 0.00262
23  38 0.00174
23  39 0.00099
23  40 0.00082
23  41 0.00146
23  42 0.00232
23  43 0.00322
23  44 0.00414
23  45 0.00506
23  46 0.00599
23  47 0.00692
23  48 0.00785
23  49 0.00879
23  50 0.02728
23  51 0.02650
23  52 0.02573
23  53 0.02498
23  54 0.02421
23  55 0.02350
23  56 0.02278
23  58 0.02139
23  59 0.02073
23  60 0.02009
23  61 0.01946
23  62 0.01883
23  64 0.01772
23  65 0.01723
23  66 0.01678
23  67 0.01637
23  68 0.01600
23  69 0.01569
23  70 0.01565
23  71 0.01521
23  72 0.01505
23  73 0.01488
23  76 0.02393
23  77 0.02307
23  78 0.02223
23  79 0.02139
23  81 0.01974
23  82 0.01892
23  83 0.01813
23  84 0.01734
23  85 0.01658
23  86 0.01584
23  87 0.01512
23  88 0.01444
23  89 0.01376
23  90 0.01311
23  92 0.01196
23  93 0.01141
23  94 0.01092
23 101 0.02565
23 102 0.01475
23 103 0.00972
24   1 0.02654
24   4 0.02510
24   6 0.02429
24   8 0.02358
24  10 0.02301
24  13 0.02243
24  16 0.02210
24  17 0.02210
24  18 0.02214
24  19 0.02221
24  20 0.02232
24  27 0.01395
24  28 0.01300
24  29 0.01209
24  30 0.01117
24  31 0.01025
24  33 0.00843
24  34 0.00754
24  36 0.00578
24  37 0.00493
24  38 0.00413
24  39 0.00341
24  40 0.00282
24  41 0.00249
24  42 0.00249
24  43 0.00283
24  44 0.00341
24  45 0.00411
24  46 0.00490
24  47 0.00574
24  48 0.00661
24  49 0.00749
24  50 0.02688
24  53 0.02472
24  54 0.02404
24  55 0.02337
24  57 0.02208
24  59 0.02090
24  60 0.02034
24  61 0.01981
24  62 0.01931
24  64 0.01843
24  66 0.01762
24  67 0.01732
24  69 0.01685
24  70 0.01671
24  72 0.01654
24  75 0.02258
24  76 0.02170
24  79 0.01911
24  80 0.01827
24  81 0.01743
24  82 0.01660
24  83 0.01579
24  84 0.01499
24  85 0.01421
24  87 0.01272
24  88 0.01202
24  89 0.01134
24  90 0.01068
24  91 0.01008
24  93 0.00907
24  94 0.00867
24  95 0.00837
24  96 0.00815
24  97 0.00804
24  98 0.00805
24 100 0.02762
24 103 0.00838
25   0 0.01726
25   3 0.01469
25   5 0.01303
25   6 0.01221
25   7 0.01143
25   8 0.01066
25   9 0.00993
25  10 0.00924
25  11 0.00859
25  13 0.00747
25  14 0.00705
25  15 0.00672
25  16 0.00653
25  17 0.00646
25  18 0.00653
25  19 0.00673
25  21 0.00747
25  23 0.00858
25  24 0.00924
25  27 0.02302
25  28 0.02246
25  30 0.02140
25  31 0.02092
25  32 0.02045
25  33 0.02002
25  35 0.01930
25  36 0.01900
25  38 0.01851
25  41 0.01811
25  42 0.01808
25  43 0.01810
25  44 0.01816
25  45 0.01828
25  46 0.01847
25  47 0.01865
25  48 0.01891
25  49 0.01921
25  53 0.01720
25  54 0.01721
25  56 0.01704
25  58 0.01715
25  60 0.01749
25  62 0.01801
25  63 0.01834
25  64 0.01872
25  65 0.01912
25  66 0.01957
25  67 0.02005
25  68 0.02055
25  69 0.02109
25  70 0.02165
25  72 0.02287
25  73 0.02353
25  74 0.02419
25  76 0.00882
25  77 0.00838
25  78 0.00801
25  79 0.00776
25  80 0.00760
25  82 0.00764
25  83 0.00783
25  84 0.00813
25  85 0.00852
25  86 0.00899
25  87 0.00953
25  88 0.01013
25  89 0.01078
25  90 0.01147
25  91 0.01219
25  92 0.01295
25  93 0.01372
25  94 0.01451
25  95 0.01533
25  97 0.01698
25  98 0.01783
25  99 0.01868
25 101 0.00992
25 102 0.02487
25 103 0.01955
26   0 0.01033
26   1 0.00956
26   2 0.00882
26   4 0.00747
26   5 0.00689
26   6 0.00640
26   7 0.00602
26   8 0.00576
26   9 0.00567
26  10 0.00572
26  11 0.00593
26  13 0.00674
26  14 0.00728
26  15 0.00791
26  16 0.00860
26  17 0.00932
26  18 0.01010
26  19 0.01088
26  20 0.01170
26  21 0.01253
26  22 0.01338
26  23 0.01424
26  26 0.02046
26  28 0.01982
26  29 0.01956
26  31 0.01915
26  33 0.01896
26  34 0.01905
26  35 0.01916
26  38 0.01931
26  40 0.01975
26  42 0.02036
26  46 0.02200
26  50 0.01069
26  51 0.01031
26  52 0.01001
26  53 0.00980
26  54 0.00967
26  55 0.00963
26  60 0.01080
26  61 0.01125
26  62 0.01176
26  63 0.01233
26  64 0.01293
26  65 0.01357
26  66 0.01425
26  68 0.01569
26  69 0.01644
26  71 0.01800
26  72 0.01879
26  73 0.01960
26  74 0.02042
26  75 0.01567
26  79 0.01520
26  80 0.01495
26  81 0.01498
26  82 0.01507
26  84 0.01542
26  85 0.01568
26  88 0.01677
26  89 0.01724
26  90 0.01773
26  91 0.01825
26  93 0.01938
26  95 0.02061
26  96 0.02128
26  97 0.02194
26  98 0.02264
26 101 0.01598
26 103 0.02409
27   2 0.02131
27   3 0.02128
27   4 0.02133
27   5 0.02139
27   6 0.02150
27   7 0.02164
27   8 0.02183
27   9 0.02207
27  10 0.02236
27  13 0.02329
27  16 0.02449
27  19 0.02601
27  20 0.02657
27  22 0.02776
27  25 0.00445
27  26 0.00388
27  27 0.00347
27  28 0.00329
27  29 0.00337
27  30 0.00369
27  31 0.00420
27  32 0.00485
27  33 0.00557
27  34 0.00634
27  37 0.00899
27  38 0.00994
27  39 0.01086
27  40 0.01179
27  41 0.01273
27  42 0.01356
27  43 0.01447
27  44 0.01539
27  45 0.01647
27  46 0.01741
27  47 0.01835
27  48 0.01928
27  49 0.01998
27  51 0.01984
27  54 0.01710
27  56 0.01529
27  57 0.01439
27  58 0.01349
27  59 0.01261
27  60 0.01173
27  61 0.01086
27  62 0.00997
27  63 0.00910
27  64 0.00824
27  68 0.00513
27  69 0.00459
27  70 0.00418
27  71 0.00397
27  72 0.00397
27  73 0.00418
27  74 0.00458
27  77 0.02761
27  78 0.02700
27  80 0.02586
27  81 0.02529
27  82 0.02475
27  83 0.02425
27  86 0.02289
27  88 0.02210
27  89 0.02178
27  92 0.02102
27  94 0.02243
27  95 0.02203
27  96 0.02172
27  97 0.02062
27  98 0.02068
27  99 0.02077
27 102 0.00513
27 103 0.02090
28   1 0.02772
28   3 0.02657
28   5 0.02552
28   9 0.02369
28  10 0.02330
28  11 0.02296
28  14 0.02208
28  15 0.02188
28  16 0.02172
28  18 0.02151
28  19 0.02147
28  20 0.02146
28  21 0.02150
28  24 0.02188
28  25 0.01864
28  26 0.01797
28  27 0.01703
28  28 0.01610
28  29 0.01496
28  30 0.01422
28  31 0.01311
28  32 0.01235
28  33 0.01130
28  34 0.01041
28  35 0.00952
28  36 0.00862
28  37 0.00771
28  40 0.00514
28  41 0.00441
28  42 0.00379
28  43 0.00331
28  44 0.00306
28  45 0.00308
28  46 0.00338
28  47 0.00388
28  48 0.00453
28  49 0.00526
28  50 0.02823
28  51 0.02754
28  53 0.02623
28  54 0.02562
28  56 0.02442
28  57 0.02387
28  59 0.02282
28  60 0.02234
28  61 0.02189
28  62 0.02146
28  63 0.02108
28  64 0.02072
28  65 0.02040
28  66 0.02011
28  67 0.01985
28  68 0.01965
28  70 0.02074
28  72 0.01933
28  73 0.01935
28  74 0.01943
28  75 0.02119
28  80 0.01669
28  81 0.01581
28  82 0.01493
28  83 0.01405
28  85 0.01232
28  87 0.01065
28  89 0.00897
28  91 0.00753
28  92 0.00689
28  93 0.00632
28  94 0.00585
28  95 0.00549
28  96 0.00529
28  97 0.00524
28  98 0.00536
28  99 0.00564
28 101 0.02208
28 102 0.01956
28 103 0.00605
29   0 0.03036
29   1 0.02964
29   2 0.02893
29   5 0.02693
29   6 0.02629
29   7 0.02566
29   8 0.02504
29   9 0.02445
29  10 0.02391
29  11 0.02338
29  14 0.02196
29  16 0.02116
29  17 0.02083
29  19 0.02027
29  21 0.01980
29  23 0.01953
29  24 0.01948
29  27 0.02187
29  31 0.01825
29  32 0.01734
29  34 0.01556
29  35 0.01465
29  36 0.01381
29  39 0.01102
29  40 0.01021
29  41 0.00940
29  42 0.00861
29  43 0.00786
29  44 0.00715
29  45 0.00650
29  46 0.00593
29  47 0.00546
29  48 0.00512
29  49 0.00494
29  50 0.03048
29  51 0.02993
29  52 0.02938
29  57 0.02702
29  58 0.02660
29  63 0.02500
29  65 0.02458
29  67 0.02429
29  69 0.02427
29  70 0.02412
29  71 0.02415
29  74 0.02444
29  75 0.01854
29  76 0.01761
29  77 0.01667
29  78 0.01573
29  79 0.01479
29  80 0.01386
29  81 0.01292
29  82 0.01198
29  83 0.01104
29  84 0.01011
29  85 0.00917
29  86 0.00823
29  87 0.00730
29  88 0.00636
29  89 0.00542
29  90 0.00449
29  91 0.00356
29  92 0.00263
29  93 0.00171
29  94 0.00084
29  95 0.00049
29  96 0.00124
29  97 0.00214
29  98 0.00307
29  99 0.00400
29 100 0.03107
29 101 0.01948
29 102 0.02465
29 103 0.00493
30   0 0.01957
30   1 0.01863
30   2 0.01769
30   3 0.01675
30   4 0.01582
30   5 0.01488
30   6 0.01394
30   7 0.01300
30   8 0.01206
30   9 0.01113
30  10 0.01019
30  11 0.00925
30  13 0.00737
30  14 0.00644
30  15 0.00550
30  16 0.00456
30  17 0.00363
30  18 0.00269
30  19 0.00176
30  20 0.00083
30  21 0.00025
30  22 0.00109
30  23 0.00202
30  24 0.00295
30  26 0.03075
30  27 0.03020
30  30 0.02862
30  31 0.02814
30  35 0.02642
30  36 0.02608
30  40 0.02493
30  41 0.02473
30  45 0.02440
30  46 0.02427
30  47 0.02429
30  48 0.02441
30  49 0.02449
30  50 0.02058
30  51 0.02079
30  52 0.02083
30  53 0.02108
30  54 0.02118
30  55 0.02141
30  57 0.02195
30  58 0.02228
30  60 0.02309
30  61 0.02353
30  62 0.02399
30  63 0.02448
30  64 0.02499
30  65 0.02552
30  67 0.02666
30  68 0.02725
30  70 0.02853
30  71 0.02918
30  75 0.00395
30  76 0.00423
30  77 0.00468
30  78 0.00526
30  79 0.00593
30  80 0.00667
30  81 0.00745
30  82 0.00826
30  83 0.00910
30  84 0.00996
30  85 0.01083
30  86 0.01171
30  87 0.01260
30  88 0.01349
30  89 0.01439
30  94 0.01901
30  95 0.01990
30  96 0.02083
30 100 0.02051
30 101 0.00389
30 103 0.02459
31   1 0.00777
31   2 0.00791
31   3 0.00817
31   5 0.00899
31   6 0.00954
31   8 0.01081
31   9 0.01149
31  11 0.01290
31  13 0.01444
31  14 0.01523
31  15 0.01603
31  16 0.01686
31  18 0.01854
31  19 0.01940
31  22 0.02199
31  25 0.01690
31  26 0.01695
31  28 0.01709
31  29 0.01723
31  32 0.01801
31  36 0.01973
31  37 0.02025
31  38 0.02080
31  39 0.02134
31  40 0.02193
31  41 0.02253
31  42 0.02316
31  43 0.02380
31  44 0.02448
31  45 0.02516
31  46 0.02584
31  48 0.02730
31  49 0.02806
31  51 0.00597
31  52 0.00504
31  53 0.00413
31  54 0.00324
31  55 0.00239
31  56 0.00164
31  57 0.00119
31  58 0.00138
31  59 0.00206
31  60 0.00291
31  61 0.00382
31  62 0.00474
31  63 0.00568
31  64 0.00662
31  65 0.00756
31  66 0.00848
31  67 0.00941
31  71 0.01318
31  72 0.01412
31  73 0.01505
31  74 0.01599
31  75 0.02437
31  77 0.02395
31  80 0.02351
31  81 0.02360
31  83 0.02347
31  85 0.02358
31  87 0.02386
31  88 0.02405
31  89 0.02427
31  91 0.02482
31  94 0.02593
31  95 0.02638
31  97 0.02726
31 102 0.01692
32   1 0.00788
32   3 0.00755
32   4 0.00756
32   5 0.00770
32   6 0.00794
32   7 0.00828
32   8 0.00872
32   9 0.00922
32  10 0.00980
32  11 0.01042
32  13 0.01180
32  14 0.01254
32  15 0.01330
32  16 0.01408
32  17 0.01488
32  18 0.01569
32  23 0.01996
32  24 0.02084
32  25 0.01732
32  26 0.01716
32  28 0.01702
32  29 0.01706
32  30 0.01712
32  34 0.01791
32  35 0.01822
32  36 0.01856
32  37 0.01893
32  38 0.01935
32  39 0.01981
32  40 0.02029
32  41 0.02081
32  42 0.02136
32  43 0.02193
32  45 0.02316
32  46 0.02380
32  48 0.02514
32  50 0.00780
32  51 0.00702
32  52 0.00629
32  53 0.00562
32  54 0.00505
32  55 0.00459
32  57 0.00420
32  58 0.00432
32  59 0.00463
32  60 0.00511
32  61 0.00569
32  62 0.00637
32  63 0.00711
32  64 0.00790
32  65 0.00870
32  66 0.00954
32  67 0.01039
32  69 0.01211
32  70 0.01301
32  72 0.01481
32  77 0.02092
32  80 0.02046
32  81 0.02041
32  82 0.02038
32  84 0.02052
32  85 0.02062
32  86 0.02075
32  87 0.02094
32  90 0.02175
32  92 0.02246
32  93 0.02287
32  94 0.02331
32  96 0.02431
32  98 0.02540
32 100 0.00861
32 101 0.02172
32 103 0.02655
33   0 0.01399
33   1 0.01306
33   2 0.01214
33   5 0.00942
33   6 0.00854
33   7 0.00766
33   8 0.00679
33   9 0.00595
33  10 0.00515
33  11 0.00440
33  13 0.00322
33  14 0.00294
33  15 0.00295
33  16 0.00324
33  17 0.00376
33  18 0.00442
33  19 0.00516
33  20 0.00597
33  21 0.00681
33  22 0.00767
33  24 0.00944
33  26 0.02514
33  30 0.02348
33  33 0.02255
33  37 0.02186
33  38 0.02179
33  39 0.02174
33  40 0.02181
33  43 0.02190
33  45 0.02224
33  46 0.02247
33  47 0.02275
33  50 0.01474
33  52 0.01463
33  53 0.01465
33  54 0.01476
33  55 0.01489
33  57 0.01536
33  58 0.01567
33  60 0.01650
33  61 0.01697
33  62 0.01746
33  63 0.01798
33  64 0.01855
33  65 0.01913
33  66 0.01975
33  67 0.02039
33  68 0.02105
33  69 0.02173
33  70 0.02243
33  73 0.02462
33  74 0.02539
33  75 0.01012
33  76 0.00998
33  77 0.00994
33  78 0.00998
33  79 0.01011
33  81 0.01061
33  82 0.01098
33  83 0.01142
33  84 0.01191
33  86 0.01302
33  87 0.01365
33  88 0.01431
33  89 0.01500
33  90 0.01571
33  91 0.01646
33  92 0.01722
33  93 0.01799
33  94 0.01878
33  95 0.01959
33  96 0.02040
33  97 0.02123
33 100 0.01491
33 101 0.01034
34   2 0.01250
34   3 0.01233
34   4 0.01225
34   5 0.01223
34   6 0.01227
34   7 0.01239
34   8 0.01259
34   9 0.01286
34  10 0.01318
34  11 0.01359
34  13 0.01447
34  14 0.01499
34  15 0.01555
34  16 0.01615
34  17 0.01677
34  18 0.01742
34  19 0.01811
34  20 0.01880
34  22 0.02026
34  23 0.02101
34  27 0.01270
34  28 0.01253
34  30 0.01242
34  31 0.01247
34  32 0.01259
34  33 0.01279
34  34 0.01305
34  36 0.01377
34  37 0.01418
34  38 0.01464
34  39 0.01516
34  41 0.01630
34  42 0.01691
34  44 0.01824
34  45 0.01893
34  47 0.02038
34  48 0.02113
34  49 0.02190
34  51 0.01170
34  53 0.01009
34  54 0.00931
34  55 0.00858
34  56 0.00788
34  57 0.00725
34  58 0.00669
34  59 0.00621
34  60 0.00586
34  61 0.00564
34  62 0.00558
34  63 0.00568
34  64 0.00593
34  65 0.00631
34  66 0.00680
34  67 0.00738
34  68 0.00803
34  69 0.00874
34  71 0.01026
34  73 0.01189
34  77 0.02119
34  81 0.01982
34  83 0.01939
34  84 0.01920
34  85 0.01908
34  86 0.01902
34  87 0.01900
34  88 0.01903
34  89 0.01910
34  93 0.01989
34  95 0.02050
34  98 0.02172
34 100 0.01337
34 101 0.02257
34 102 0.01357
35   2 0.02241
35   3 0.02195
35   4 0.02150
35   7 0.02039
35  10 0.01961
35  19 0.01966
35  22 0.02044
35  23 0.02079
35  24 0.02117
35  25 0.01452
35  26 0.01364
35  28 0.01194
35  29 0.01111
35  30 0.01030
35  31 0.00951
35  32 0.00875
35  33 0.00804
35  34 0.00737
35  35 0.00677
35  36 0.00625
35  37 0.00584
35  38 0.00556
35  39 0.00543
35  40 0.00547
35  41 0.00566
35  42 0.00601
35  43 0.00647
35  44 0.00702
35  45 0.00766
35  46 0.00835
35  47 0.00908
35  48 0.00985
35  49 0.01064
35  50 0.02324
35  52 0.02180
35  54 0.02044
35  55 0.01978
35  56 0.01915
35  57 0.01855
35  59 0.01744
35  60 0.01695
35  61 0.01647
35  62 0.01604
35  63 0.01566
35  65 0.01504
35  68 0.01453
35  69 0.01446
35  72 0.01464
35  76 0.01995
35  77 0.01914
35  78 0.01835
35  80 0.01681
35  81 0.01607
35  82 0.01536
35  83 0.01466
35  84 0.01399
35  85 0.01336
35  86 0.01276
35  87 0.01221
35  88 0.01171
35  89 0.01127
35  90 0.01089
35  91 0.01057
35  92 0.01034
35  93 0.01018
35  94 0.01012
35  95 0.01014
35  96 0.01025
35  97 0.01044
35  98 0.01071
35  99 0.01105
35 100 0.02399
35 101 0.02158
36   1 0.02118
36   3 0.01958
36   4 0.01882
36   6 0.01735
36   8 0.01595
36   9 0.01529
36  10 0.01467
36  11 0.01407
36  13 0.01300
36  14 0.01255
36  15 0.01214
36  17 0.01153
36  18 0.01133
36  19 0.01120
36  20 0.01114
36  27 0.02172
36  28 0.02098
36  30 0.01955
36  32 0.01819
36  34 0.01696
36  35 0.01641
36  36 0.01588
36  37 0.01539
36  38 0.01493
36  39 0.01455
36  40 0.01419
36  41 0.01390
36  42 0.01367
36  44 0.01339
36  45 0.01334
36  46 0.01337
36  47 0.01346
36  48 0.01361
36  49 0.01383
36  50 0.02240
36  56 0.02046
36  57 0.02028
36  58 0.02015
36  61 0.01993
36  62 0.01996
36  63 0.02003
36  64 0.02015
36  66 0.02052
36  67 0.02075
36  71 0.02212
36  72 0.02254
36  73 0.02300
36  75 0.01119
36  77 0.00952
36  78 0.00871
36  79 0.00793
36  80 0.00720
36  81 0.00650
36  82 0.00588
36  83 0.00537
36  84 0.00496
36  85 0.00472
36  86 0.00465
36  87 0.00478
36  88 0.00508
36  89 0.00553
36  90 0.00609
36  91 0.00673
36  92 0.00745
36  93 0.00820
36  94 0.00898
36  96 0.01064
36  98 0.01235
36  99 0.01323
36 101 0.01206
36 102 0.02398
36 103 0.01411
37   0 0.01686
37   1 0.01593
37   2 0.01499
37   3 0.01405
37   4 0.01312
37   5 0.01218
37   6 0.01125
37   7 0.01033
37   8 0.00941
37  14 0.00386
37  15 0.00303
37  16 0.00230
37  17 0.00178
37  18 0.00167
37  19 0.00204
37  20 0.00270
37  21 0.00349
37  22 0.00434
37  23 0.00522
37  24 0.00612
37  26 0.02785
37  30 0.02591
37  31 0.02551
37  32 0.02511
37  37 0.02357
37  38 0.02337
37  41 0.02295
37  42 0.02289
37  43 0.02288
37  44 0.02290
37  45 0.02296
37  46 0.02307
37  48 0.02338
37  51 0.01787
37  52 0.01778
37  53 0.01791
37  54 0.01867
37  55 0.01818
37  57 0.01869
37  58 0.01900
37  59 0.01937
37  60 0.01982
37  63 0.02122
37  64 0.02175
37  65 0.02230
37  66 0.02288
37  67 0.02348
37  69 0.02475
37  70 0.02541
37  72 0.02680
37  75 0.00687
37  76 0.00684
37  77 0.00693
37  78 0.00715
37  79 0.00748
37  80 0.00791
37  81 0.00842
37  82 0.00900
37  86 0.01191
37  87 0.01271
37  88 0.01351
37  89 0.01432
37  90 0.01514
37  92 0.01682
37  93 0.01767
37  95 0.01941
37  97 0.02119
37  99 0.02297
37 100 0.01780
37 101 0.00703
37 103 0.02385
38   0 0.00433
38   1 0.00409
38   2 0.00407
38   3 0.00425
38   4 0.00463
38   5 0.00515
38   6 0.00577
38   7 0.00647
38   8 0.00723
38  13 0.01161
38  14 0.01252
38  15 0.01338
38  16 0.01440
38  17 0.01533
38  18 0.01610
38  19 0.01701
38  20 0.01815
38  21 0.01909
38  22 0.02003
38  23 0.02096
38  24 0.02190
38  26 0.02091
38  27 0.02064
38  28 0.02056
38  30 0.02075
38  32 0.02118
38  33 0.02144
38  36 0.02245
38  37 0.02281
38  39 0.02368
38  40 0.02415
38  41 0.02464
38  43 0.02572
38  44 0.02630
38  45 0.02690
38  47 0.02814
38  50 0.00397
38  51 0.00328
38  52 0.00275
38  53 0.00247
38  54 0.00254
38  55 0.00292
38  56 0.00351
38  57 0.00424
38  58 0.00503
38  59 0.00587
38  62 0.00866
38  63 0.00959
38  64 0.01053
38  65 0.01145
38  66 0.01237
38  68 0.01424
38  69 0.01518
38  70 0.01611
38  71 0.01702
38  77 0.02214
38  78 0.02210
38  79 0.02212
38  80 0.02411
38  81 0.02229
38  83 0.02263
38  84 0.02275
38  87 0.02362
38  91 0.02515
38 100 0.00474
38 101 0.02283
39   0 0.02680
39   1 0.02609
39   2 0.02540
39   3 0.02473
39   4 0.02408
39   5 0.02347
39   6 0.02285
39   8 0.02168
39  10 0.02060
39  11 0.02012
39  13 0.01926
39  14 0.01889
39  15 0.01856
39  16 0.01827
39  19 0.01768
39  24 0.01772
39  27 0.01961
39  29 0.01786
39  30 0.01700
39  31 0.01614
39  32 0.01531
39  33 0.01448
39  34 0.01367
39  35 0.01289
39  36 0.01211
39  37 0.01135
39  38 0.01062
39  39 0.00994
39  40 0.00929
39  42 0.00816
39  43 0.00769
39  45 0.00708
39  47 0.00697
39  48 0.00710
39  49 0.00736
39  52 0.02579
39  53 0.02527
39  56 0.02389
39  57 0.02349
39  58 0.02310
39  59 0.02273
39  60 0.02241
39  61 0.02213
39  63 0.02167
39  64 0.02151
39  66 0.02127
39  68 0.02120
39  72 0.02155
39  74 0.02199
39  75 0.01695
39  76 0.01601
39  77 0.01511
39  78 0.01419
39  79 0.01328
39  80 0.01237
39  81 0.01147
39  82 0.01057
39  83 0.00968
39  84 0.00881
39  85 0.00794
39  86 0.00710
39  87 0.00629
39  88 0.00552
39  89 0.00481
39  90 0.00418
39  91 0.00371
39  92 0.00343
39  93 0.00340
39  94 0.00363
39  95 0.00406
39  96 0.00464
39  97 0.00533
39  98 0.00609
39  99 0.00689
39 100 0.02749
39 103 0.00772
40   1 0.01863
40   2 0.01783
40   3 0.01703
40   4 0.01627
40   6 0.01480
40   7 0.01410
40   8 0.01342
40   9 0.01277
40  10 0.01218
40  11 0.01162
40  13 0.01066
40  14 0.01028
40  15 0.00997
40  16 0.00976
40  17 0.00963
40  18 0.00958
40  19 0.00963
40  25 0.02261
40  26 0.02192
40  27 0.02124
40  30 0.01935
40  31 0.01876
40  32 0.01822
40  33 0.01770
40  34 0.01721
40  36 0.01636
40  38 0.01567
40  39 0.01541
40  40 0.01521
40  41 0.01506
40  44 0.01497
40  45 0.01505
40  47 0.01540
40  48 0.01566
40  49 0.01596
40  50 0.01987
40  51 0.01950
40  52 0.01917
40  54 0.01860
40  57 0.01806
40  58 0.01799
40  59 0.01795
40  61 0.01804
40  63 0.01833
40  64 0.01854
40  65 0.01877
40  66 0.01906
40  67 0.01940
40  68 0.01976
40  72 0.02162
40  73 0.02216
40  74 0.02274
40  75 0.01088
40  76 0.01015
40  77 0.00946
40  78 0.00881
40  79 0.00823
40  80 0.00771
40  81 0.00729
40  82 0.00696
40  83 0.00674
40  84 0.00666
40  85 0.00671
40  86 0.00688
40  87 0.00717
40  88 0.00758
40  89 0.00807
40  90 0.00864
40  91 0.00927
40  92 0.00995
40  93 0.01066
40  95 0.01217
40  96 0.01298
40  97 0.01380
40  98 0.01462
40  99 0.01547
40 103 0.01631
41   2 0.01381
41   3 0.01309
41   4 0.01241
41   5 0.01176
41   6 0.01115
41   7 0.01059
41   8 0.01010
41   9 0.00966
41  10 0.00930
41  11 0.00904
41  14 0.00880
41  15 0.00893
41  16 0.00915
41  17 0.00946
41  18 0.00985
41  19 0.01031
41  20 0.01083
41  21 0.01140
41  23 0.01268
41  24 0.01338
41  29 0.01810
41  30 0.01766
41  32 0.01692
41  34 0.01633
41  35 0.01613
41  36 0.01599
41  38 0.01586
41  39 0.01588
41  40 0.01595
41  41 0.01607
41  42 0.01624
41  44 0.01672
41  45 0.01703
41  47 0.01781
41  48 0.01827
41  49 0.01875
41  50 0.01558
41  51 0.01514
41  53 0.01439
41  54 0.01409
41  55 0.01386
41  56 0.01368
41  57 0.01357
41  58 0.01353
41  59 0.01354
41  60 0.01363
41  61 0.01377
41  62 0.01398
41  63 0.01425
41  64 0.01458
41  65 0.01495
41  66 0.01538
41  67 0.01584
41  68 0.01635
41  69 0.01690
41  70 0.01748
41  73 0.01938
41  74 0.02008
41  77 0.01255
41  79 0.01178
41  82 0.01115
41  83 0.01109
41  84 0.01112
41  85 0.01121
41  86 0.01138
41  87 0.01163
41  88 0.01195
41  89 0.01233
41  90 0.01278
41  92 0.01381
41  93 0.01440
41  94 0.01501
41  95 0.01565
41  97 0.01703
41  98 0.01776
41 100 0.01608
42   0 0.02294
42   1 0.02208
42   3 0.02038
42   5 0.01871
42   6 0.01788
42   7 0.01708
42   8 0.01628
42   9 0.01550
42  10 0.01476
42  13 0.01263
42  14 0.01200
42  15 0.01140
42  16 0.01083
42  17 0.01032
42  21 0.00901
42  22 0.00890
42  23 0.00891
42  27 0.02485
42  28 0.02410
42  30 0.02269
42  32 0.02134
42  33 0.02070
42  34 0.02009
42  35 0.01951
42  36 0.01896
42  37 0.01844
42  38 0.01795
42  39 0.01750
42  40 0.01709
42  41 0.01673
42  42 0.01641
42  43 0.01615
42  44 0.01592
42  46 0.01565
42  47 0.01561
42  48 0.01564
42  49 0.01567
42  50 0.02348
42  51 0.02318
42  57 0.02224
42  59 0.02225
42  60 0.02222
42  63 0.02259
42  67 0.02356
42  75 0.00832
42  76 0.00743
42  77 0.00655
42  78 0.00569
42  79 0.00486
42  80 0.00407
42  81 0.00336
42  82 0.00280
42  83 0.00248
42  84 0.00249
42  85 0.00285
42  86 0.00342
42  87 0.00414
42  88 0.00493
42  89 0.00576
42  90 0.00663
42  91 0.00751
42  92 0.00841
42  93 0.00931
42  94 0.01022
42  95 0.01114
42  96 0.01206
42  97 0.01298
42  98 0.01391
42  99 0.01484
42 100 0.02380
42 101 0.00922
42 103 0.01577
43  15 0.00344
43  16 0.00250
43  17 0.00157
43  18 0.00063
43  19 0.00031
43  20 0.00125
43  21 0.00219
43  22 0.00312
43  23 0.00406
43  24 0.00500
43  26 0.02969
43  31 0.02736
43  32 0.02697
43  33 0.02658
43  34 0.02624
43  38 0.02514
43  40 0.02476
43  41 0.02464
43  47 0.02467
43  51 0.01866
43  53 0.01904
43  54 0.01925
43  55 0.01981
43  57 0.02010
43  58 0.02047
43  59 0.02087
43  60 0.02133
43  66 0.02462
43  67 0.02524
43  69 0.02654
43  70 0.02722
43  71 0.02789
43  72 0.02861
43  75 0.00601
43  76 0.00622
43  77 0.00656
43  78 0.00701
43  79 0.00756
43  80 0.00817
43  81 0.00884
43  82 0.00956
43  83 0.01031
43  84 0.01109
43  85 0.01189
43  86 0.01271
43  90 0.01621
43  91 0.01710
43  92 0.01800
43  93 0.01890
43  94 0.01979
43  97 0.02250
43  99 0.02428
43 100 0.01845
43 101 0.00594
43 102 0.03080
43 103 0.02518
44   0 0.01941
44   1 0.01847
44   2 0.01753
44   3 0.01659
44   4 0.01566
44   5 0.01466
44   6 0.01379
44   7 0.01286
44   8 0.01192
44   9 0.01099
44  15 0.00558
44  16 0.00481
44  17 0.00409
44  18 0.00349
44  19 0.00306
44  20 0.00288
44  21 0.00300
44  22 0.00339
44  23 0.00396
44  24 0.00466
44  27 0.02764
44  29 0.02651
44  30 0.02596
44  37 0.02297
44  38 0.02265
44  39 0.02238
44  40 0.02216
44  41 0.02197
44  45 0.02160
44  46 0.02162
44  48 0.02177
44  49 0.02191
44  50 0.02006
44  51 0.01998
44  52 0.01997
44  55 0.02022
44  56 0.02221
44  58 0.02079
44  59 0.02106
44  60 0.02137
44  63 0.02251
44  64 0.02296
44  65 0.02343
44  66 0.02395
44  67 0.02447
44  70 0.02621
44  74 0.02878
44  75 0.00499
44  76 0.00471
44  77 0.00460
44  78 0.00468
44  79 0.00494
44  80 0.00536
44  81 0.00589
44  82 0.00652
44  83 0.00721
44  84 0.00796
44  85 0.00874
44  86 0.00955
44  91 0.01394
44  93 0.01574
44  94 0.01664
44  95 0.01755
44  96 0.01847
44  97 0.01936
44 100 0.02018
44 101 0.00543
44 102 0.02946
44 103 0.02209
45   1 0.02330
45   3 0.02162
45   5 0.01998
45   6 0.01918
45   7 0.01839
45   8 0.01761
45   9 0.01685
45  10 0.01612
45  11 0.01540
45  13 0.01404
45  14 0.01342
45  15 0.01284
45  16 0.01228
45  17 0.01177
45  20 0.01057
45  22 0.01016
45  23 0.01010
45  24 0.01012
45  26 0.02550
45  27 0.02470
45  28 0.02393
45  29 0.02318
45  30 0.02243
45  31 0.02173
45  32 0.02103
45  33 0.02035
45  34 0.01969
45  35 0.01907
45  36 0.01847
45  37 0.01789
45  38 0.01734
45  39 0.01684
45  40 0.01637
45  41 0.01595
45  42 0.01558
45  44 0.01498
45  46 0.01456
45  47 0.01444
45  48 0.01438
45  49 0.01435
45  52 0.02405
45  55 0.02339
45  56 0.02321
45  59 0.02296
45  60 0.02300
45  62 0.02305
45  63 0.02313
45  64 0.02328
45  65 0.02345
45  67 0.02392
45  68 0.02421
45  69 0.02455
45  70 0.02488
45  73 0.02611
45  75 0.00930
45  76 0.00837
45  77 0.00746
45  78 0.00654
45  79 0.00564
45  80 0.00475
45  81 0.00389
45  82 0.00306
45  83 0.00233
45  84 0.00180
45  85 0.00167
45  86 0.00203
45  87 0.00269
45  88 0.00348
45  89 0.00433
45  90 0.00521
45  91 0.00610
45  92 0.00701
45  93 0.00793
45  94 0.00885
45  95 0.00977
45  96 0.01070
45  97 0.01163
45  98 0.01256
45  99 0.01349
45 103 0.01442
46   0 0.02794
46   1 0.02724
46   2 0.02656
46   4 0.02523
46   5 0.02460
46   6 0.02398
46   7 0.02338
46   8 0.02280
46   9 0.02223
46  10 0.02170
46  11 0.02122
46  13 0.02032
46  14 0.01993
46  15 0.01957
46  16 0.01926
46  17 0.01899
46  18 0.01876
46  20 0.01848
46  21 0.01840
46  22 0.01846
46  23 0.01835
46  24 0.01838
46  26 0.02107
46  29 0.01841
46  32 0.01578
46  33 0.01492
46  34 0.01408
46  35 0.01325
46  36 0.01243
46  37 0.01162
46  38 0.01083
46  39 0.01008
46  42 0.00793
46  43 0.00738
46  44 0.00691
46  45 0.00654
46  46 0.00630
46  47 0.00618
46  48 0.00621
46  49 0.00637
46  50 0.02806
46  51 0.02749
46  52 0.02694
46  53 0.02640
46  54 0.02591
46  55 0.02545
46  57 0.02459
46  59 0.02380
46  60 0.02348
46  62 0.02290
46  64 0.02248
46  66 0.02218
46  67 0.02210
46  68 0.02208
46  71 0.02217
46  73 0.02242
46  75 0.01752
46  76 0.01658
46  77 0.01565
46  78 0.01472
46  79 0.01380
46  86 0.00740
46  87 0.00653
46  88 0.00567
46  89 0.00485
46  90 0.00408
46  91 0.00339
46  92 0.00285
46  93 0.00255
46  94 0.00258
46  95 0.00293
46  96 0.00350
46  97 0.00420
46  98 0.00498
46  99 0.00581
46 100 0.02864
46 101 0.01845
46 103 0.00667
47   1 0.01651
47   2 0.01610
47   4 0.01543
47   6 0.01496
47   7 0.01482
47   8 0.01473
47   9 0.01479
47  10 0.01484
47  11 0.01488
47  13 0.01521
47  14 0.01546
47  15 0.01578
47  16 0.01614
47  17 0.01656
47  19 0.01750
47  20 0.01803
47  23 0.01980
47  24 0.02044
47  26 0.01242
47  27 0.01187
47  28 0.01138
47  29 0.01095
47  30 0.01058
47  31 0.01029
47  32 0.01008
47  33 0.00995
47  34 0.00992
47  35 0.00997
47  37 0.01037
47  38 0.01065
47  40 0.01144
47  41 0.01193
47  42 0.01248
47  43 0.01307
47  44 0.01371
47  45 0.01437
47  46 0.01505
47  49 0.01729
47  50 0.01668
47  51 0.01589
47  53 0.01443
47  54 0.01374
47  55 0.01307
47  56 0.01243
47  57 0.01184
47  58 0.01131
47  59 0.01081
47  60 0.01039
47  61 0.01004
47  62 0.00976
47  63 0.00956
47  64 0.00947
47  65 0.00946
47  67 0.00973
47  68 0.01000
47  69 0.01035
47  70 0.01075
47  71 0.01123
47  72 0.01177
47  75 0.02045
47  78 0.01863
47  80 0.01760
47  81 0.01714
47  82 0.01672
47  84 0.01601
47  85 0.01574
47  86 0.01551
47  87 0.01534
47  89 0.01517
47  90 0.01517
47  92 0.01533
47  93 0.01550
47  95 0.01600
47  96 0.01633
47  97 0.01671
47 100 0.01744
47 102 0.01364
48   2 0.02047
48   4 0.02038
48   5 0.02031
48   6 0.02034
48   8 0.02055
48   9 0.02066
48  10 0.02083
48  13 0.02167
48  14 0.02200
48  16 0.02278
48  17 0.02324
48  18 0.02371
48  20 0.02472
48  25 0.00639
48  26 0.00574
48  27 0.00517
48  28 0.00472
48  29 0.00443
48  30 0.00433
48  32 0.00473
48  33 0.00520
48  34 0.00577
48  35 0.00645
48  36 0.00717
48  37 0.00795
48  38 0.00876
48  39 0.00959
48  41 0.01129
48  42 0.01217
48  43 0.01304
48  46 0.01573
48  52 0.01831
48  53 0.01743
48  55 0.01567
48  57 0.01394
48  58 0.01309
48  59 0.01225
48  60 0.01143
48  61 0.01063
48  62 0.00985
48  63 0.00910
48  64 0.00839
48  65 0.00772
48  66 0.00711
48  67 0.00658
48  69 0.00586
48  70 0.00570
48  71 0.00570
48  72 0.00586
48  73 0.00616
48  74 0.00659
48  75 0.02697
48  77 0.02566
48  78 0.02504
48  80 0.02384
48  82 0.02275
48  85 0.02133
48  89 0.01983
48  90 0.01955
48  91 0.01931
48  92 0.01913
48  93 0.01899
48  94 0.01891
48  96 0.01888
48  97 0.01893
48  99 0.01917
48 100 0.02101
48 102 0.00711
48 103 0.01936
49   0 0.01403
49   2 0.01238
49   4 0.01080
49   5 0.01005
49   6 0.00932
49   7 0.00864
49   8 0.00803
49   9 0.00746
49  10 0.00698
49  11 0.00663
49  13 0.00626
49  14 0.00628
49  15 0.00644
49  16 0.00673
49  17 0.00715
49  18 0.00764
49  20 0.00887
49  21 0.00955
49  22 0.01028
49  23 0.01104
49  24 0.01183
49  25 0.02226
49  26 0.02172
49  27 0.02125
49  28 0.02079
49  29 0.02037
49  30 0.01997
49  31 0.01963
49  32 0.01933
49  37 0.01843
49  38 0.01850
49  39 0.01841
49  46 0.01970
49  50 0.01451
49  51 0.01421
49  55 0.01359
49  56 0.01365
49  59 0.01397
49  60 0.01422
49  61 0.01453
49  62 0.01488
49  63 0.01530
49  64 0.01575
49  65 0.01624
49  66 0.01678
49  67 0.01735
49  68 0.01794
49  69 0.01857
49  70 0.01923
49  72 0.02060
49  74 0.02205
49  79 0.01110
49  80 0.01101
49  82 0.01108
49  84 0.01146
49  85 0.01176
49  86 0.01212
49  87 0.01254
49  88 0.01302
49  89 0.01355
49  90 0.01412
49  91 0.01473
49  92 0.01537
49  94 0.01675
49  96 0.01821
49  97 0.01898
49  99 0.02054
49 101 0.01264
49 102 0.02280
49 103 0.02134
