0.042739 0.028898
0.113791 0.078718
0.285793 0.208306
0.391904 0.294354
0.405556 0.305750
0.543855 0.425173
0.654406 0.525565
0.736984 0.603171
0.870194 0.732586
0.921113 0.783285
1.008532 0.871704
1.119360 0.985913
1.295645 1.170967
1.329249 1.206523
1.452546 1.337161
1.507314 1.395075
1.646059 1.540592
1.799095 1.697376
1.857892 1.756060
1.908121 1.805333
2.023038 1.914536
2.114364 1.997178
2.226787 2.092870
2.311089 2.159574
2.476229 2.275510
2.558095 2.324749
2.673304 2.383539
2.760796 2.419200
2.827321 2.440695
2.947824 2.466302
3.064899 2.473419
3.199700 2.457991
3.288202 2.433100
3.354828 2.406203
3.454938 2.352009
3.545477 2.288141
3.620693 2.223917
3.706728 2.137603
3.861095 1.947018
3.918452 1.864138
4.081761 1.591137
4.123457 1.512480
4.273966 1.197625
4.378859 0.949214
4.403272 0.887957
4.556623 0.473412
4.614628 0.303251
4.794303 -0.269835
4.809816 -0.322533
4.998107 -1.001767
5.017097 -1.074240
5.113276 -1.452015
5.239348 -1.973282
5.344397 -2.428762
5.433141 -2.827354
5.551359 -3.376079
5.642484 -3.811310
5.757760 -4.374795
5.895467 -5.062660
5.997626 -5.579989
6.012478 -5.655516
6.180440 -6.511326
6.249924 -6.864299
6.301328 -7.124132
6.446279 -7.846854
6.508650 -8.151458
6.660218 -8.868869
6.790930 -9.453766
6.854139 -9.722657
6.918524 -9.985783
7.031257 -10.417039
7.188461 -10.945810
7.279648 -11.207878
7.355158 -11.397079
7.463343 -11.620186
7.511184 -11.699534
7.625392 -11.837324
7.741988 -11.897305
7.898051 -11.837805
7.952284 -11.776947
8.078705 -11.549169
8.137139 -11.401477
8.229225 -11.111764
8.371231 -10.522255
8.419391 -10.281460
8.519912 -9.709775
8.607662 -9.132365
8.748527 -8.047909
8.851116 -7.132737
8.979663 -5.833486
9.084951 -4.641157
9.164351 -3.665110
9.256423 -2.450350
9.385385 -0.599722
9.485958 0.963016
9.524572 1.590433
9.693792 4.515152
9.783449 6.176717
9.855641 7.568489
9.932106 9.092958
