0.042739 -0.848078
0.113791 2.529531
0.285793 1.087482
0.391904 0.656815
0.405556 -4.427579
0.543855 1.231371
0.654406 -0.742740
0.736984 -0.905151
0.870194 -0.717235
0.921113 -2.288112
1.008532 0.960692
1.119360 1.297315
1.295645 2.289218
1.329249 3.502341
1.452546 -1.817053
1.507314 2.704469
1.646059 8.291657
1.799095 1.398743
1.857892 0.630741
1.908121 0.594234
2.023038 3.548883
2.114364 -2.509889
2.226787 4.418530
2.311089 -1.797736
2.476229 4.653154
2.558095 2.052241
2.673304 -1.739062
2.760796 3.167662
2.827321 1.857743
2.947824 2.398725
3.064899 -0.103071
3.199700 5.830224
3.288202 2.678355
3.354828 1.244470
3.454938 -0.466265
3.545477 2.245733
3.620693 3.747340
3.706728 4.138677
3.861095 1.651465
3.918452 2.381966
4.081761 0.496800
4.123457 0.299083
4.273966 1.737470
4.378859 -4.616188
4.403272 -4.875127
4.556623 6.313544
4.614628 1.479665
4.794303 -1.485252
4.809816 -2.007126
4.998107 -3.277516
5.017097 -1.615266
5.113276 -0.798214
5.239348 -2.313461
5.344397 1.721127
5.433141 -8.541872
5.551359 -0.367609
5.642484 -4.197291
5.757760 -4.965317
5.895467 -6.439013
5.997626 -2.609401
6.012478 -9.553116
6.180440 -5.672504
6.249924 -8.608154
6.301328 -5.551662
6.446279 -9.598674
6.508650 -6.502312
6.660218 -8.079864
6.790930 -7.803116
6.854139 -8.740180
6.918524 -13.255147
7.031257 -10.582853
7.188461 -13.270254
7.279648 -12.983159
7.355158 -8.102011
7.463343 -16.589210
7.511184 -16.549534
7.625392 -14.209595
7.741988 -8.850862
7.898051 -6.680776
7.952284 -6.433420
8.078705 -10.423617
8.137139 -14.361003
8.229225 -7.502273
8.371231 -10.216687
8.419391 -8.548144
8.519912 -8.019920
8.607662 -9.386968
8.748527 -6.924069
8.851116 -14.256560
8.979663 -7.716012
9.084951 -4.207119
9.164351 -4.423646
9.256423 -1.559138
9.385385 -3.009912
9.485958 1.499583
9.524572 4.448017
9.693792 4.422678
9.783449 8.304804
9.855641 11.773034
9.932106 7.347209
